0.07400012016296387 0.0 0.5
0.255000114440918 0.0 0.4962911753395121
0.4680001735687256 0.03875595897434629 0.4470189714682518
0.7310001850128174 0.04404192599768644 0.3933958939154966
0.9560000896453857 0.01191342794284321 0.3515217055944232
1.178000211715698 -0.00619760153580879 0.314215933268058
1.368000030517578 -0.006833364479202483 0.2849822873374227
1.641000032424927 -0.007780394977037359 0.2502947905770219
1.847000122070313 -0.008672363809533836 0.2245520526226834
2.052000045776367 0.009725839161249148 0.2027363685564112
2.282999992370605 0.01093819481643465 0.1802664497001885
2.583000183105469 -0.007568448730167869 0.1551779602619935
2.828999996185303 -0.008527554827522319 0.1377252309599685
3.050000190734863 0.01000323473019021 0.1228905946072393
3.261000156402588 0.01108562201157817 0.110892121298409
3.461000204086304 -0.007016452198959218 0.1006385410042813
3.759999990463257 3.122095152569946 0.4113651106892472
3.962000131607056 3.122105486871709 0.4115832354008284
4.184000015258789 2.94539775316346 0.4527205228129279
4.401000022888184 2.639343890993062 0.4903706502365029
4.595000028610229 2.374571603589688 0.5167085444979819
4.777000188827515 2.094968043622599 0.53833190881882
4.995000123977661 1.81357949359291 0.5500597788616211
5.202000141143799 1.550286498742376 0.5477831785424813
5.432000160217285 1.237928319347508 0.5311579840567536
5.651000022888184 0.957079253065297 0.5044168287772332
5.867000102996826 0.6171337747540644 0.4637338155105398
6.068000078201294 0.2988907094111832 0.4234519218510676
6.331000089645386 -0.05255302817659491 0.3745941916843454
6.550000190734863 -0.1751339609660754 0.336724552607344
6.831000089645386 -0.1035532551343703 0.2924924373992389
7.049000024795532 -0.01814039441274851 0.2626080891516415
7.279000043869019 0.01874367265909527 0.2349053407804007
7.514000177383423 0.0210724305111496 0.2089486951127384
7.730000019073486 0.004036364745619636 0.1873504033759326
7.96399998664856 0.004503054787035055 0.1679337919067245
8.180999994277954 0.005039947256367583 0.1500443700773402
8.415000200271606 -0.01397828787357724 0.1332470334469255
8.653000116348267 0.003903180509020387 0.1186300000916152
8.930000066757202 0.004489365554448455 0.1031403386923116
9.217000007629395 -2.027628745724411 0.7554429100110694
9.446000099182129 -2.028146969540518 0.7556354809606354
9.634999990463257 -1.965818017522817 0.768848388469307
9.846000194549561 -1.707624815567379 0.77613165489908
10.13300013542175 -1.31784951395992 0.7601457581666166
10.36300015449524 -0.9732672285662727 0.7321257035903614
10.59700012207031 -0.5961560263557391 0.6914462964415109
10.86800003051758 -0.1597076112168199 0.6327921197067198
11.09800004959106 0.1278684775771297 0.5798035896282593
11.33300018310547 0.1983180706226078 0.5275195762038885
11.61800003051758 0.1055846206402284 0.4678200976459653
11.77500009536743 0.02149076255673044 0.4255206533924043
11.94900012016296 -0.03316415471766465 0.3960832969207885
12.21200013160706 -0.03806977400681033 0.3450646401665398
12.43500018119812 -0.02305001027339482 0.3086395485353483
12.68200016021729 -0.006315442535521187 0.2735154180924867
12.96300005912781 0.01283760325692529 0.2373024251950753
13.19600009918213 -0.005188048287884772 0.2111227998724322
13.41799998283386 0.0137103048752758 0.1888717229141214
13.6470000743866 -0.004188047714389409 0.1688005938328281
13.83000016212463 -0.004604634079952596 0.1535291101299712
14.01400017738342 -0.005033818156310987 0.1404392924452076
14.24600005149841 -0.005638160459850328 0.1253860412660213
14.46800017356873 -0.006307630974974554 0.1120781423603825
14.70100021362305 0.01069377629115009 0.100079326356771
14.88800001144409 -2.946201751521875 0.7100094095743029
15.08899998664856 -2.946559046735869 0.7112935441261375
15.31700015068054 -2.891225576714145 0.753842565664446
15.58200001716614 -2.546789225842313 0.8020232362956402
15.81900000572205 -2.230213622984239 0.8330432275854379
16.06900000572205 -1.856083026292997 0.8492135262451893
16.30100011825562 -1.496026020638517 0.8461347056961803
16.54700016975403 -1.133826148932711 0.8266476487768721
16.80200004577637 -0.7483612740331596 0.7852775771310029
17.04700016975403 -0.355990087523371 0.735545423839604
17.27900004386902 -0.02840568686329759 0.6832684261373856
17.56200003623962 0.1596517642806177 0.6197353725826275
17.80000019073486 0.1385067995193381 0.5644822348761119
18.03400015830994 0.03877870307327602 0.5111001183303095
18.28500008583069 -0.03314785779720153 0.4541691787817062
18.56400012969971 -0.03798163359624995 0.3963915377778127
18.86900019645691 -0.003600129256231988 0.3385778263224196
19.13000011444092 -0.004078418802746953 0.2988718773392833
19.39499998092651 0.01538506749983259 0.2598241531619601
19.61400008201599 -0.002299970334264101 0.2336442766491227
19.8360002040863 -0.002573962980808142 0.2087734084266342
20.06300020217896 -0.002887806391731251 0.1860842124765776
20.26999998092651 -0.003182576220915223 0.1688491653142008
20.48699998855591 -0.003554592932858869 0.1511778065941765
20.73000001907349 -0.00400545611813663 0.1341609675288387
20.98000001907349 0.01520306731467191 0.1186727538226427
21.18300008773804 -0.002498231277382468 0.1068918144855227
21.47900009155273 -1.184421098119703 1.232384951415176
21.71300005912781 -1.184749096510736 1.232220593134847
21.93300008773804 -1.096377811185639 1.210897504692405
22.14900016784668 -0.8107999835710582 1.179393572331187
22.36199998855591 -0.4979180319849634 1.138551345469531
22.56599998474121 -0.1563019858967749 1.093500327089988
22.78600001335144 0.07404448818318876 1.042582806424788
23.00200009346008 0.1877474225091014 0.9932442974231166
23.21600008010864 0.1248123815563495 0.9446120963828117
23.44500017166138 0.02213062833603541 0.8935963074240276
23.66500020027161 -0.03199428276551863 0.8443145973958701
23.88499999046326 -0.03408098154299521 0.7926374054381221
24.09700012207031 -0.01769938363853196 0.7446479135250569
24.31500005722046 -0.0002635410235560798 0.6953423637550756
24.56599998474121 -0.0002861670817964068 0.6403644943903805
24.72800016403198 -0.000302556508168017 0.6056760770086845
24.9610002040863 -0.0003346175233236437 0.5476438823174835
25.18300008773804 -0.0003695039565210223 0.4959385064236427
25.39900016784668 -0.0004104954502111013 0.4464147926541748
25.63100004196167 -0.000458440717642894 0.3997272395563412
25.86700010299683 0.01722598233591732 0.353913210979492
26.08500003814697 0.01917633834040355 0.317921740531291
26.30000019073486 0.001916358817568575 0.2858513684737368
26.51100015640259 0.002127438885835886 0.2574898259430279
26.72900009155273 0.002368224799127461 0.2313099531136703
26.94500017166138 0.002631292518696426 0.2081844125782452
27.15000009536743 0.002918815863538704 0.1876768726191668
27.38300013542175 0.00326410362940166 0.1678238469511466
27.67500019073486 0.00380874007637777 0.1438257189108326
27.82100009918213 0.004067900860116769 0.1346628113214284
28.03400015830994 0.004546693245695455 0.120482142289251
28.24700021743774 -0.01433412466441952 0.1084841136140034
28.49600005149841 3.141285955137649 1.103297438459042
28.73300004005432 3.141286136969537 1.103951936897775
28.95000004768372 3.040547047933015 1.155022685178854
29.1780002117157 2.740583936860118 1.198843590219474
29.382000207901 2.432871581345373 1.235077344402143
29.59500002861023 2.096341131581188 1.258401362236783
29.84600019454956 1.702849430547187 1.266893244724715
30.06700015068054 1.375234359301988 1.257710426583114
30.2960000038147 1.02440789863024 1.234130679802782
30.51700019836426 0.6851264854720949 1.195844622996596
30.7960000038147 0.2099233137623698 1.140924437531035
31.03000020980835 -0.07118900227439096 1.087298318655695
31.24600005149841 -0.1476744810737079 1.038505209587648
31.46300005912781 -0.1000351341030091 0.9896516583490327
31.71800017356873 -0.01445956926217065 0.9318616769092697
32.06100010871887 0.04139815653170209 0.8531654721492221
32.26600003242493 0.04387697151842684 0.8049945341870154
32.49900007247925 0.01065579779643652 0.7519973744193362
32.75 -0.00734283952485959 0.6961482321812265
32.99600005149841 -0.007988761772361297 0.6398630146957535
33.2110002040863 -0.008658932057080709 0.5903410100410232
33.44500017166138 -0.009517100207382667 0.5371106612319155
33.7020001411438 0.008917817751383589 0.477989724980755
33.95000004768372 0.01000971357532165 0.4258503407701013
34.16700005531311 0.01124221363964048 0.3791654101616189
34.40200018882751 -0.006982451740554951 0.3372784164194831
34.63800001144409 -0.007805409970819521 0.3017183019612527
34.84700012207031 -0.008698540743225736 0.2707397594227288
35.06400012969971 0.0079980944354206 0.2430337769416022
35.28000020980835 0.008900976825286122 0.2183818787781032
35.48600006103516 0.009866969084622673 0.1970025343031558
35.68200016021729 0.01086568582580566 0.1788957139858088
35.88600015640259 -0.007299775805994529 0.1614428411116204
36.05000019073486 -0.007828739701917969 0.15053484497941
36.26300001144409 0.0107632502683189 0.1346095404535145
36.50300002098083 0.01214058200381946 0.1193389072760721
36.76600003242493 -0.006041670506132996 0.1049401720329763
37.05200004577637 -1.70669238329649 0.9840769366352512
37.29700016975403 -1.707131661429283 0.9841361450864059
37.51700019836426 -1.64695166108313 0.9878246718259387
37.76800012588501 -1.368551467540027 0.9779377707161263
37.99900007247925 -1.046650136186793 0.9526068467924133
38.22800016403198 -0.678077502757269 0.9165770904812756
38.42900013923645 -0.3484456256244091 0.8734920704634266
38.65100002288818 -0.03648182261051658 0.8209469064014947
38.82400012016296 0.1450820870496208 0.7814216523523024
39.02900004386902 0.1723511576886667 0.7373225654628126
39.17900013923645 0.127303966742444 0.6992870681743862
39.3360002040863 0.0602015008946637 0.6749235260900499
39.51600003242493 -0.009096621230888502 0.6264922620785552
39.69300007820129 -0.02852649435321708 0.583093636666344
39.9300000667572 -0.03128885543320914 0.5316293997864288
40.15300011634827 -0.01534004129334865 0.4794932215153257
40.38100004196167 0.002360247176840247 0.4293151306597705
40.61199998855591 0.002634719766144489 0.3845912076376451
40.86600017547607 0.003000691165622182 0.3376856694080411
41.11199998855591 0.003398049370503475 0.2981977964015117
41.35199999809265 0.003832675294084931 0.2643822623456504
41.62700009346008 0.004353593576123194 0.2327484335747127
41.81300020217896 0.004784089996315632 0.2118047006605383
42.05100011825562 -0.01435473492439221 0.1869360203384739
42.28299999237061 0.003480366798454648 0.1664285122057227
42.51600003242493 0.003911020221487593 0.1481026797841366
42.74700021743774 0.00437504134577904 0.1323948509044977
43.01500010490417 -0.01495053007808478 0.1158158439630668
43.29700016975403 0.002889174769582725 0.1003261028543116
43.57800006866455 -3.04617908783307 0.9117972250219077
43.83700013160706 -3.046292927389191 0.9128831001608456
44.08400011062622 -2.917892437267525 0.9643898502709993
44.31599998474121 -2.610318707085441 1.007615454634234
44.55000019073486 -2.264810292115154 1.040107747191784
44.81400012969971 -1.863317542183463 1.057670146186777
45.07100009918213 -1.479103127422274 1.052987386777688
45.33400011062622 -1.075472265338668 1.026050561403574
45.60600018501282 -0.6566357155438016 0.9843413768601595
45.81900000572205 -0.271068522734172 0.9358532259458953
46.06700015068054 0.0439042673929535 0.8800114886316303
46.31100010871887 0.177082891103967 0.8258400804805458
46.53299999237061 0.1339253055436487 0.7751034268902878
46.77900004386902 0.03253966980116907 0.720401546208552
47.03299999237061 -0.0392410981424387 0.6612951056587971
47.26400017738342 -0.04255321929615885 0.6098508743592552
47.49600005149841 -0.02750004501411141 0.5566367029831059
47.7480001449585 -0.01120135609764361 0.4992622323581771
47.9850001335144 0.007025573867499801 0.4442855683246468
48.22900009155273 0.02759510451237546 0.3941242990036211
48.46000003814697 0.01139017366845785 0.3509298949811568
48.66900014877319 -0.006723536427376331 0.3164603448521828
48.94900012016296 -0.007670020837708513 0.2774096097771735
49.22900009155273 -0.008853700087909644 0.2403226224608303
49.46700000762939 -0.01003835369093942 0.2119622824476559
49.69000005722046 0.008303800330621058 0.1892737006823201
49.90100002288818 0.009193971411129098 0.1709484430786844
50.1340000629425 -0.00927755636008154 0.1521868724577881
50.36700010299683 -0.01039518044732279 0.1358251997273066
50.65500020980835 0.008189338494160481 0.1170634525078827
50.96000003814697 0.009397807130925528 0.1020105669768386
