0.190000057220459 0.0 0.5
0.5199999809265137 0.0 0.4949821784005163
0.8069999217987061 0.0 0.437822645397702
1.158999919891357 0.0 0.3649551491269388
1.430000066757202 0.0 0.317176760853594
1.654999971389771 0.0 0.2835791727527032
1.904999971389771 0.0 0.2504179169648109
2.144000053405762 0.0 0.222056316619903
2.424000024795532 0.0 0.1941310485879938
2.66100001335144 0.0 0.1714417683120675
2.891999959945679 0.0 0.153115811166127
3.158999919891357 0.0 0.1350080201766858
3.45199990272522 0.0 0.1162457307177468
3.809000015258789 3.141592653589793 0.4025165587411923
4.08899998664856 3.12413936106985 0.4031710572106902
4.456000089645386 2.680408813745983 0.3451391674193617
4.686000108718872 2.26956531455397 0.3202794479865063
4.934999942779541 1.786418522120717 0.3122803048993664
5.194999933242798 1.335278258535209 0.3140300863988256
5.456000089645386 0.9086712732607327 0.3119096626621858
5.740999937057495 0.4565680910585534 0.2923530092107134
5.994999885559082 0.009848017972402978 0.2634107304937517
6.273000001907349 -0.3376534147826322 0.2356109913503373
6.572999954223633 -0.07626927069563294 0.2044515184075799
6.838000059127808 0.3084312902631288 0.1789508516305842
7.055000066757202 0.3326222840692661 0.1582908617649957
7.306999921798706 0.007099932649782925 0.141517679088524
7.539999961853027 -0.2439435529963365 0.1268162771277284
7.757999897003174 -0.174943192332202 0.1136901156988213
8.105000019073486 -0.9832816587757678 0.8223597448818161
8.32699990272522 -0.9321998560813272 0.8215788206172577
8.559000015258789 -0.851726799624196 0.7917670214007388
8.811000108718872 -0.5397934646143923 0.7468499035387575
9.058000087738037 -0.1350976658281442 0.6970819736678003
9.289000034332275 0.265925643169612 0.6446558126701385
9.513999938964844 0.2899844463710051 0.5953737540608112
9.770999908447266 -0.06045272395700407 0.5382276658897907
10.0460000038147 -0.2265551447886869 0.4802102475981521
10.2590000629425 -0.04280875806419004 0.4347775669776124
10.49499988555908 0.207448883545301 0.3826278267315507
10.72199988365173 0.1194823275685597 0.3438378514569808
10.95900011062622 -0.2154531020125656 0.3058178446052628
11.22199988365173 -0.1695910226267106 0.270041388343376
11.42499995231628 0.1370916696793223 0.2444268104093449
11.67599987983704 0.2364560730286454 0.2162176760771887
11.90799999237061 -0.02227686122051575 0.1926651971259777
12.15799999237061 -0.1838481632195488 0.1698829193820389
12.37599992752075 -0.03132142911244329 0.1541921809835873
12.60999989509583 0.1626930116914904 0.1358636798551404
12.84400010108948 0.007974058414994101 0.1219046085065979
13.08800005912781 -0.126380312685521 0.1102085493727288
13.35999989509583 3.083682288435836 0.7031586063302844
13.55999994277954 3.136042165995666 0.7031586063302844
13.78800010681152 3.007504889222043 0.6604025478237447
14.03999996185303 2.641677813260517 0.6142485969196282
14.29299998283386 2.238321100639442 0.5758870880880936
14.55599999427795 1.745182150598055 0.5636062780885834
14.80399990081787 1.344198621743566 0.5673935522024064
15.03800010681152 0.9590575564631862 0.5615202001475736
15.32500004768372 0.5228067359742363 0.5315423156940784
15.55399990081787 0.1561478353985084 0.4870317413894407
15.78999996185303 -0.2673056220624463 0.4387944790599137
16.0220000743866 -0.286655183685868 0.3893806672235381
16.27800011634827 0.04498017409177368 0.3488086644337919
16.52600002288818 0.2491260980168368 0.308060985707978
16.78999996185303 -0.007363263030649492 0.2696965446046073
17.00699996948242 -0.2020245751284966 0.2431394954209465
17.23799991607666 -0.01626979073639134 0.2180960040904403
17.45600008964539 0.1741117488782304 0.1965279378332831
17.67599987983704 0.08101161933747747 0.1765743396954293
17.90400004386902 -0.1593910356572277 0.1581694503419264
18.11999988555908 -0.1199984429973995 0.1430231810667776
18.33800005912781 0.1162806230950917 0.1275866049127353
18.55399990081787 0.1322275715621695 0.1139774554663443
18.75200009346008 -0.04658382952234419 0.1035157970742725
19.07200002670288 -1.410003798565063 1.221750087692323
19.29299998283386 -1.392726250970288 1.221711424944834
19.49300003051758 -1.197759852472056 1.215309608418919
19.69300007820129 -0.9597233681859967 1.19535625741746
19.90599989891052 -0.6171026372324526 1.159491317790596
20.15899991989136 -0.2101060009265043 1.105972703636143
20.38700008392334 0.1790899017358321 1.058326117006773
20.57299995422363 0.2246073297896523 1.012276515424978
20.78699994087219 0.0537361272351653 0.9690153700639662
20.99000000953674 -0.1619913869017591 0.9229311846940851
21.2260000705719 -0.09989729923212387 0.8683933873244342
21.46000003814697 0.152104530654265 0.8148975787961062
21.67199993133545 0.1624005165335198 0.7682623480778823
21.88700008392334 -0.0480973257647328 0.7187474083981327
22.15499997138977 -0.1854374773776941 0.6605553347444488
22.36999988555908 0.04112286324541614 0.6095129314470833
22.57100009918213 0.1936321168666177 0.5658769703623183
22.80800008773804 0.04468357697823944 0.5130553122402659
23.02600002288818 -0.1598001169195697 0.4645731267476164
23.25600004196167 -0.1051508291866612 0.4130794609502251
23.5239999294281 0.1917098199506366 0.364037638861287
23.8050000667572 0.1055339923147063 0.3153560099431136
24.08899998664856 -0.233808514140291 0.2761301970250375
24.375 -0.09389434857944501 0.2384278190833344
24.63800001144409 0.2470557904453443 0.2095934598543087
24.86100006103516 0.1623994162302456 0.1877014684377367
25.125 -0.2826594705904029 0.1672809277929938
25.34100008010864 -0.3214586135857478 0.1483929487924785
25.55399990081787 -0.02995114566886325 0.1375125188320691
25.75300002098083 0.2132463137299041 0.1254855224935138
25.97399997711182 0.1445395782431724 0.1125829025695266
26.19000005722046 -0.1431745639169342 0.1023699835793459
26.48699998855591 2.987136143509222 1.110249508967448
26.70300006866455 3.004616268061297 1.110465631247798
26.9210000038147 2.801650087160806 1.072384927005747
27.12800002098083 2.515958252216294 1.035420585435336
27.35700011253357 2.144272795174923 1.005975431530223
27.58699989318848 1.745641213676445 0.9937441297655603
27.80399990081787 1.406199858370144 0.9964533107655034
28.00500011444092 1.099245098867986 0.9932410152002317
28.22099995613098 0.7088957003084522 0.963797249205857
28.47099995613098 0.2900950388489365 0.9131710340476796
28.70300006866455 -0.1325933623598878 0.8626792759504182
28.93799996376038 -0.271375709082549 0.811065710644013
29.23799991607666 0.06047029648840141 0.7482564287679689
29.47000002861023 0.2334922828141304 0.6942704460435885
29.69099998474121 0.1033841775788922 0.6458207242194951
29.91899991035461 -0.1875123734623942 0.5935282445184709
30.17300009727478 -0.2088258175753639 0.5376523954813838
30.38800001144409 0.07288253587755111 0.4894616708013763
30.59400010108948 0.2147542151595774 0.4416813349157895
30.8050000667572 0.06694173720979713 0.4004153333928676
31.02099990844727 -0.1564645882966538 0.3608459720066051
31.22300004959106 -0.1151499477320028 0.3263652639620581
31.48799991607666 0.1451316892883785 0.2867404478912366
31.70600008964539 0.124880304590298 0.2571180657391169
31.92199993133545 -0.1097662164523356 0.2314451474955349
32.19099998474121 -0.1282569785401249 0.201825229741805
32.44099998474121 0.1277933496364305 0.1779316760628628
32.67400002479553 0.1631373537205016 0.1602992915948114
32.89400005340576 -0.08639404485678348 0.1446115630131708
33.17599987983704 -0.1796638172532239 0.1258968384563605
33.40400004386902 0.04951397655757095 0.1119380505138613
33.72199988365173 -1.212495678118506 1.013016387526711
33.96000003814697 -1.231167337059221 1.01257955995482
34.20499992370605 -1.052031796395262 0.9964128655026664
34.44300007820129 -0.7373980316913666 0.9610304739875599
34.70499992370605 -0.3047047551162256 0.9080863356628807
34.92000007629395 0.02839475369881406 0.8605442813589201
35.12299990653992 0.3068197753619621 0.8127861624399517
35.31599998474121 0.3221157087581412 0.7754409133611193
35.52099990844727 0.104000002199597 0.7307719223379426
35.73699998855591 -0.2030696283338287 0.6824596109194521
35.9539999961853 -0.1831441497500421 0.6350453959687135
36.18600010871887 0.08333696469098051 0.5801455827700853
36.40799999237061 0.2436492711608649 0.5317487516063412
36.62100005149841 0.07821883720786893 0.4868302542924812
36.83699989318848 -0.1592989005124856 0.4415074529759389
37.14100003242493 -0.1071574091076695 0.3777751941727758
37.37599992752075 0.1507064143554597 0.3359489840175318
37.58899998664856 0.0939528052253582 0.3012921516934091
37.84400010108948 -0.1468589867174082 0.2657332490103032
38.10999989509583 -0.1110263151151223 0.2350320200272359
38.37199997901917 0.1889648521211793 0.2043895880847249
38.62299990653992 0.1999595474434859 0.1794543123088868
38.90799999237061 -0.2648129310317842 0.1561578871629935
39.15400004386902 -0.3058732864714493 0.1376994420646238
39.43799996376038 0.1015069990682145 0.1228864920062887
39.7039999961853 0.2246597534627668 0.1047953094748068
40.00699996948242 3.01365174692475 0.9077767327523659
40.25600004196167 2.961464095799981 0.9086352647853262
40.47099995613098 2.772289666395729 0.8708984191553639
40.72099995613098 2.403376572907577 0.8303674071389394
40.99200010299683 1.951604265311127 0.8030473991556646
41.21900010108948 1.571615093513646 0.8020761021482831
41.40400004386902 1.303196354310475 0.8033010737059507
41.61999988555908 1.039341373946904 0.7967294265496941
41.84100008010864 0.7401272862508721 0.769679517980126
42.05599999427795 0.3973823075608367 0.7310608663805646
42.32399988174438 -0.06011301522137469 0.6704672772792547
42.54299998283386 -0.2519071840825911 0.6224401177394788
42.78900003433228 -0.01255914782912537 0.5692986646163068
43.02699995040894 0.2144426157818788 0.5198171425290519
43.27099990844727 -0.02795556959726575 0.4628924142207979
43.52099990844727 -0.2070854111379186 0.4100911078438865
43.75699996948242 -0.002433825784052601 0.3680337285760287
44.05999994277954 0.1996070689850562 0.3178572507257432
44.33899998664856 0.01407973357442582 0.2731758876004454
44.60400009155273 -0.1816648386604998 0.2415717514662932
44.85500001907349 0.00774982112626077 0.2116913626511007
45.07699990272522 0.1462994184498685 0.1881369007774956
45.38599991798401 -0.04778068933734225 0.1610875122484921
45.63599991798401 -0.1532401203419358 0.1420872078914142
45.89299988746643 0.05985188882493375 0.1261702499285498
46.17899990081787 0.1509949185253703 0.1084554745562714
