0.06999993324279785 0.0 0.5
0.3069999217987061 0.0 0.5
0.6200001239776611 0.03752576589678065 0.4651162744816851
0.8250000476837158 0.02111219316540157 0.4422136816676505
1.002000093460083 -0.01430973299010625 0.4262891240790901
1.210999965667725 -0.01509783324828249 0.4040385799027896
1.440999984741211 0.002479996174240018 0.3837491866090496
1.740000009536743 0.02147120872321474 0.3562661332010634
1.949000120162964 0.004233067951472204 0.338158496201076
2.11299991607666 -0.01373412924092172 0.3255060078562755
2.292999982833862 -0.01429957199699411 0.3126354685628489
2.513000011444092 0.003318119340293194 0.2971457524972083
2.736000061035156 0.003481722270494329 0.2831831991347259
2.924000024795532 0.003650462272184714 0.270093312930754
3.148000001907349 0.003862622333358468 0.255258118880184
3.45799994468689 -0.01458809718391315 0.2378065564942921
3.703000068664551 0.003043916330608762 0.2238439833652554
3.898999929428101 0.003180299875002983 0.2142447189426339
4.109999895095825 0.00335451098050327 0.2031183043116816
4.296000003814697 0.003505101641022558 0.1943917093551853
4.453999996185303 0.003627226658842812 0.1878467662659695
4.598000049591064 -0.01430795187858594 0.1815205735113014
4.736999988555908 0.003250832543779965 0.1756301174008342
4.888000011444092 0.003355021798114586 0.1701759932315008
5.062000036239624 0.003512633735551308 0.1625402227478819
5.25600004196167 -0.01460724824818158 0.15512332865938
5.49399995803833 0.003015695533180882 0.1463967198489245
5.691999912261963 0.003156828189412808 0.1398517663081552
5.890000104904175 0.003295638582053621 0.1339613107242643
6.109999895095825 0.00349484487763837 0.1263255392204373
6.394000053405762 0.003733407461703158 0.1182534440913069
6.622999906539917 -0.01443910647620372 0.1123635413173656
6.839999914169312 0.003180941753385325 0.1064730833307066
6.999000072479248 0.003316868526771509 0.1021097832189004
7.273999929428101 3.140753419212476 0.4035632406536012
7.450000047683716 3.140753872657122 0.4037814067333132
7.64300012588501 3.01411594459843 0.3897116471063226
7.825000047683716 2.756304291524678 0.3767372814668398
8.015000104904175 2.413788804746735 0.3641909338287759
8.243000030517578 1.9556758174867 0.3573849316391723
8.440999984741211 1.618343538821846 0.3568949473172934
8.641000032424927 1.264573327919552 0.357362003800877
8.927000045776367 0.805654380437828 0.3534237542610683
9.157999992370605 0.4168144259023454 0.3448908470507725
9.421000003814697 -0.03622071989005349 0.327439959777282
9.657000064849854 -0.2045327792363865 0.3096889518837701
9.891999959945679 -0.1249506955981401 0.2941548294703366
10.10999989509583 0.0323804419406839 0.2782304465592823
10.30900001525879 0.08764074387776999 0.2669134685796283
10.55399990081787 0.03748644350018093 0.2512158914875358
10.7590000629425 -0.01486900683181114 0.2389988146213759
11.00500011444092 -0.03416180096313548 0.2261341171810996
11.26099991798401 0.0007937970080362788 0.2121714872925508
11.5090000629425 0.0008422984128704236 0.1999541866129206
11.75699996948242 0.0008919299522935908 0.1888277168109561
12.00799989700317 0.0009489417131720579 0.177483081473985
12.22499990463257 0.0009993047801599708 0.168538273298616
12.41100001335144 0.001032725330835316 0.163084122200497
12.54900002479553 0.001081935624129837 0.1556664770235474
12.73900008201599 0.001131076851513146 0.1489033303102798
13.00699996948242 0.001203364468081336 0.1399585239811899
13.27999997138977 0.001283385672948612 0.1312318844598496
13.49600005149841 0.001350752308268088 0.1246869054378538
13.70000004768372 0.001415130104728934 0.1190145907901637
13.92300009727478 0.001497481253154742 0.112469613030023
14.125 0.001570600017092971 0.107233631431414
14.30900001525879 0.001644192155829671 0.1024339821856672
14.57599997520447 -1.34805831968333 0.8155973864643129
14.72300004959106 -1.348580150118826 0.8155011113336974
14.91100001335144 -1.198539841717387 0.8133947520617208
15.08400011062622 -0.9649589096201676 0.8076060547724152
15.30399990081787 -0.613273116008944 0.7919647487582308
15.45600008964539 -0.3621534580815009 0.7744733754473131
15.64800000190735 -0.06912981534736473 0.7403357572119393
15.80900001525879 0.109092816619009 0.7153907575509598
15.97499990463257 0.1871920843850283 0.6840703775308675
16.15599989891052 0.1045618696884323 0.6574173310670648
16.32400012016296 0.01853802220147172 0.6343057722641008
16.48699998855591 -0.03521442704985489 0.6092316035665704
16.68700003623962 -0.05511378120843902 0.5822182537119345
16.90700006484985 -0.003740461991953437 0.5538624071712862
17.125 0.03204394190522231 0.5241959975516872
17.38899993896484 0.01553455356582845 0.4923473484390199
17.61100006103516 0.01640693210806332 0.4661707458861009
17.80900001525879 -0.001096657078001106 0.4447904748160912
17.9760000705719 -0.001139701167609308 0.4279916912637265
18.17499995231628 -0.001195139737472539 0.4081385845432784
18.39300012588501 -0.00125907722799723 0.3874128152696469
18.61100006103516 -0.001325510629956783 0.3679960435437429
18.80599999427795 -0.001382900200185722 0.3527244265856138
19.0220000743866 -0.001455837487769562 0.3350529856979472
19.2720000743866 -0.001547534558879793 0.3151998878206388
19.53800010681152 -0.001650340243478432 0.2955649588091268
19.75999999046326 -0.001741613678012399 0.2800751839584863
19.99000000953674 -0.00183449815582537 0.2658944064397631
20.21099996566772 -0.001937848288541488 0.2517136314735259
20.43799996376038 -0.002040420076620642 0.2390600194129547
20.69000005722046 -0.002171194481455307 0.2246610849787715
20.96000003814697 -0.002315075772564512 0.2106984860542508
21.17700004577637 -0.00244147604409739 0.1997902090572516
21.40400004386902 0.01582391141396511 0.1895376175516688
21.60500001907349 -0.001708021385387504 0.1808109834349001
21.8529999256134 -0.001820018906127707 0.1696845267474839
22.04200005531311 -0.001898112761933968 0.1627032217983359
22.28699994087219 -0.00201138830333969 0.1535402607167614
22.5220000743866 -0.002123001841759065 0.1454681301610478
22.76099991798401 -0.002251304919830277 0.1371778360259462
22.98000001907349 -0.002372022877243918 0.1301965376585894
23.22399997711182 0.01599235892673034 0.122779782832859
23.44400000572205 -0.001543196256061696 0.1162348055157365
23.68700003623962 -0.0016287966773052 0.1101261608109653
23.90700006484985 -0.001717247721714221 0.1044538486748558
24.21099996566772 3.042525331098394 0.7031491965630191
24.43799996376038 3.042556008999001 0.7033662933479911
24.67400002479553 2.784227412090134 0.6732386380591916
24.8989999294281 2.404182518176993 0.6479888328586161
25.09299993515015 2.077745307534403 0.6365605051352242
25.26500010490417 1.775741488052877 0.6331756444720745
25.43900012969971 1.501223928056887 0.6336855822209085
25.65799999237061 1.134740698477679 0.6337379607167125
25.85500001907349 0.8137520807684364 0.627812264974044
26.03200006484985 0.515280344238489 0.6122901915190998
26.20700001716614 0.2429194504520114 0.5964665968867202
26.4539999961853 -0.1104229988792689 0.5653706766391895
26.69400000572205 -0.1542210161688402 0.5330118009584406
26.9210000038147 -0.01691699671783997 0.506206719139383
27.15000009536743 0.07341024304576926 0.479633674138478
27.36199998855591 0.05898708479821568 0.4550215734643947
27.57400012016296 0.006971489532071828 0.43255097844263
27.80699992179871 -0.01105616121346475 0.4100811663825595
27.99399995803833 -0.01156690507409053 0.3919745332433651
28.17000007629395 -0.01199414149799338 0.3780128677699139
28.36899995803833 0.005744260042272131 0.3592508724914907
28.57100009918213 0.006026039701890085 0.3424523691865047
28.78699994087219 -0.01121745612638936 0.3254358176573901
29.00600004196167 -0.01181964097178412 0.308856288933418
29.23000001907349 0.005150871919914479 0.2927130020601101
29.43700003623962 0.005408878295217967 0.2787505625462638
29.67199993133545 0.005717648820635191 0.2636973305194423
29.89300012588501 0.006032050256989052 0.2499530996767804
30.14400005340576 -0.0121193825279704 0.2355551298773415
30.33299994468689 0.005587484119967456 0.2248651475083619
30.49300003051758 0.005795529287942358 0.2167931304154075
30.63000011444092 0.005975941903592741 0.2102482590587719
30.85800004005432 -0.01209216580699479 0.1995588592028938
31.1029999256134 0.005697475818411846 0.1877780666757286
31.30900001525879 0.005982448175390509 0.1788334067001374
31.5220000743866 0.006289351604065629 0.1701069246128268
31.72300004959106 -0.01170432737026772 0.1622534560991058
31.9210000038147 0.005264379009325637 0.1554907754071356
32.12299990653992 0.00554443191796139 0.1476369083938556
32.34299993515015 0.005846829595594016 0.1400012166824933
32.55900001525879 0.006153688197455764 0.1330200252665194
32.77800011634827 -0.01190487062618573 0.1262573293005898
32.97300004959106 0.005778056859097269 0.1212395881343068
33.20700001716614 -0.01148881654921308 0.1142584457864711
33.41100001335144 -0.01208895379650077 0.1085865196208918
33.66199994087219 0.004839824579505603 0.1022601006377418
33.94400000572205 -1.369864475007043 1.213292694127152
34.16100001335144 -1.369512109043239 1.213379853757956
34.39000010490417 -1.168974348305342 1.209213380029865
34.60400009155273 -0.8312588877085316 1.197666148650143
34.82400012016296 -0.4801537823442583 1.165366148120766
35.03699994087219 -0.1015630078574432 1.122617971838636
35.2590000629425 0.1485895208164001 1.074167469352288
35.47300004959106 0.1926745133906866 1.023587750162377
35.68799996376038 0.05710709767594757 0.9759854608823859
35.8970000743866 -0.04926268510942933 0.929325284988999
36.08599996566772 -0.08818006031453596 0.8871580200360936
36.30200004577637 -0.02014018475476043 0.8428975493623357
36.53399991989136 0.03401539693018485 0.7984160396820545
36.74000000953674 0.01817485121285323 0.7602582070224879
36.94400000572205 0.0007578783899351293 0.7238244688490716
37.1029999256134 -0.01723030202114195 0.701356586751547
37.29200005531311 -0.01812085672819919 0.666891715171179
37.50399994850159 -0.0007012887640787113 0.6348212976727523
37.72399997711182 -0.0007372677949337714 0.6038417114586605
37.9539999961853 -0.0007804074916837322 0.5704622991170161
38.18700003623962 -0.000824555198889243 0.5399190470342421
38.40899991989136 -0.0008706412181220813 0.5113392907914236
38.62400007247925 -0.0009167978095394602 0.4855956945988051
38.85599994659424 -0.0009676632234665306 0.4600702656108538
39.01099991798401 -0.001006812673708168 0.4421806494924448
39.20600008964539 -0.001053597475957346 0.4225457058216447
39.39000010490417 -0.001098399863938226 0.4053105894310585
39.53999996185303 -0.001138858674016419 0.3909116321080977
39.72499990463257 -0.001192082358030255 0.3734583514355644
39.89000010490417 -0.001225000802214993 0.3634227155641302
40.05800008773804 -0.001285988076700662 0.3461876027762458
40.28099989891052 -0.001354264244332271 0.3287343254543453
40.48799991607666 -0.001423214419775221 0.3128082113779723
40.70300006866455 -0.001485372218143155 0.2997182558241306
40.90899991989136 -0.001563920705805799 0.2846648085103086
41.11299991607666 -0.001641940067933945 0.2711385241742008
41.375 -0.001754903855628598 0.2536852567996199
41.64000010490417 -0.001848705772709458 0.2408134744461574
42.08999991416931 -0.002069993471965681 0.2150699172371564
42.44199991226196 0.01687224672957477 0.1960919247652781
42.91000008583069 -0.01920159596087423 0.176240735383569
43.20000004768372 -0.02063172062432006 0.1640258505558506
43.48000001907349 -0.00343422228647583 0.1518086124703893
43.67300009727478 0.01460681548035314 0.1457005855242603
43.93499994277954 -0.003052133040467808 0.1358831511280307
44.21099996566772 -0.003256011600313968 0.1273747133022278
44.41700005531311 -0.00342619343031636 0.1210479300538412
44.60199999809265 -0.00358785390225691 0.1155938096644129
44.7720000743866 -0.003699571933140078 0.1121031743270677
45.01399993896484 -0.003945265968070544 0.1051219082679654
45.36299991607666 3.102321634822584 1.102860970198217
45.60800004005432 3.102321634822584 1.102860970198217
45.8050000667572 2.974727310954353 1.067347342758963
45.9909999370575 2.717123115591579 1.033447243082806
46.21200013160706 2.370924487832374 0.9958057281396089
46.4210000038147 2.042975812706546 0.9767845948287976
46.67400002479553 1.660701700120981 0.971923779300703
46.94199991226196 1.248496501402385 0.9748964417723524
47.19199991226196 0.8583550066871979 0.9662374045126697
47.45799994468689 0.4027825198649042 0.9346707785334283
47.70700001716614 -0.03302926727142896 0.8864679903246447
47.8970000743866 -0.2344108829356664 0.8496177905990432
48.10400009155273 -0.2822631954487367 0.8116211633627055
48.32599997520447 -0.09688479061793398 0.7727111860651155
48.53999996185303 0.0807400854084781 0.7365715350448123
48.75500011444092 0.1398722301666231 0.7011248212121135
49.05900001525879 0.02014956394075362 0.6527210987045787
49.32400012016296 -0.07138413689622602 0.6137628695353736
49.5460000038147 -0.03940372113213808 0.5808667219175123
49.84200000762939 0.0325484072634703 0.5427065374059298
50.22499990463257 -0.00105628605051411 0.4942790297357791
50.46200013160706 -0.01959952078517002 0.466795080069141
50.6710000038147 -0.02058056358988569 0.4445466200324416
50.85899996757507 -0.003266748605101455 0.425566261369168
51.09599995613098 0.01419638080554009 0.4011322396057011
51.33899998664856 0.0150128636951905 0.3793179487840399
51.54200005531311 -0.002568976084946328 0.3603375526666359
51.69600009918213 -0.002652485156075635 0.3489929511808094
51.92400002479553 -0.002801337080762245 0.3304488967744278
52.19600009918213 -0.002997239147521924 0.3088505379542187
52.42300009727478 -0.003153151747013361 0.2935789791633939
52.71000003814697 -0.003392663000357565 0.2728533051537468
53.02699995040894 0.01511181041944987 0.253874866001271
53.2409999370575 -0.002473255549635844 0.2403486034642682
53.45499992370605 -0.002598253436157272 0.228785834321919
53.63000011444092 -0.002701289397544215 0.2200592186864998
53.82500004768372 -0.002833309195312772 0.2098054485702247
54.05800008773804 -0.00299856604026516 0.1982426913937466
54.36299991607666 -0.00323341860721893 0.1838437948681849
54.58899998664856 0.01418104872641557 0.1746809898240193
54.75099992752075 0.01469491637332343 0.1685729739199741
55.00999999046326 -0.002949218967705391 0.1576647104648229
55.27800011634827 -0.003145055157087739 0.1478472789531096
55.54399991035461 -0.003352850960912868 0.1386843486914491
55.81299996376038 -0.003571997578589503 0.1301759195383022
56.03699994087219 -0.003754472256589203 0.123849143424149
56.24500012397766 -0.003956593849706813 0.1175223718778091
56.47300004959106 -0.004173527479978567 0.1114137699317051
56.72399997711182 0.01410854174357645 0.1048693983552006
56.91899991035461 -0.003505175060714905 0.1000697710476177
57.10800004005432 -1.354864748714717 1.016502936525085
57.29299998283386 -1.355703463012387 1.016316319073791
57.44300007820129 -1.274228573870408 1.0146678119084
57.77600002288818 -0.7464595104626177 1.001218832171382
58.02900004386902 -0.3248641257640124 0.9642634618344619
58.25500011444092 0.07814758433817026 0.918699074888184
58.47499990463257 0.2285340260641275 0.8761471440210294
58.66000008583069 0.2019692546701979 0.8404234848415407
58.82699990272522 0.06490200988494443 0.8073292946848768
58.97200012207031 -0.02301750181557782 0.784427744076715
59.19300007820129 -0.07955477443435566 0.7433179096506991
59.40700006484985 -0.02864054740774247 0.7058079432976007
59.62800002098083 0.02496953534212132 0.6704754915391803
59.80399990081787 0.02593133724366581 0.6456126011502958
59.9779999256134 0.008873863478197741 0.6168157517632104
60.20300006866455 -0.009036476380457792 0.5856192007230061
60.39400005340576 -0.009470426952127298 0.5587859117014589
60.61100006103516 0.008406243797067781 0.5306434218032235
60.82800006866455 0.008842493289788145 0.504464456022922
61.03200006484985 -0.009053216680825038 0.4798126412411551
61.29299998283386 -0.009626611482052461 0.4512341201197796
61.48799991607666 0.008170350188581921 0.4322542713700999
61.69000005722046 0.00858637964665121 0.4113110549900115
61.91199994087219 -0.009347856835207224 0.3901498148318499
62.14599990844727 -0.009878123876061906 0.3692068307752602
62.39300012588501 0.008005646513710829 0.3493543125183192
62.64100003242493 0.00851618984589475 0.3284110754445621
62.90300011634827 -0.009505400505508632 0.3087769553556867
63.06100010871887 -0.009896985820002868 0.2965602252575654
63.29299998283386 0.007978923420673745 0.2808527355131628
63.49699997901917 0.008362166659759751 0.2679813616876767
63.6949999332428 -0.008847902606675007 0.2559826640524736
63.92300009727478 -0.009358348474700406 0.242020608097849
64.13800001144409 -0.009837191227161313 0.2302401779200959
64.42600011825562 -0.01053602364886785 0.2149693383715162
64.59200000762939 0.007194732038566798 0.2066792307194301
64.72900009155273 0.007430018927393256 0.2001344209612804
64.89300012588501 0.007742290497021465 0.1920625053463195
65.10800004005432 -0.010173229934753 0.1833362901453444
65.3199999332428 0.007672661586585861 0.1739554074181007
65.53999996185303 -0.01029719065186008 0.1652292005979064
65.79200005531311 0.006716709005470278 0.1556303658077378
65.97200012207031 0.007011576161223054 0.1490855352292553
66.14400005340576 0.007300002414535101 0.1431951997539962
66.34400010108948 0.007674142739824141 0.1362140782961977
66.60700011253357 -0.01039516388306971 0.1281423407928426
66.89000010490417 0.006593254408559623 0.1198524368903979
67.04999995231628 0.006868302871046339 0.1150528901219263
67.20300006866455 0.007069378162370299 0.111780477221444
67.44199991226196 0.007540308206241519 0.1047993462832078
67.59999990463257 0.007800111839591395 0.1013087904306884
67.82999992370605 3.046120926348309 0.9040253489385452
68.14599990844727 3.046097915854493 0.9038081765423001
68.34400010108948 2.862986581157523 0.8713146272351491
68.54699993133545 2.54122218392054 0.8381377607706276
68.7260000705719 2.270996193366535 0.8195817173488741
68.9909999370575 1.779993502278172 0.8106418643395821
69.24300003051758 1.358901350547351 0.8129960534163334
69.52699995040894 0.910631297106077 0.8098782017784737
69.80800008773804 0.4566215591847875 0.7853244572202752
70.07800006866455 0.02388738859339146 0.7435348813352456
70.36199998855591 -0.2515172705154338 0.698561717228018
70.54699993133545 -0.2444969345100159 0.6693121733999102
70.78699994087219 -0.03944671261208299 0.6354031468139619
71.15799999237061 0.1846548027981942 0.5807100936586341
71.37800002098083 0.1221479315993372 0.5500074384692607
71.54500007629395 0.03615765678910332 0.5306028937945322
71.73699998855591 -0.0710633241876355 0.5070771724214543
71.91000008583069 -0.09240732464713997 0.4857842705174012
72.06100010871887 -0.04172070192704869 0.4720631791428513
72.22499990463257 0.01043254801228599 0.451119818653635
72.40199995040894 0.02909577742303604 0.4323651401685523
72.60400009155273 0.01216419384032719 0.413822329973397
72.74699997901917 -0.005028654271995947 0.4026965881062363
72.92600011825562 -0.005253499255701399 0.3854616894013475
73.09700012207031 -0.02369929690078898 0.3693217375312104
73.30299997329712 -0.006563954362619917 0.3514324794208006
73.47099995613098 0.01133254260747574 0.3376888596130284
73.66000008583069 0.01188539148473566 0.321981954199413
73.87400007247925 -0.005849295321858961 0.3064924093254404
74.07800006866455 -0.006137638846070104 0.2920937014633687
74.32200002670288 -0.006491583756897512 0.2761678893102311
74.55599999427795 -0.006865825885243204 0.2611147599776317
74.79200005531311 0.01120536469133793 0.2467166477612046
75.01099991798401 -0.006585693331166098 0.2340632710125567
75.24600005149841 0.01150000308271615 0.2211922721131549
75.47300004959106 -0.006275129906387455 0.2098478438791643
75.67600011825562 -0.006597501746324674 0.1995942467777463
75.87400007247925 0.01136510688235504 0.1906499861486698
76.11199998855591 -0.006442029402937699 0.1801782159928929
76.35700011253357 -0.00682200120017562 0.1701427933139975
76.57699990272522 0.01123641149878818 0.1609803620291457
76.80699992179871 -0.005689755161985666 0.1524724020050997
77.04100012779236 -0.006007817300397456 0.1444003921793863
77.2739999294281 -0.006353377112932712 0.1365465604378969
77.49500012397766 -0.006707004512257697 0.1293472306655298
77.73900008201599 0.011379668143082 0.1221481877060685
78.00799989700317 -0.00646629823112832 0.114730684044503
78.24399995803833 -0.006857491083700928 0.1081858444597514
78.45600008964539 0.01113468790469607 0.1029501655741233
