0.1200001239776611 0.0 0.5
0.4140000343322754 0.0 0.5
0.5840001106262207 0.0 0.4840738705755517
0.8040001392364502 0.0 0.4596392610476311
0.999000072479248 0.0 0.4402224731191942
1.205000162124634 0.0 0.4177513589997672
1.434000015258789 0.0 0.3970255741323346
1.622000217437744 0.01823481380391346 0.3800113217416528
1.831000089645386 0.0008241021357620335 0.3603763739796953
2.068000078201294 0.000869919414447162 0.3413959251678241
2.288000106811523 0.0009180252153009824 0.3235063074782801
2.486999988555908 0.0009648750580181011 0.3077983511672276
2.700000047683716 0.00101222758057439 0.2933993918698157
2.903000116348267 0.001062805609641159 0.2794367653643693
3.140000104904175 0.001124247372111512 0.2641651435331211
3.350000143051147 0.001180808660172051 0.2515115148551459
3.587000131607056 0.001251363400874898 0.237330725159613
3.846000194549561 0.001329585512400011 0.2233681027591346
4.043000221252441 0.001396416379945508 0.2126779710146202
4.201000213623047 0.001448419217688438 0.2050421632592299
4.396000146865845 0.001511125218066733 0.1965336924671932
4.557000160217285 0.001577675750431707 0.1882433884025443
4.754000186920166 0.00165436949749513 0.1795167535310995
4.920000076293945 0.001714805401557058 0.1731899439669625
5.076000213623047 0.001784490582644843 0.1664268034632855
5.205000162124634 0.001830071765181354 0.1622816532583117
5.466000080108643 0.00194791371295736 0.1524641937146169
5.633000135421753 0.002035284363773902 0.1459192219936207
5.819000005722046 0.002120901113029655 0.1400287484816803
5.976999998092651 0.00219617771127438 0.1352291042167909
6.157999992370605 -0.0160059353738714 0.128903058181069
6.367000102996826 0.001511303485292588 0.1234489102337826
6.58899998664856 0.0016018942124322 0.1164676016765074
6.817000150680542 0.001687227701655152 0.1105771234113108
6.983000040054321 0.001756539935108022 0.1062138067470764
7.172000169754028 0.001839672134919763 0.1014141590590313
7.419000148773193 3.141130895825356 0.4040402095408892
7.580000162124634 3.123821531554832 0.4073121809696125
7.729000091552734 2.988682307075166 0.419167212872416
7.884999990463257 2.772114283568644 0.4326367621701327
8.043000221252441 2.511925232152236 0.4448854542876072
8.235000133514404 2.211138049416122 0.4558157878020781
8.481000185012817 1.826928790534715 0.4625726071256807
8.700000047683716 1.491518060168342 0.4612627922235308
8.896000146865845 1.186568812588378 0.4542707599668359
9.133000135421753 0.8240911840213574 0.439034162700255
9.354000091552734 0.5010252851369135 0.4187734571058673
9.56600022315979 0.25206982814335 0.4000837521861044
9.784000158309937 0.1374393109071992 0.3804502762706213
9.983000040054321 0.07104546735766171 0.3621683253568256
10.17300009727478 0.03789623943607978 0.3453810332037724
10.3360002040863 0.02115099579460455 0.3338207266326416
10.56700015068054 0.003909785361381424 0.3157130665372577
10.7720000743866 0.004108521673937382 0.3004415582395912
10.96800017356873 0.004308765370335976 0.2864790478113076
11.18300008773804 0.004529528212996681 0.2725165500472221
11.40400004386902 -0.01362166100734363 0.2585551450262294
11.62100005149841 0.004035961092244023 0.2454652768498514
11.83700013160706 0.004243391191035784 0.2334662409918385
12.08400011062622 0.004504358727640323 0.2199400685578934
12.29900002479553 -0.01289126949047326 0.2088138685675756
12.5 -0.01349764453997082 0.1994335399942055
12.72300004959106 0.004174863576772658 0.1889616509507448
12.9300000667572 0.004392954437757446 0.1795805922461731
13.15100002288818 0.004623234432293621 0.1706358706625904
13.36700010299683 -0.01352155539199629 0.1619099813512173
13.58400011062622 0.004143918534362356 0.1536197349403596
13.80000019073486 0.004341205946164273 0.1466384807278517
13.97000002861023 -0.01370330673906661 0.1403122305789161
14.15799999237061 0.00392706040015689 0.1339854586260752
14.35300016403198 0.004107646935674225 0.1280950199101813
14.55200004577637 0.004305642531798881 0.1222045857743684
14.76500010490417 -0.01378760327441508 0.1165327798213627
14.98600006103516 0.003876132393768827 0.1102060062307535
15.19900012016296 0.004069476392087878 0.1049700597705048
15.45100021362305 -1.762771363837994 0.7764376099727341
15.66900014877319 -1.762771363837994 0.7764376099727341
15.89900016784668 -1.638857075048528 0.7794260386461325
16.15100002288818 -1.295103877149986 0.7681725480903768
16.40200018882751 -0.9021139993195364 0.7434958604104276
16.63100004196167 -0.5126151007096196 0.7082085250134765
16.84200000762939 -0.2637617181077416 0.6760542913766451
17.03700017929077 -0.1126492570674891 0.6444472060776779
17.28200006484985 -0.04535320409841148 0.6087027059403344
17.52300000190735 -0.01107369929538482 0.5742344470005558
17.78600001335144 -0.01175236687582881 0.541075349028351
18.0 0.006011164060321095 0.5131505594833674
18.23699998855591 0.006374306833298204 0.4839168545954064
18.5220000743866 0.006800460699718958 0.4535924161091487
18.77100014686584 0.007216999803138613 0.4274131197682222
19.00200009346008 -0.01080431526857928 0.4049432482465471
19.22100019454956 0.006995722136428517 0.3848724286487028
19.48900008201599 -0.01118680175308384 0.3597847881838544
19.80200004577637 0.006753838477416396 0.33382356494683
19.9850001335144 0.007029477772839243 0.3207339062850601
20.19700002670288 -0.01095276645021692 0.3052449933972539
20.38100004196167 -0.01149499451492697 0.2908469334880722
20.57000017166138 0.006219554691559548 0.2786298550976116
20.81400012969971 0.006558479802889705 0.2642311824405123
21.00200009346008 -0.01144277836882823 0.2515783341004058
21.23900008201599 -0.01210404184610625 0.2378348180609815
21.4520001411438 0.005628029499678888 0.2260540229470264
21.76500010490417 0.006029548799771689 0.2110008135635953
22.00999999046326 -0.01168964308318343 0.2062014785888087
22.46500015258789 0.006514982157057814 0.1824218140014658
22.77600002288818 0.007138166422941739 0.1664960548981331
23.03299999237061 -0.01093101707174182 0.1571154390483508
23.27900004386902 -0.0115230244782456 0.1490437996298743
23.53700017929077 0.006338502754642539 0.1394446691576888
23.91800022125244 0.006899840767868426 0.1281002770958161
24.16800022125244 -0.01126317794777831 0.1200286090501686
24.65500020980835 0.00683624503885194 0.1086842089477302
25.28400015830994 -3.061033636371705 0.7078129769588585
25.58899998664856 -3.043580343851762 0.7078129769588585
25.99400019645691 -2.631033499228432 0.7628484561217362
26.26700019836426 -2.154326808070235 0.7899248952328056
26.51100015640259 -1.791988424132236 0.801523984841866
26.79100012779236 -1.397218862020377 0.7918392303229019
27.10000014305115 -0.8192541796744748 0.7627691573908724
27.46700000762939 -0.1953718953753973 0.6898707814434267
27.72100019454956 0.08905599948382958 0.6498780499284376
27.99200010299683 0.2247106761124049 0.6086352535798275
28.25500011444092 0.1647130936135257 0.5726653007247688
28.55599999427795 0.08283691761196388 0.5354784928193786
28.88700008392334 0.01490719499562054 0.4979677513072598
29.11800003051758 -0.002725188381287325 0.4652429413648024
29.44700002670288 -0.02184833775218675 0.4296896964103052
29.7020001411438 -0.004647531032177632 0.4063461560757624
30.04100012779236 -0.005019428082390309 0.3762395776446221
30.7590000629425 -0.006059457945704061 0.3116633773763635
31.14500021934509 -0.006671208270424112 0.2830841885259253
31.49100017547607 -0.007246421415765258 0.2606136175579667
31.88800001144409 -0.007908450686279656 0.2387976270380136
32.21700000762939 0.01039995494426482 0.2191636474860151
32.55599999427795 0.01131204061657565 0.2014932282762939
32.96000003814697 -0.006812480178882252 0.1816405233324789
33.2810001373291 -0.007370164531675494 0.1678964005202679
33.65400004386902 -0.008050079947297784 0.1537160210221209
33.98100018501282 -0.008718248081726276 0.1419354619783602
34.26300001144409 -0.009289380743861431 0.1332091690890128
34.63600015640259 0.008972083145606602 0.1212104699311173
34.98200011253357 0.009743729506292542 0.111611578635437
35.25800013542175 -0.00825840632914332 0.1041941654492735
35.43300008773804 -0.008544661640605522 0.1007036301042226
35.68500018119812 -1.268617747014223 1.225637689136857
36.007000207901 -1.251840551877125 1.225363763050853
36.29000020027161 -1.10245754161737 1.198874900240032
36.53700017929077 -0.7328181317425102 1.160803005351886
36.76500010490417 -0.4205120399349376 1.112302344147251
37.11500000953674 0.01204414862862802 1.036321649221347
37.3510000705719 0.1232879383705434 0.9817390238954158
37.84800004959106 0.08246756632751939 0.8655081723203631
38.12100005149841 0.03199452354860544 0.8144818779087917
38.30900001525879 -0.003055278338981893 0.7763029703639392
38.54100012779236 -0.003231457937641125 0.733978944936561
38.75200009346008 -0.003386472023439779 0.70038154066877
39.11500000953674 -0.003711325128314513 0.6390772359398971
39.34400010108948 -0.003903199129788426 0.6076615369499251
39.62600016593933 -0.004190561540148963 0.5659921418456194
39.82100009918213 -0.004381400476260566 0.5413395924798474
40.05000019073486 -0.00463349198909313 0.5118874603115507
40.2720000743866 -0.004881046639192199 0.4859259812670788
40.46399998664856 -0.005069975974195451 0.4678184143320195
40.69600009918213 -0.005389153456371254 0.4401116909746408
40.98800015449524 0.01292248695010212 0.4108797047659251
41.30400013923645 -0.004894654446649938 0.3803367815302022
41.5460000038147 -0.005161095754457889 0.3607020754516934
41.77300000190735 -0.00545821424302062 0.3410673979280351
42.00999999046326 0.01270192341169807 0.3220883882307742
42.23200011253357 0.01345853894106419 0.3039821449767347
42.43099999427795 -0.004171386007293165 0.2911104489887993
42.60800004005432 -0.004347317395506423 0.27932958335775
42.81500005722046 -0.004557322941064257 0.2664579076329963
43.10600018501282 -0.004889606659014945 0.2483503183958133
43.33899998664856 -0.005190545065883789 0.2339515347873687
43.62100005149841 -0.005553027641251873 0.2186801239208359
44.04900002479553 -0.006134424677361139 0.1979546920605054
44.30900001525879 0.01213463763034106 0.1846474704422405
44.53800010681152 0.01281603153441946 0.1748307567866078
44.85000014305115 -0.004919658303964347 0.1647952280626984
45.17400002479553 -0.005328824877524951 0.1521417568492385
45.35500001907349 -0.005618885910491755 0.1442878927971628
45.59600019454956 0.01249566892515297 0.1366526419004678
45.97200012207031 -0.005415884148751715 0.1250899908358444
46.25400018692017 -0.005811149789398229 0.1165816446236522
46.507000207901 0.0124580968998842 0.1089463828848154
46.79500007629395 -0.005303163595918647 0.1026196481459373
47.14300012588501 -3.141100264364777 1.105235910479401
47.33899998664856 -3.141100264364777 1.105235910479401
47.54300022125244 -3.039223970773056 1.141748090178996
47.85400009155273 -2.591899740518494 1.196064706853243
48.13000011444092 -2.216307828713672 1.233925646228058
48.36300015449524 -1.802420193888651 1.247210217906282
48.65200018882751 -1.309235206578977 1.233855214766915
48.89000010490417 -0.9437786723463724 1.202872770903561
49.0789999961853 -0.617044408198911 1.166818490238209
49.26700019836426 -0.330162090895568 1.140119427666038
49.49700021743774 -0.05637609095505969 1.078906152436177
49.7039999961853 0.08611622838124511 1.035160130626798
50.0090000629425 0.1114199445304758 0.9624957586849359
50.29300022125244 0.08151504479297422 0.9035570097153033
50.51700019836426 0.04902214572074293 0.859101948708707
50.72500014305115 0.01485491566571095 0.8163458650913344
50.97300004959106 -0.02045268862077521 0.7681334388405595
51.17600011825562 -0.02148382394874915 0.7312714584891274
51.39100003242493 -0.004251214875204745 0.6933108724813499
51.64900016784668 -0.004498961794588752 0.6551321602009281
51.86600017547607 -0.004763894406702995 0.6186988024994429
52.06800007820129 -0.004963416932572962 0.5938281546970697
52.27300000190735 -0.005244737320875714 0.5619763104333797
52.59700012207031 -0.005657652846088546 0.5209616815305981
52.84200000762939 0.01246923636689345 0.4928203170219068
53.11100006103516 -0.005333494268745298 0.4605321550137518
53.33400011062622 -0.005635148145763047 0.4358797497983675
53.54900002479553 0.01244081494896143 0.4140647379484015
53.75800013542175 0.01305288827782469 0.3946495265308695
53.95500016212463 -0.004593388108905749 0.378069066206805
54.19200015068054 0.0136557712136991 0.356036219157252
54.43900012969971 -0.004029626396507169 0.3355287573559811
54.73600006103516 -0.004303873379377876 0.3141486594179296
55.03800010681152 -0.004628522619772646 0.2921140970839038
55.3490002155304 -0.004986007106968948 0.2711703877301552
55.59600019454956 -0.005310728400561793 0.2545899793576814
55.88000011444092 -0.005629094070353169 0.2401912282537896
56.14900016784668 0.01270093237686698 0.2236118453699691
56.41900014877319 -0.005074146065228824 0.2094312161762828
56.61199998855591 -0.00531209181737502 0.2000501978777645
56.87000012397766 -0.00559264909555246 0.1900147037512124
57.132000207901 0.01264459132317697 0.1782346147030806
57.38499999046326 -0.005162574471830439 0.166017461587802
57.65100002288818 0.01309978262038669 0.1557644776823593
57.94300007820129 -0.004667288461646102 0.1452926085607026
58.15000009536743 -0.004895149340642391 0.1385295349681817
58.4280002117157 -0.004293714148537298 0.1313305994861657
58.6710000038147 -0.004599328956601312 0.1226040393938473
58.89600014686584 -0.004867850946689956 0.1158409642518061
59.13300013542175 -0.005149073668081705 0.1095142250037719
59.52400016784668 0.01216405386693875 0.1001333282182666
60.06600022315979 -1.258725837739801 1.022540886002438
60.30400013923645 -1.260757683394479 1.021873160286004
60.53500008583069 -1.164382061413988 1.00273548482866
60.77000021934509 -0.8741673234666649 0.967160538752823
61.02300000190735 -0.4655335258970998 0.9234206427535896
61.17500019073486 -0.3013075836662349 0.8927459654298902
61.32100009918213 -0.1318175035215603 0.8587796764803748
61.50200009346008 -0.01055212015385099 0.8238826085269001
61.70000004768372 0.06125506816676829 0.7877031233816076
62.02100014686584 0.06624172512357873 0.7284822810030493
62.35700011253357 0.03526048996780151 0.6713898357001133
62.65900015830994 0.01911124870873948 0.6255827384265794
62.91000008583069 0.001763751972175598 0.5880582143738158
63.18099999427795 -0.01667957899485728 0.5531561966728775
63.41000008583069 0.0008182487865884269 0.5230492766061752
63.71300005912781 0.0008806970215413656 0.485961043364733
63.93600010871887 0.00093040243153375 0.4599992813778895
64.17000007629395 0.0009825967846008865 0.4355646830191553
64.36500000953674 0.001020949871910481 0.4192022294889717
64.60500001907349 0.001085943181861282 0.3941131353996181
64.85000014305115 0.00115431455870052 0.37076937128514
65.09700012207031 0.00122342303341938 0.3498254350498872
65.3600001335144 0.001304795668765735 0.3280088368130736
65.56900000572205 0.001363754839078801 0.3138280492574277
65.77100014686584 -0.01696207826323892 0.2976859566124947
66.06800007820129 0.0005263149861569616 0.2778328389374071
66.28500008583069 0.0005537070253964771 0.2640883730806879
66.55000019073486 0.0005866631227391395 0.2492530768482815
66.757000207901 0.0006180386059284615 0.2365994420653029
66.9850001335144 -0.01681609337918832 0.2235095060909318
67.23400020599365 -0.01780676176856755 0.2110758969639209
67.53299999237061 -0.0003793471777857604 0.1966769316003289
67.76200008392334 -0.0004016223908234196 0.1857686246063277
67.95600008964539 -0.0004224601008822049 0.1766056468106967
68.22900009155273 -0.0004479128150354228 0.166570004561228
68.5460000038147 -0.0004833659502736509 0.1543527011198264
68.82000017166138 -0.0005177613714053564 0.144098893047461
69.01100015640259 -0.0005432587257248045 0.137335743147147
69.2039999961853 -0.0005685475475898372 0.1312270917085512
69.43900012969971 -0.0006004939894079797 0.1242457758923178
69.64100003242493 -0.0006280648429948243 0.1187916230083499
69.88900017738342 -0.0006672805430749662 0.1118103074632917
70.1230001449585 -0.0007058436527902501 0.1057016565198863
70.33700013160706 -0.0007458696178535007 0.1000293379440499
70.62800002098083 3.18018023952664 0.9065813684877083
70.85700011253357 3.18018023952664 0.9065813684877083
71.09500002861023 3.012081506085359 0.9577177165983056
71.40700006484985 2.556332613547918 1.012748550244531
71.66700005531311 2.130838802080733 1.045889076548284
71.92600011825562 1.731621852706997 1.057997626933701
72.14300012588501 1.416877526352494 1.054313872984496
72.27400016784668 1.271413943644571 1.044409908435681
72.54100012779236 0.7588787096361997 0.9985128613455315
72.75400018692017 0.4307636842618479 0.9597871733628194
72.98300004005432 0.1607552821969218 0.9103587749046503
73.17600011825562 0.005239737311873327 0.8667521576488406
73.42000007629395 -0.03139729199545016 0.8189960194511353
73.69900012016296 -0.03352216819740406 0.7670997967214019
73.91600012779236 -0.03524595492976612 0.7295973836622354
74.1710000038147 -0.01897867796623487 0.684008355317074
74.50300002098083 -0.001651260375099994 0.6318667095812239
74.73000001907349 -0.00174145161520034 0.5991418331580508
74.9280002117157 -0.001824496030590872 0.571871106918949
75.11300015449524 -0.001913557597315041 0.5452548822884258
75.28299999237061 -0.001974386565262165 0.5284561199717519
75.49600005149841 -0.002082724487992849 0.5009672407714931
75.74200010299683 -0.002217949619035764 0.4704240494070018
75.98699998855591 -0.002338321390287668 0.4462076688321694
76.1800000667572 -0.002456001942190866 0.4248274468878572
76.36500000953674 -0.00257224564848979 0.4056288857589614
76.68800020217896 -0.002768819881544538 0.3768310556516551
76.93600010871887 0.01563487330084712 0.3539262388279316
77.17600011825562 -0.001917716666143043 0.335600313635238
77.41800022125244 -0.002031278569444517 0.3168380607197558
77.69900012016296 -0.0021750562308398 0.2958941559625142
77.96800017356873 -0.002324140651901452 0.2769137483214543
78.18800020217896 -0.002437440264767332 0.2640419815470655
78.41500020027161 -0.002575776331472213 0.249861225890253
78.56600022315979 0.01544385493757261 0.2406992999685483
78.76400017738342 -0.002110838799916692 0.2291365181964694
78.99000000953674 -0.002223017788967496 0.2175737390308388
79.19000005722046 -0.002330513196686645 0.2075381218280514
79.40500020980835 -0.002438159850614241 0.1983751692878411
79.63700008392334 -0.002586050217157521 0.1870305649149932
79.93500018119812 0.01596600716477514 0.174160289344636
80.16400003433228 -0.001576132462256297 0.1643428238090276
80.38600015640259 -0.001662188493819272 0.1558343548509359
80.59700012207031 -0.001750408239562518 0.1479803846425718
80.93500018119812 -0.001892719549029032 0.136853929092284
81.17700004577637 -0.002011356679701315 0.1287817966668727
81.36300015449524 -0.002085551360503146 0.124200316989572
81.58899998664856 -0.002213882744488416 0.1170008504456934
81.85400009155273 -0.002363739560188094 0.1095832205331455
82.10700011253357 0.01601409173427903 0.1032571664028957
