0.07399988174438477 0.0 0.5
0.3069999217987061 0.0 0.4934550153050213
0.5169999599456787 0.03831023840987024 0.4496329353991185
0.7699999809265137 -0.07374819724455979 0.392557286304948
1.006999969482422 0.0106997286776556 0.3358473446470926
1.250999927520752 0.1951880702394769 0.2850641407399208
1.516999959945679 -0.00164194253014318 0.2218964465458524
1.766000032424927 -0.4872840072093259 0.1727632258699788
2.017999887466431 -0.5691310960083487 0.1420083139792487
2.299000024795532 -0.171837427819903 0.1075963262484369
2.61899995803833 -2.534393008600604 0.4216059134899382
2.855999946594238 -2.466520189010375 0.4226270035568792
3.154000043869019 -2.037928574643267 0.39139256954646
3.432999849319458 -1.458026765708334 0.3895360292252542
3.681999921798706 -1.075026334086526 0.389318092489443
3.915999889373779 -0.8189453937089457 0.3638424499231611
4.151000022888184 -0.5099383492889675 0.3186348708127481
4.404999971389771 -0.09837644391552347 0.2639173009992363
4.632999897003174 0.3616335166797251 0.2161916997810039
4.868000030517578 0.4248966389612523 0.1720870047063329
5.119999885559082 0.07949124677586594 0.1338243169522036
5.399999856948853 -0.5133819650595979 0.1034982797364081
5.70199990272522 -2.03258335458973 0.8025893204484981
5.914000034332275 -1.964778206417501 0.8032576788848957
6.138999938964844 -1.685839706184638 0.7955023186597361
6.404000043869019 -1.295879586910018 0.8023377239549988
6.631999969482422 -1.039220218285207 0.784050775296517
6.865999937057495 -0.699928683202927 0.7461496918453515
7.072000026702881 -0.3935544534953026 0.7055951916316981
7.307999849319458 0.02496623280119792 0.6525854490629101
7.553999900817871 0.309546407098237 0.60335025604837
7.766999959945679 0.1694568588792933 0.556826022998469
7.988999843597412 -0.175113336266234 0.5073465441868992
8.234999895095825 -0.1783249290375997 0.4570577196200935
8.484999895095825 0.1874043776552687 0.4036565202204656
8.702999830245972 0.2136498446193604 0.3546933679887926
8.932999849319458 -0.0888765484295817 0.3041201515441483
9.149999856948853 -0.1500096693959883 0.256244566778957
9.415999889373779 0.1541523244716219 0.1976161453197086
9.621999979019165 0.1966609510836967 0.155287332268583
9.849999904632568 -0.1353126034065442 0.1230950815253528
10.13699984550476 2.885116333215695 0.708762193167881
10.38800001144409 2.97274488425409 0.7102675920906981
10.67199993133545 2.679517574640615 0.6594434726256218
10.90400004386902 2.291331696775664 0.6225806065931175
11.12199997901917 1.906846782903117 0.6035475073999497
11.35500001907349 1.475813120030449 0.6047298939657583
11.63299989700317 1.103979938890789 0.6013268653437844
11.83399987220764 0.9199547475137562 0.5744168218492332
12.05499982833862 0.604674337692422 0.5349251130608423
12.28699994087219 0.2477524117328922 0.4862381272639867
12.51600003242493 -0.1652337100555639 0.438544587342622
12.75300002098083 -0.2298858181574792 0.385842452975469
13.0 0.07006951437081876 0.3356861050300052
13.25099992752075 0.2512300062540711 0.2810880442101945
13.48300004005432 0.07939261594158653 0.2302977544177578
13.91999983787537 -0.9047291782504978 0.16262902859457
14.30299997329712 -0.9891771037660579 0.1338501110438096
14.63800001144409 -0.5310518315184571 0.1132834388727923
15.21299982070923 -0.4226639436903628 1.236566129978114
15.44799995422363 -0.3533391752118136 1.234928475352425
15.73399996757507 -0.1343644468649021 1.181902891261441
15.98799991607666 0.2602603821479486 1.124974923058644
16.25300002098083 0.1657000880395532 1.068023489338505
16.51799988746643 -0.2097350999177765 1.010523496298939
16.77099990844727 -0.1861436843474169 0.9544555365296902
17.01600003242493 0.09692379788754657 0.8993761971801709
17.29999995231628 0.06905589649341914 0.8361879741063953
17.53099989891052 -0.2571764904012745 0.7885399402969863
17.77099990844727 -0.2404600293808321 0.7333054827444145
18.03399991989136 0.131419072124439 0.6784741991687183
18.23199987411499 0.1611014870798186 0.6315936433018425
18.47099995613098 -0.06898867647771034 0.5786178099059044
18.71499991416931 -0.07801579208746334 0.5223323232746125
18.9210000038147 0.1423267194050872 0.4779421992298084
19.13199996948242 0.1430830530710487 0.4286690712479163
19.38199996948242 -0.186615205249538 0.3753762590888265
19.61699986457825 -0.2961256439514766 0.3262516716426613
19.88299989700317 -0.07145979148414128 0.2636894246117116
20.08599996566772 0.2838225128308962 0.219411593973682
20.31799983978271 0.4874317061054905 0.1774748965148336
20.56900000572205 0.3034754055930229 0.1390163468357444
20.79900002479553 -0.06623048112587915 0.1128414218666542
21.0479998588562 2.76352030449546 1.113010298417727
21.26999998092651 2.746218003498428 1.113412956022492
21.50499987602234 2.568050171653377 1.074336628526624
21.73199987411499 2.218100047976894 1.041753071409896
21.97199988365173 1.855938269378719 1.024265777750357
22.23399996757507 1.419211863297304 1.02859618667236
22.44899988174438 1.114530360825174 1.024163919541922
22.66499996185303 0.9068665536647011 0.9968705435540116
22.88499999046326 0.6214699584619375 0.9601710620652237
23.11899995803833 0.2356052050353074 0.9117053296331651
23.38800001144409 -0.2293083615022327 0.8516472244983314
23.62099981307983 -0.2632092488111071 0.8026678386674135
23.8659999370575 0.05242982593303411 0.7483601821107128
24.13800001144409 0.2100496623670256 0.6850812265442305
24.3529999256134 0.002901844961482297 0.6399485173079945
24.58799982070923 -0.2611733483449277 0.5865445871548067
24.82099986076355 -0.1930764525556767 0.5368669263994331
25.08200001716614 0.1884025437480039 0.4806630914369656
25.3199999332428 0.2554506061457418 0.4247035799472729
25.53600001335144 0.0339824977423421 0.3765388974316768
25.76600003242493 -0.2975600470220528 0.3285588496613877
26.0149998664856 -0.2965749533754702 0.2783319681521244
26.25099992752075 0.02788618864090356 0.2301522878974845
26.46700000762939 0.3814876312505997 0.1828081768934553
26.72000002861023 0.3120889965063599 0.1373236671001795
26.98699998855591 -0.1203176767656776 0.1050831673855888
27.33200001716614 -1.531903522900162 1.008103989738442
27.56799983978271 -1.445928488841564 1.007966596018919
27.76600003242493 -1.269642393341643 1.003692433394
27.99899983406067 -1.052146891640356 0.9789745543833063
28.25300002098083 -0.6672238320841861 0.9402418234289313
28.48099994659424 -0.3028762458499059 0.8892081612350609
28.69899988174438 0.06399653971960251 0.8438471434184401
28.94899988174438 0.2735706639037476 0.7876152694500457
29.22099995613098 0.05723918466638223 0.7249238147349848
29.46700000762939 -0.3083844005822709 0.6779196262159515
29.73399996757507 -0.263256916994095 0.6221506871907204
29.99899983406067 0.1090386543809327 0.5644455833974473
30.26699995994568 0.1073924601933689 0.5048397043312164
30.53299999237061 -0.2658320409154853 0.4466374623497379
30.7979998588562 -0.2533023439297308 0.3855695779142203
31.01600003242493 0.0233048989149518 0.3386813172680193
31.25 0.292282239012698 0.2882252852267682
31.46599984169006 0.2688863059233313 0.2420473543126114
31.69899988174438 -0.08526840219813914 0.1918949942416571
31.9449999332428 -0.2912051379194416 0.1490501081648542
32.1489999294281 -0.197531772717604 0.1222821364203248
32.47899985313416 -2.752599570123553 0.9125248434838136
32.73300004005432 -2.648864404264086 0.9142702763792186
32.96599984169006 -2.409433739290221 0.8804872477949993
33.20499992370605 -2.00562570830167 0.8540849353700912
33.4539999961853 -1.575807692303346 0.8496031474021047
33.71599984169006 -1.176155331847149 0.854354202791335
33.93299984931946 -0.8521876381335654 0.8253532587426714
34.15299987792969 -0.5162968579641714 0.7859893984493658
34.39999985694885 -0.1076016773280823 0.7331117595760902
34.64699983596802 0.3683549651240554 0.6815677165508458
34.88800001144409 0.4615483616807632 0.628838596932897
35.16499996185303 0.07130104736817433 0.5690063510104759
35.39800000190735 -0.3205089159732815 0.5228068560916598
35.63399982452393 -0.4750507374667263 0.4732430272818507
35.91699981689453 -0.1918184361350912 0.4164249614567646
36.21599984169006 0.3404405452874641 0.3527065788794078
36.50099992752075 0.2822212525062122 0.2891640852530932
36.76600003242493 -0.1123907514046341 0.2323086425573199
37.00099992752075 -0.1752777612032936 0.1774470834649843
37.2519998550415 0.1417004197909542 0.1365711135783722
