0.1200001239776611 0.0 0.5
0.378000020980835 0.0 0.4932368491485219
0.6500000953674316 0.0 0.4397861408061956
0.934999942779541 0.0205285479705299 0.3739117644046824
1.266000032424927 -0.1023597213422337 0.2973585534335565
1.497999906539917 0.05993654091598357 0.2493878641512869
1.717999935150146 0.1619078187921781 0.2001675875157352
1.947999954223633 -0.06590818894097199 0.1578544467792112
2.209000110626221 -0.2775466078572284 0.1175800864776345
2.486999988555908 -3.121023469417418 0.4119861083779717
2.70199990272522 -2.999748759154583 0.4145776435318171
2.928999900817871 -2.798938391494851 0.3785297460293768
3.164000034332275 -2.45359211966697 0.3373829274643484
3.38100004196167 -1.988056870732993 0.3117821203987168
3.584000110626221 -1.614360825484885 0.3086803225408656
3.796000003814697 -1.266290897924368 0.309911860273151
4.016000032424927 -0.9716900919205638 0.3025327748257935
4.230000019073486 -0.6913827795706222 0.2788535639496665
4.430999994277954 -0.4199984993052102 0.244794395738985
4.653000116348267 -0.05345650609524633 0.2015595378739916
4.861999988555908 0.402162329726707 0.1624235397756525
5.066999912261963 0.6146991470678622 0.1332882885681855
5.329999923706055 0.399490834515082 0.1102275481284608
5.598000049591064 -1.992956455334799 0.762301638910299
5.815999984741211 -2.116362962403262 0.7628540057327031
6.028000116348267 -1.911573867105262 0.7478001650214863
6.265000104904175 -1.550120065059759 0.7445699665405023
6.499000072479248 -1.205060616577965 0.7475709162176881
6.71399998664856 -0.9056650904617207 0.7201770177814293
6.91700005531311 -0.6103998751025115 0.6845201723404231
7.13100004196167 -0.2645586566061056 0.6401203829759813
7.348999977111816 0.1253314362027265 0.5931457430432503
7.552999973297119 0.2126082068170048 0.5450731694727434
7.772000074386597 -0.05263079268334891 0.4958010807330383
7.997999906539917 -0.1766630570442382 0.446453176892903
8.216000080108643 0.05264708600128287 0.4002170355123301
8.436000108718872 0.1407364555439861 0.3485240129949708
8.664000034332275 -0.07451870337836208 0.3012218874283595
8.855000019073486 -0.1079728705646845 0.2567197120830488
9.095999956130981 0.1196608966305366 0.2043104390732477
9.329999923706055 0.09634276633736683 0.1574788947310546
9.529999971389771 -0.2148519610719788 0.1274964997300338
9.733999967575073 -0.3091423595862164 0.1035798304611969
9.996000051498413 3.100673842197301 0.7219984337535026
10.19700002670288 -3.060460860818937 0.723085670967906
10.40199995040894 -2.910224953190606 0.6878747590037494
10.61199998855591 -2.580670772819771 0.6474010835857413
10.81200003623962 -2.232822259099939 0.61812694244308
11.01300001144409 -1.886488528180256 0.6017301113216443
11.21399998664856 -1.507399804431281 0.6010757740541657
11.41199994087219 -1.244529661130393 0.6012088221472373
11.6470000743866 -0.9066667623057363 0.5808217032290237
11.84500002861023 -0.6380001656997667 0.5477203250707289
12.06299996376038 -0.3006578843188823 0.5031629332263788
12.28399991989136 0.06842277442328815 0.4556293839237178
12.50200009346008 0.2720660107217565 0.4050103254215977
12.74799990653992 0.09829632847659386 0.3542151091005573
12.96399998664856 -0.243977184469351 0.308465800295635
13.18199992179871 -0.3116387639781344 0.2624161723023655
13.41499996185303 0.01395860499001511 0.2127021648028356
13.61700010299683 0.3145195552027618 0.173587575213872
13.82999992370605 0.3111939901656822 0.1409535121501268
14.02900004386902 0.006823689160173174 0.1161163468027387
14.31299996376038 -2.072092433445507 1.193684286563966
14.51800012588501 -2.142674035072853 1.194274304781443
14.73399996757507 -1.920839362006792 1.179465825732064
14.95000004768372 -1.552536413963766 1.175288202030028
15.14599990844727 -1.290194150886396 1.180448488064874
15.36299991607666 -0.9731868192482533 1.157273632009986
15.57999992370605 -0.6318229238734698 1.120694140541778
15.78299999237061 -0.3136456598322592 1.078713810521328
16.00099992752075 0.05394163822184694 1.031388883083515
16.20000004768372 0.2029030999783759 0.9845456957904573
16.41199994087219 0.06795394128965793 0.9385158194374086
16.59999990463257 -0.2022514748858004 0.8969010352640855
16.79999995231628 -0.305260627688229 0.8541241544165485
17.0 -0.175343753500834 0.811246548068704
17.2279999256134 0.1629349970435676 0.7655217539791117
17.4449999332428 0.230742525610113 0.7150953940562713
17.66499996185303 0.007466005724158009 0.6684797703143321
17.86700010299683 -0.2900630862490878 0.6224071842797684
18.08200001716614 -0.3141828027624953 0.5782489573189697
18.29999995231628 -0.02302929265101827 0.5305782636502101
18.51500010490417 0.3525941897341038 0.4861176747446725
18.73300004005432 0.4126960936375461 0.4402184942279643
18.96300005912781 0.1553129350949067 0.3924333003020761
19.17000007629395 -0.2114141674847829 0.3470986421984179
19.43499994277954 -0.2781765437107353 0.2900840796126149
19.63499999046326 -0.02181284844880871 0.2480038565983796
19.83299994468689 0.2892456060368005 0.2042257181068952
20.0460000038147 0.2772566828290879 0.166889977965087
20.26399993896484 -0.05271416599787138 0.133956631153806
20.46700000762939 -0.306082502513279 0.1077010915146064
20.72900009155273 2.876472960318257 1.116146557672038
20.96399998664856 2.99889618475245 1.118090061425993
21.16300010681152 2.868963418040911 1.083123245088781
21.38000011444092 2.568031449174841 1.042777522688962
21.56800007820129 2.276857570896365 1.0153765895646
21.78099989891052 1.920448978082343 0.9965964769749581
22.03099989891052 1.51577575851864 0.9965282263562808
22.25300002098083 1.23923299977354 0.9956592755628257
22.49699997901917 0.8808294132772314 0.9627582084113605
22.71499991416931 0.5409010207174196 0.9239042926110576
22.9300000667572 0.1862515283083104 0.8777903278096646
23.1340000629425 -0.1516251810068221 0.8325120805798387
23.3529999256134 -0.2353077496726002 0.7842730362507416
23.58100008964539 -0.04815106469743391 0.7344526041330592
23.82999992370605 0.3586045514418732 0.6830499176428434
24.06900000572205 0.4822346134876607 0.636751124136249
24.28600001335144 0.3334337621620564 0.5914274080090351
24.50099992752075 0.004576802741983244 0.5447692949371017
24.73300004005432 -0.3187642309512375 0.4956336705351729
24.9449999332428 -0.2573303325493779 0.4496643245863995
25.18300008773804 0.09489293417291744 0.4006297601480203
25.43600010871887 0.2767949096892588 0.3406710157354547
25.66300010681152 0.1070927185935666 0.2918744840742705
25.89800000190735 -0.2826906015213142 0.242665630338819
26.11199998855591 -0.3921144628565036 0.2001280135760453
26.31800007820129 -0.1826011210253506 0.1651359451932057
26.53399991989136 0.2263993739932912 0.1323532732589215
26.75 0.4157207054583489 0.1023269141795256
27.03299999237061 -1.438847766721391 0.9999107877201027
27.24699997901917 -1.579783168119002 0.99992169456544
27.46300005912781 -1.42204823741359 0.9999580805920635
27.66199994087219 -1.16132968100227 0.9926768905722776
27.8659999370575 -0.8998479062982323 0.9667014769859906
28.08200001716614 -0.5594406946956401 0.9273554974320576
28.31299996376038 -0.152018378956738 0.878045435561671
28.51999998092651 0.1870341463835805 0.8331248155672557
28.73399996757507 0.2182952275803256 0.7846528172518644
28.96799993515015 -0.02572471083306027 0.7327332456185306
29.19700002670288 -0.2327285362202574 0.6830242324604139
29.41199994087219 -0.1403069893749809 0.6341700168656172
29.62899994850159 0.1841788362284742 0.5876985157773249
29.82699990272522 0.181809676972855 0.5433504410626333
30.06900000572205 -0.1224637744195638 0.4898318733080717
30.28399991989136 -0.118547804288692 0.4404899196275705
30.54999995231628 0.2589929895286804 0.3825435365996149
30.77900004386902 0.3009387972276425 0.3332832204731379
30.99600005149841 0.0508769711925563 0.286082411771672
31.20000004768372 -0.3073315188084482 0.2415326141173545
31.41700005531311 -0.3787299147126468 0.1994101733494976
31.66700005531311 -0.06486609949945166 0.15523344928272
31.88000011444092 0.3840816303616963 0.1249305458998471
32.14499998092651 3.458944692427858 0.9061760248924997
32.39599990844727 3.371130446688774 0.9083003291479802
32.61199998855591 3.182295755560453 0.8673840426367526
32.82999992370605 2.873510066796202 0.821160819130402
33.04500007629395 2.564111440543035 0.7801793522156852
33.27999997138977 2.179721325798935 0.7485277990309859
33.51500010490417 1.781806684038898 0.7347888014652505
33.74600005149841 1.379455216342885 0.7389240725728358
33.9449999332428 1.114319242747096 0.7343896523643227
34.16799998283386 0.8708845425393781 0.7033282827195975
34.46399998664856 0.4408749749438323 0.6479817187096755
34.71399998664856 0.02802224739685677 0.5942340129608724
34.93400001525879 -0.3637503913418083 0.5486925053161863
35.16400003433228 -0.4020283071694237 0.5008034207206127
35.38000011444092 -0.1595548913998162 0.4541524332940511
35.64499998092651 0.2926062393067719 0.3978760543374935
35.86199998855591 0.3540785948576133 0.3523338385487456
36.06100010871887 0.1509992832563798 0.3105319470389917
36.28699994087219 -0.1885779505800036 0.2617667671973831
36.53099989891052 -0.1801955926185048 0.2104462694923588
36.81400012969971 0.3073558800182461 0.1530877179649482
37.03200006484985 0.3776097517355774 0.1202714239117752
