00
9.894371032714844e-05 0
0.012518644332885742 0
0.018532514572143555 1
0.025038719177246094 2
0.030948638916015625 3
0.03776836395263672 5
0.0457763671875 9
0.05347752571105957 11
0.0594937801361084 14
0.06586956977844238 18
0.07279849052429199 21
0.07880258560180664 24
0.08539462089538574 29
0.09314393997192383 33
0.09928274154663086 39
0.10577225685119629 43
0.11280012130737305 47
0.11881828308105469 52
0.12526583671569824 56
0.1311960220336914 62
0.13784503936767578 69
0.14559698104858398 74
0.15252089500427246 78
0.15863037109375 84
0.16519737243652344 88
0.17118144035339355 95
0.17784476280212402 100
0.1846928596496582 106
0.19211745262145996 112
0.19805264472961426 118
0.2049100399017334 123
0.21085643768310547 130
0.2176499366760254 135
0.22409892082214355 140
0.2301492691040039 146
0.23694062232971191 153
0.24480962753295898 158
0.25074243545532227 164
0.25725531578063965 171
0.2638976573944092 176
0.2699263095855713 182
0.27675962448120117 189
0.2834908962249756 194
0.289539098739624 200
0.2970468997955322 207
0.30374717712402344 218
0.3174886703491211 227
0.3289146423339844 236
0.3365609645843506 244
0.34575438499450684 253
0.35350871086120605 260
0.36264705657958984 269
0.3732619285583496 276
0.37940239906311035 284
0.38808321952819824 290
0.39605093002319336 297
0.4030437469482422 304
0.4110383987426758 312
0.4178135395050049 317
0.4246828556060791 326
0.4334249496459961 332
0.43944215774536133 338
0.44695138931274414 344
0.45495080947875977 356
0.4656822681427002 361
0.4726076126098633 367
0.47877955436706543 372
0.48702287673950195 382
0.4952726364135742 391
0.5046441555023193 396
0.5105574131011963 402
0.5192577838897705 411
0.5257940292358398 417
0.5327584743499756 422
0.5421578884124756 435
0.5522692203521729 440
0.5584912300109863 446
0.565087080001831 452
0.5727818012237549 459
0.578934907913208 466
0.5860950946807861 476
0.5960533618927002 483
0.6037781238555908 490
0.6127438545227051 496
0.618678092956543 502
0.6252574920654297 511
0.6339664459228516 516
0.6400535106658936 522
0.6467912197113037 535
0.6597170829772949 540
0.668877124786377 550
0.6755564212799072 554
0.6822328567504883 558
0.6881945133209229 568
0.7058277130126953 571
0.7128171920776367 575
0.7237231731414795 577
0.7298934459686279 578
0.7389993667602539 580
0.7477130889892578 580
0.7555475234985352 579
0.7685761451721191 578
0.77994704246521 578
0.789534330368042 579
0.7992820739746094 581
0.8129699230194092 581
0.8210642337799072 581
0.8298945426940918 581
0.8366310596466064 580
0.8440995216369629 580
0.8560733795166016 581
0.8636913299560547 581
0.87109375 580
0.8797485828399658 580
0.8862535953521729 580
0.8931839466094971 580
0.8991949558258057 580
0.906639575958252 580
0.9133415222167969 580
0.9192466735839844 580
0.9256367683410645 580
0.9322519302368164 580
0.9385664463043213 580
0.9450864791870117 580
0.9509532451629639 580
0.9586126804351807 580
0.9651286602020264 580
0.9710123538970947 580
0.9775433540344238 580
0.984001874923706 580
0.989922285079956 580
0.9966998100280762 580
1.003340721130371 580
1.0100736618041992 580
1.016726016998291 580
1.0233330726623535 580
1.029250144958496 580
1.0356097221374512 580
1.0422298908233643 580
1.0480167865753174 580
1.0548796653747559 580
1.0625803470611572 580
1.0693638324737549 580
1.0759849548339844 580
1.0828309059143066 580
1.088684320449829 580
1.0951690673828125 580
1.1010544300079346 580
1.1088731288909912 580
1.1153969764709473 580
1.123702049255371 580
1.129833459854126 580
1.1362407207489014 580
1.1430788040161133 580
1.1490366458892822 580
1.1554415225982666 580
1.1629862785339355 580
1.1732158660888672 580
1.1793780326843262 580
1.1858713626861572 580
1.1927199363708496 580
1.1988234519958496 580
1.2052042484283447 580
1.2128779888153076 580
1.2188124656677246 580
1.2251460552215576 580
1.2310049533843994 580
1.2377800941467285 580
1.244102954864502 580
1.2500333786010742 580
1.2567124366760254 580
1.2641334533691406 580
1.2700824737548828 580
1.2767891883850098 580
1.2834818363189697 580
1.2894113063812256 580
1.2958893775939941 580
1.302764892578125 580
1.3101131916046143 580
1.3167777061462402 580
1.323371410369873 580
1.3292832374572754 580
1.33571195602417 580
1.3425774574279785 580
1.3482422828674316 580
1.3551018238067627 580
1.3627727031707764 580
1.3686456680297852 580
1.3751213550567627 580
1.3809881210327148 580
1.3876962661743164 580
1.3940818309783936 580
1.4000306129455566 580
1.4066276550292969 580
1.4140734672546387 580
1.420100212097168 580
1.4267840385437012 580
1.4334814548492432 580
1.4394073486328125 580
1.445786952972412 580
1.452672004699707 580
1.4585027694702148 580
1.4657518863677979 580
1.4726147651672363 580
1.4785816669464111 580
1.4850552082061768 580
1.4909074306488037 580
1.497314214706421 580
1.5038177967071533 580
1.509829044342041 580
1.517441749572754 580
1.5238687992095947 580
1.5298125743865967 580
1.536562442779541 580
1.5431697368621826 580
1.5492360591888428 580
1.555640459060669 580
1.562195062637329 580
1.5733845233917236 580
1.5794212818145752 580
1.58587646484375 580
1.5927188396453857 580
1.5989272594451904 580
1.605414628982544 580
1.6116461753845215 580
1.6189627647399902 580
1.6253366470336914 580
1.6311945915222168 580
1.6377427577972412 580
1.64408278465271 580
1.6501431465148926 580
1.6569032669067383 580
1.6635026931762695 580
1.6700811386108398 580
1.6767113208770752 580
1.6833248138427734 580
1.6892671585083008 580
1.6956467628479004 580
1.7025418281555176 580
1.7082276344299316 580
1.7150559425354004 580
1.722749948501587 580
1.7286007404327393 580
1.7351078987121582 580
1.7409558296203613 580
1.747476577758789 580
1.7539029121398926 580
1.7598471641540527 580
1.7674274444580078 580
1.7738971710205078 580
1.7799961566925049 580
1.7865815162658691 580
1.7931749820709229 580
1.799173355102539 580
1.8055624961853027 580
1.8121492862701416 580
1.8190252780914307 580
1.8254218101501465 580
1.8316729068756104 580
1.8379671573638916 580
1.844733715057373 580
1.8505570888519287 580
1.8569321632385254 580
1.8635406494140625 580
1.8705413341522217 580
1.8769094944000244 580
1.8834924697875977 580
1.88942551612854 580
1.8958895206451416 580
1.9027824401855469 580
1.9088454246520996 580
1.9152312278747559 580
1.9228670597076416 580
1.9288239479064941 580
1.9352233409881592 580
1.9410755634307861 580
1.947563648223877 580
1.9540050029754639 580
1.9600486755371094 580
1.966766119003296 580
1.977724313735962 580
1.9840753078460693 580
1.9901244640350342 580
1.9986839294433594 580
2.005174398422241 580
2.011025905609131 580
2.0177161693573 580
2.025271415710449 580
2.031125068664551 580
2.0378122329711914 580
2.0441839694976807 580
2.0501208305358887 580
2.0567474365234375 580
2.0633902549743652 580
2.0696609020233154 580
2.078160524368286 580
2.0848629474639893 580
2.090724468231201 580
2.0970709323883057 580
2.103682279586792 580
2.109636068344116 580
2.1159777641296387 580
2.1235482692718506 580
2.1295077800750732 580
2.1359589099884033 580
2.1428282260894775 580
2.148665189743042 580
2.1551623344421387 580
2.1610398292541504 580
2.1678099632263184 580
2.175370931625366 580
2.1815578937530518 580
2.187779426574707 580
2.1940853595733643 580
2.200134754180908 580
2.2067513465881348 580
2.2133612632751465 580
2.2193405628204346 580
2.226747751235962 580
2.233354091644287 580
2.2392845153808594 580
2.245663642883301 580
2.252518892288208 580
2.258504867553711 580
2.2650794982910156 580
2.270960569381714 580
2.278597116470337 580
2.2851009368896484 580
2.2909624576568604 580
2.2976789474487305 580
2.3040823936462402 580
2.3125853538513184 580
2.3185877799987793 580
2.3258044719696045 580
2.3327741622924805 580
2.338658094406128 580
2.345123291015625 580
2.3510231971740723 580
2.35750675201416 580
2.3639163970947266 580
2.3740100860595703 580
2.382086753845215 580
2.388031482696533 580
2.394848346710205 580
2.4007227420806885 580
2.4070770740509033 580
2.413689136505127 580
2.419630527496338 580
2.426100015640259 580
2.4337353706359863 580
2.4397990703582764 580
2.446199417114258 580
2.453040361404419 580
2.4590513706207275 580
2.4654996395111084 580
2.4721200466156006 580
2.4790725708007812 580
2.4854533672332764 580
2.4916787147521973 580
2.4980335235595703 580
