00
7.867813110351562e-05 0
0.010590076446533203 0
0.016292333602905273 0
0.022507190704345703 1
0.029006242752075195 2
0.035367488861083984 4
0.041538238525390625 6
0.046990156173706055 8
0.052968502044677734 11
0.059305667877197266 14
0.06460261344909668 17
0.07053446769714355 20
0.07611536979675293 24
0.08332467079162598 28
0.0896306037902832 32
0.09518170356750488 36
0.10137534141540527 40
0.10658574104309082 44
0.11258888244628906 49
0.11911320686340332 54
0.12433719635009766 58
0.1303539276123047 63
0.136627197265625 68
0.14261722564697266 72
0.15020251274108887 82
0.16054487228393555 87
0.16637778282165527 92
0.17250323295593262 98
0.17907238006591797 103
0.18560528755187988 108
0.1916494369506836 113
0.19712281227111816 118
0.20308279991149902 124
0.20935797691345215 129
0.21499848365783691 134
0.22127652168273926 140
0.22651147842407227 145
0.2325584888458252 152
0.23984479904174805 156
0.24541521072387695 161
0.25149106979370117 167
0.256946325302124 172
0.2628970146179199 178
0.26917290687561035 183
0.27437567710876465 189
0.2804126739501953 194
0.28719019889831543 200
0.2932150363922119 205
0.2994956970214844 211
0.3049628734588623 216
0.31108736991882324 222
0.31632208824157715 228
0.32234692573547363 233
0.3286283016204834 238
0.3340926170349121 244
0.34153199195861816 250
0.3470637798309326 255
0.3530550003051758 261
0.359377384185791 266
0.36465001106262207 272
0.37056875228881836 277
0.376190185546875 283
0.382213830947876 288
0.3895244598388672 294
0.3950045108795166 300
0.40125370025634766 305
0.406463623046875 311
0.4124436378479004 316
0.41895461082458496 322
0.42417216300964355 328
0.4301481246948242 333
0.435758113861084 339
0.44252657890319824 344
0.44909000396728516 350
0.45434069633483887 356
0.4603142738342285 361
0.46709728240966797 367
0.4731895923614502 372
0.4794614315032959 378
0.4849104881286621 386
0.4918477535247803 389
0.49731874465942383 395
0.5032923221588135 400
0.5095293521881104 406
0.5150249004364014 412
0.5212554931640625 417
0.5264651775360107 423
0.5324864387512207 428
0.5390405654907227 434
0.5454270839691162 440
0.5514724254608154 449
0.5616466999053955 454
0.5671219825744629 460
0.5732018947601318 466
0.5794365406036377 471
0.5852062702178955 479
0.5920448303222656 482
0.5975561141967773 490
0.603839635848999 496
0.6099565029144287 500
0.6155300140380859 505
0.6215741634368896 510
0.6270246505737305 516
0.6329882144927979 522
0.6392271518707275 528
0.645641565322876 533
0.6516628265380859 538
0.6571507453918457 544
0.6631267070770264 550
0.6693799495697021 555
0.6748640537261963 561
0.6805877685546875 566
0.6861972808837891 572
0.6933109760284424 578
0.699547529220581 583
0.7053580284118652 588
0.7114567756652832 593
0.7166430950164795 598
0.7228922843933105 602
0.7291989326477051 605
0.7345874309539795 608
0.7404847145080566 610
0.7472541332244873 613
0.7532491683959961 615
0.7602229118347168 616
0.7659130096435547 617
0.7721257209777832 617
0.7780652046203613 617
0.7838253974914551 616
0.7898869514465332 615
0.7962479591369629 614
0.8022515773773193 612
0.8085107803344727 610
0.8139002323150635 608
0.8200931549072266 606
0.8257896900177002 602
0.8318040370941162 600
0.8372955322265625 597
0.8433089256286621 593
0.8503298759460449 589
0.8559079170227051 585
0.8620610237121582 582
0.8675522804260254 579
0.8735427856445312 574
0.8798408508300781 572
0.8855509757995605 568
0.8916146755218506 565
0.8988776206970215 563
0.9041593074798584 562
0.910184383392334 560
0.9157314300537109 560
0.9217498302459717 559
0.9271900653839111 559
0.9331533908843994 559
0.9393506050109863 560
0.9449679851531982 562
0.9519169330596924 564
0.9623897075653076 566
0.9686543941497803 569
0.9742419719696045 572
0.980257511138916 575
0.985959529876709 578
0.9920849800109863 581
0.9993729591369629 584
1.0050506591796875 587
1.011188268661499 589
1.0163788795471191 591
1.0224223136901855 592
1.0289006233215332 594
1.0341358184814453 594
1.0401604175567627 594
1.0457346439361572 594
1.0524048805236816 594
1.0589125156402588 593
1.0642507076263428 592
1.0702784061431885 590
1.0758893489837646 588
1.081923246383667 587
1.0874426364898682 584
1.0934207439422607 581
1.1004092693328857 579
1.1060280799865723 576
1.1121141910552979 575
1.1180133819580078 572
1.1239020824432373 571
1.1299734115600586 570
1.1355485916137695 570
1.141585111618042 569
1.1470468044281006 570
1.155463457107544 570
1.1617796421051025 571
1.1672708988189697 572
1.1732351779937744 574
1.1794676780700684 576
1.1851398944854736 578
1.1911542415618896 580
1.1963412761688232 582
1.2034590244293213 584
1.2097182273864746 585
1.2152776718139648 586
1.2213201522827148 587
1.226531744003296 588
1.232583999633789 588
1.2391040325164795 588
1.2443981170654297 587
1.2516989707946777 586
1.2572581768035889 585
1.2632427215576172 584
1.2695093154907227 582
1.2750153541564941 580
1.2811164855957031 579
1.2862977981567383 578
1.2923519611358643 576
1.298884630203247 576
1.3053944110870361 575
1.3114664554595947 574
1.3165903091430664 574
1.3226065635681152 574
1.3291053771972656 575
1.3343372344970703 576
1.3402888774871826 577
1.345881462097168 578
1.3518903255462646 580
1.3638699054718018 581
1.3699307441711426 582
1.3756062984466553 583
1.381910800933838 584
1.3874130249023438 584
1.3934080600738525 584
1.399677038192749 584
1.4058997631072998 584
1.4119224548339844 584
1.4173667430877686 584
1.4234960079193115 582
1.4297912120819092 582
1.4354932308197021 581
1.4415247440338135 580
1.447021245956421 580
1.4529767036437988 578
1.4600720405578613 578
1.466376543045044 578
1.4723560810089111 577
1.4786264896392822 577
1.4841639995574951 577
1.4901225566864014 577
1.495741844177246 578
1.501685380935669 578
1.508960247039795 578
1.514275312423706 579
1.5202696323394775 580
1.5258433818817139 580
1.5318782329559326 580
1.5373165607452393 581
1.5433809757232666 581
1.5496280193328857 582
1.5558788776397705 582
1.56199312210083 582
1.5674636363983154 582
1.5734214782714844 581
1.5796420574188232 581
1.5851967334747314 580
1.5912199020385742 580
1.5964455604553223 580
1.6025118827819824 579
1.6098315715789795 579
1.6154189109802246 579
1.621429443359375 579
1.626572608947754 579
1.6325585842132568 579
1.6390647888183594 579
1.6443805694580078 579
1.6503548622131348 579
1.6559052467346191 579
1.6630353927612305 580
1.669325828552246 580
1.6745529174804688 580
1.6804323196411133 580
1.6859676837921143 580
1.691951036453247 580
1.6974306106567383 580
1.7034714221954346 580
1.7104337215423584 580
1.7160038948059082 580
1.7221136093139648 580
1.7275562286376953 580
1.7335317134857178 580
1.7397048473358154 580
1.7452054023742676 580
1.7512242794036865 581
1.7617321014404297 581
1.7672436237335205 581
1.7734694480895996 580
1.779679298400879 580
1.785433292388916 580
1.7914597988128662 580
1.7966477870941162 580
1.802595615386963 580
1.8090896606445312 580
1.8154165744781494 580
1.8214280605316162 580
1.8265957832336426 580
1.832610845565796 580
1.8390812873840332 580
1.8443703651428223 580
1.850264549255371 580
1.8558001518249512 580
1.8625519275665283 580
1.869025707244873 580
1.8741908073425293 580
1.880133867263794 580
1.8856992721557617 580
1.8916749954223633 580
1.8971402645111084 580
1.9031908512115479 580
1.909393310546875 580
1.9156079292297363 580
1.9215750694274902 580
1.9270057678222656 580
1.9329345226287842 580
1.9391658306121826 580
1.9443354606628418 580
1.9502980709075928 580
1.9558725357055664 580
1.9629838466644287 580
1.9692039489746094 580
1.9743824005126953 580
1.980334758758545 580
1.9858615398406982 580
1.9918572902679443 580
1.9995942115783691 580
2.005026340484619 580
2.0110907554626465 580
2.0174026489257812 580
2.0234551429748535 580
2.029662847518921 580
2.035306930541992 580
2.041407585144043 580
2.0465335845947266 580
2.0525107383728027 580
2.0589752197265625 580
2.065308094024658 580
2.0713119506835938 580
2.076446533203125 580
2.082571029663086 580
2.0890119075775146 580
2.094207525253296 580
2.100132703781128 580
2.1056859493255615 580
2.111649513244629 580
2.118896484375 580
2.1240758895874023 580
2.130079984664917 580
2.1356046199798584 580
2.141686201095581 580
2.14715576171875 580
2.1531009674072266 580
2.1631789207458496 580
2.1717047691345215 580
2.1885929107666016 580
2.1941912174224854 580
2.2017953395843506 580
2.2094807624816895 580
2.2152256965637207 580
2.224979877471924 580
2.231265068054199 580
2.236417531967163 580
2.2459115982055664 580
2.2520742416381836 580
2.25750732421875 580
2.2666003704071045 580
2.273904800415039 580
2.2799429893493652 580
2.2886240482330322 580
2.2943763732910156 580
2.3003485202789307 580
2.308938980102539 580
2.314253807067871 580
2.323251247406006 580
2.329511880874634 580
2.335188627243042 580
2.34366774559021 580
2.3498482704162598 580
2.355529308319092 580
2.3634300231933594 580
2.3704895973205566 580
2.376215696334839 580
2.3845767974853516 580
2.390449285507202 580
2.39613938331604 580
2.404381513595581 580
2.4103400707244873 580
2.4160072803497314 580
2.4252710342407227 580
2.431354522705078 580
2.436535596847534 580
2.442641258239746 580
2.450159788131714 580
2.455698013305664 580
2.4616870880126953 580
2.4686081409454346 580
2.4749574661254883 580
2.480989456176758 580
2.4862024784088135 580
2.4921634197235107 580
2.49800181388855 580
2.5038719177246094 580
2.5099198818206787 580
2.515413284301758 580
2.5214216709136963 580
2.5284476280212402 580
2.5338516235351562 580
2.539895534515381 580
2.545417070388794 580
2.551612138748169 580
2.5570356845855713 580
2.56660795211792 580
2.5738461017608643 580
2.5799481868743896 580
2.5855884552001953 580
2.591663122177124 580
2.5970916748046875 580
2.6030118465423584 580
2.609208106994629 580
2.614384412765503 580
2.620304584503174 580
2.62703537940979 580
2.6329500675201416 580
2.6391971111297607 580
2.6443419456481934 580
2.6503164768218994 580
2.6558995246887207 580
2.6619248390197754 580
2.6673834323883057 580
2.673391103744507 580
2.6803741455078125 580
2.6860640048980713 580
2.696077346801758 580
2.702155351638794 580
2.707995891571045 580
2.713683843612671 580
2.7197835445404053 580
2.726074457168579 580
2.732114791870117 580
2.7375540733337402 580
2.7438313961029053 580
2.749871015548706 580
2.755380153656006 580
2.761404275894165 580
2.766543388366699 580
2.7725107669830322 580
2.779822826385498 580
2.7853665351867676 580
2.791398286819458 580
2.796569347381592 580
2.802621841430664 580
2.8091044425964355 580
2.81437349319458 580
2.820289373397827 580
2.825794219970703 580
2.832523822784424 580
2.8389732837677 580
2.8441646099090576 580
2.8501203060150146 580
2.855674982070923 580
2.8618032932281494 580
2.8672802448272705 580
2.873263359069824 580
2.880215644836426 580
2.885751962661743 580
2.891706943511963 580
2.897143602371216 580
2.9030489921569824 580
2.90932559967041 580
2.914543390274048 580
2.920409917831421 580
2.9260740280151367 580
2.9329447746276855 580
2.939174175262451 580
2.9444663524627686 580
2.950421094894409 580
2.955951690673828 580
2.9658422470092773 580
2.9719529151916504 580
2.977409601211548 580
2.984879970550537 580
2.9905805587768555 580
2.996229648590088 580
3.002197742462158 580
3.008054256439209 580
3.013791084289551 580
3.01982045173645 580
3.0253403186798096 580
3.032090663909912 580
3.0375406742095947 580
3.0438060760498047 580
3.049835681915283 580
3.055351734161377 580
3.061350107192993 580
3.06648850440979 580
3.0725464820861816 580
3.079023838043213 580
3.085261344909668 580
3.091294050216675 580
3.0964674949645996 580
3.1025233268737793 580
3.109039306640625 580
3.114211320877075 580
3.1202032566070557 580
3.1257407665252686 580
3.132514476776123 580
3.1390461921691895 580
3.144237756729126 580
3.1501786708831787 580
3.1557276248931885 580
3.161841869354248 580
3.1696717739105225 580
3.1752092838287354 580
3.1811888217926025 580
3.1874656677246094 580
3.193366765975952 580
3.1995861530303955 580
3.205268383026123 580
3.211301565170288 580
3.216437816619873 580
3.2224795818328857 580
3.228930950164795 580
3.235340118408203 580
3.2413203716278076 580
3.2464962005615234 580
3.252450466156006 580
3.2588682174682617 580
3.2640843391418457 580
3.2713098526000977 580
3.2764456272125244 580
3.282503128051758 580
3.2897186279296875 580
3.2952935695648193 580
3.3013205528259277 580
3.306476593017578 580
3.3124687671661377 580
3.318908214569092 580
3.324063539505005 580
3.330056667327881 580
3.336477279663086 580
3.3425636291503906 580
3.3490021228790283 580
3.354147434234619 580
3.360097646713257 580
3.3698623180389404 580
3.375474691390991 580
3.3815653324127197 580
3.388540506362915 580
3.394085168838501 580
3.4001102447509766 580
3.405764102935791 580
3.4117472171783447 580
3.4171671867370605 580
3.423107147216797 580
3.429319381713867 580
3.4344639778137207 580
3.441645622253418 580
3.4470698833465576 580
3.452970266342163 580
3.4592206478118896 580
3.46561598777771 580
3.4715776443481445 580
3.4769604206085205 580
3.4826393127441406 580
3.4897942543029785 580
3.495340347290039 580
3.501340389251709 580
3.506483316421509 580
3.512436866760254 580
3.518866777420044 580
3.524151086807251 580
3.5301244258880615 580
3.535708427429199 580
3.5423991680145264 580
3.5486176013946533 580
3.554100275039673 580
3.5600812435150146 580
3.5655994415283203 580
3.571617603302002 580
3.577047824859619 580
3.58310866355896 580
3.590074300765991 580
3.5958361625671387 580
3.6017985343933105 580
3.6072232723236084 580
3.6131646633148193 580
3.6193830966949463 580
3.624595880508423 580
3.6305365562438965 580
3.6360929012298584 580
3.6432056427001953 580
3.6494028568267822 580
3.655017375946045 580
3.66109299659729 580
3.666247606277466 580
3.672200918197632 580
3.6780290603637695 580
3.6836860179901123 580
3.689788818359375 580
3.696150302886963 580
3.702328681945801 580
3.708538770675659 580
3.7138664722442627 580
3.7199065685272217 580
3.725594997406006 580
3.7315738201141357 580
3.7370073795318604 580
3.743905782699585 580
3.749913215637207 580
3.7554521560668945 580
3.765366554260254 580
3.7715625762939453 580
3.7769734859466553 580
3.782998561859131 580
3.789241075515747 580
3.7957279682159424 580
3.801680088043213 580
3.8070547580718994 580
3.8129727840423584 580
3.8191781044006348 580
3.824448585510254 580
3.83040714263916 580
3.8359522819519043 580
3.8419408798217773 580
3.84922456741333 580
3.8546011447906494 580
3.8604886531829834 580
3.866042137145996 580
3.8720057010650635 580
3.877450466156006 580
3.8834848403930664 580
3.8897223472595215 580
3.896028995513916 580
3.90202260017395 580
3.907444477081299 580
3.9133694171905518 580
3.9195804595947266 580
3.9250659942626953 580
3.93111515045166 580
3.9362521171569824 580
3.942342519760132 580
3.949619770050049 580
3.9551637172698975 580
3.9611432552337646 580
3.9663004875183105 580
3.972299575805664 580
3.9784984588623047 580
3.98402738571167 580
3.9900076389312744 580
3.996236801147461 580
4.002347946166992 580
4.00857138633728 580
4.0138678550720215 580
4.01988959312439 580
4.025461673736572 580
4.0314600467681885 580
4.036587238311768 580
4.042555809020996 580
4.049835205078125 580
4.055406332015991 580
4.061528921127319 580
4.0666539669036865 580
4.072631359100342 580
4.079085826873779 580
4.084285736083984 580
4.090285778045654 580
4.095864295959473 580
4.102604866027832 580
4.109096050262451 580
4.114369630813599 580
4.120299339294434 580
4.125964879989624 580
4.131936550140381 580
4.137409448623657 580
4.143361330032349 580
4.150308609008789 580
4.155904054641724 580
4.161905288696289 580
4.171711206436157 580
4.179341554641724 580
4.1850292682647705 580
4.19228458404541 580
4.198471784591675 580
4.2046120166778564 580
4.2105042934417725 580
4.216273069381714 580
4.222224473953247 580
4.228042840957642 580
4.233701229095459 580
4.239824295043945 580
4.245546340942383 580
4.252323389053345 580
4.258618354797363 580
4.264045476913452 580
4.270032167434692 580
4.275549411773682 580
4.281541585922241 580
4.2869226932525635 580
4.292643308639526 580
4.299108028411865 580
4.30553674697876 580
4.311510801315308 580
4.3169591426849365 580
4.3226258754730225 580
4.329096078872681 580
4.334268093109131 580
4.340229749679565 580
4.345767498016357 580
4.352409601211548 580
4.358901023864746 580
4.364199638366699 580
4.370135307312012 580
4.375798225402832 580
4.381773233413696 580
4.387153625488281 580
4.393082857131958 580
4.3993189334869385 580
4.405707836151123 580
4.411717414855957 580
4.41716456413269 580
4.423226594924927 580
4.434887170791626 580
4.440983295440674 580
4.446154832839966 580
4.452157497406006 580
4.459442853927612 580
4.4657347202301025 580
4.47172737121582 580
4.477155685424805 580
4.483238697052002 580
4.489477634429932 580
4.494895696640015 580
4.500552177429199 580
4.507343769073486 580
4.513307809829712 580
4.519475936889648 580
4.524888515472412 580
4.53056263923645 580
4.536151170730591 580
4.5422399044036865 580
4.548461437225342 580
4.554929733276367 580
4.561074256896973 580
4.57110595703125 580
4.576289176940918 580
4.58236837387085 580
4.588544607162476 580
4.5940868854522705 580
4.600069999694824 580
4.606488466262817 580
4.612529277801514 580
4.618989706039429 580
4.624161720275879 580
4.630099058151245 580
4.635783433914185 580
4.641759872436523 580
4.647201299667358 580
4.653140306472778 580
4.660176515579224 580
4.665794610977173 580
4.671774864196777 580
4.677258253097534 580
4.683159828186035 580
4.689348220825195 580
4.694615840911865 580
4.701050281524658 580
4.707266330718994 580
4.7132484912872314 580
4.719502925872803 580
4.725058317184448 580
4.731135368347168 580
4.736279487609863 580
4.742253303527832 580
4.748077869415283 580
4.753776788711548 580
4.7604475021362305 580
4.766098737716675 580
4.772091865539551 580
4.777544736862183 580
4.783802270889282 580
4.789849758148193 580
4.795367240905762 580
4.8013739585876465 580
4.806521654129028 580
4.8135154247283936 580
4.8196938037872314 580
4.8252105712890625 580
4.831191539764404 580
4.836321592330933 580
4.842422008514404 580
4.848637342453003 580
4.854046583175659 580
4.86115026473999 580
4.866289138793945 580
4.872316122055054 580
4.878569602966309 580
4.883862257003784 580
4.889901399612427 580
4.895556926727295 580
4.901639461517334 580
4.907083749771118 580
4.914127349853516 580
4.920078277587891 580
4.925590753555298 580
4.931550979614258 580
4.9369587898254395 580
4.942617177963257 580
4.949096202850342 580
4.954295873641968 580
4.9602580070495605 580
4.971496105194092 580
4.976948022842407 580
4.982956171035767 580
4.989171028137207 580
4.994396209716797 580
5.000328779220581 580
5.005897760391235 580
5.012903451919556 580
5.019141912460327 580
5.024386405944824 580
5.030329942703247 580
5.035880088806152 580
5.041863918304443 580
5.047292947769165 580
5.053215026855469 580
5.059400320053101 580
5.065710067749023 580
5.071706056594849 580
5.077176094055176 580
5.0832359790802 580
5.08943772315979 580
5.094618082046509 580
5.100548028945923 580
5.106082439422607 580
5.112073183059692 580
5.119215488433838 580
5.124374628067017 580
5.130294322967529 580
5.135869741439819 580
5.141972064971924 580
5.147436618804932 580
5.153484582901001 580
5.15967321395874 580
5.1671953201293945 580
5.173538446426392 580
5.179699659347534 580
5.18520450592041 580
5.191191673278809 580
5.196360349655151 580
5.2024548053741455 580
5.208905935287476 580
5.214091777801514 580
5.221313714981079 580
5.226460695266724 580
5.232403993606567 580
5.2386016845703125 580
5.243930816650391 580
5.24998664855957 580
5.255491256713867 580
5.261565446853638 580
5.268548011779785 580
5.27385139465332 580
5.279871702194214 580
5.285539150238037 580
5.291540861129761 580
5.29694938659668 580
5.302656173706055 580
5.30910849571228 580
5.314255475997925 580
5.321574449539185 580
5.327138185501099 580
5.333052158355713 580
5.339317798614502 580
5.344465255737305 580
5.350398540496826 580
5.355930328369141 580
5.361873626708984 580
5.371716737747192 580
5.3786537647247314 580
5.384264230728149 580
5.390229940414429 580
5.395885229110718 580
5.401992082595825 580
5.407441139221191 580
5.4134743213653564 580
5.420442581176758 580
5.425975561141968 580
5.431964874267578 580
5.437425374984741 580
5.44346809387207 580
5.449679851531982 580
5.455197334289551 580
5.461192846298218 580
5.467416286468506 580
5.47432541847229 580
5.480289936065674 580
5.48581600189209 580
5.491775035858154 580
5.497211933135986 580
5.503267288208008 580
5.509443283081055 580
5.514859437942505 580
5.521773099899292 580
5.5272252559661865 580
5.533187627792358 580
5.539366960525513 580
5.5449159145355225 580
5.550594806671143 580
5.556116104125977 580
5.562219619750977 580
5.56808066368103 580
5.57499885559082 580
5.5810768604278564 580
5.5862274169921875 580
5.592203140258789 580
5.598054647445679 580
5.603805780410767 580
5.609827756881714 580
5.61535382270813 580
5.622209548950195 580
5.628476619720459 580
5.633829832077026 580
5.639858961105347 580
5.645400047302246 580
5.651440382003784 580
5.656570196151733 580
5.6625213623046875 580
5.668984651565552 580
5.675470352172852 580
5.681588888168335 580
5.686966419219971 580
5.692629098892212 580
5.699091196060181 580
5.704337120056152 580
5.710263729095459 580
5.715807199478149 580
5.721756935119629 580
5.728972673416138 580
5.734193801879883 580
5.740131139755249 580
5.745776891708374 580
5.751763105392456 580
5.757184982299805 580
5.7631261348724365 580
5.772596120834351 580
5.780560493469238 580
5.786231517791748 580
5.792340278625488 580
5.7985405921936035 580
5.804183006286621 580
5.810132265090942 580
5.815690994262695 580
5.82162618637085 580
5.8288679122924805 580
5.834077596664429 580
5.840089559555054 580
5.845644474029541 580
5.851618051528931 580
5.85706353187561 580
5.863109350204468 580
5.869326829910278 580
5.874552249908447 580
5.881682395935059 580
5.887108325958252 580
5.893024206161499 580
5.8992273807525635 580
5.9043755531311035 580
5.910298824310303 580
5.915884733200073 580
5.9219725131988525 580
5.9292333126068115 580
5.934571981430054 580
5.94042444229126 580
5.9459357261657715 580
5.95194935798645 580
5.9574315547943115 580
5.963369131088257 580
5.96952223777771 580
5.9749274253845215 580
5.981813430786133 580
5.987271308898926 580
5.9932684898376465 580
5.999471426010132 580
6.004885911941528 580
6.010560512542725 580
6.016083002090454 580
6.022034406661987 580
6.029224395751953 580
6.0344202518463135 580
6.040380477905273 580
6.04604697227478 580
6.052056789398193 580
6.057508707046509 580
6.06354284286499 580
6.069829940795898 580
6.0753562450408936 580
6.082127809524536 580
6.087576389312744 580
6.093531370162964 580
6.099701404571533 580
6.105352401733398 580
6.111337423324585 580
6.116470098495483 580
6.122386932373047 580
6.128620386123657 580
6.135242223739624 580
6.14121150970459 580
6.146346092224121 580
6.15233302116394 580
6.158570289611816 580
6.164082050323486 580
6.170030355453491 580
6.182353258132935 580
6.188599109649658 580
6.194244623184204 580
6.20021653175354 580
6.205854654312134 580
6.214280605316162 580
6.224899530410767 580
6.230584383010864 580
6.239887475967407 580
6.245448112487793 580
6.251581430435181 580
6.259352207183838 580
6.264614582061768 580
6.271021127700806 580
6.276216268539429 580
6.283295631408691 580
6.289524793624878 580
6.294954776763916 580
6.30060338973999 580
6.306156873703003 580
6.312166213989258 580
6.317981958389282 580
6.323819875717163 580
6.329875230789185 580
6.3361897468566895 580
6.342324256896973 580
6.348536252975464 580
6.353846073150635 580
6.359865665435791 580
6.365383863449097 580
6.371395587921143 580
6.376545667648315 580
6.382524490356445 580
6.38974404335022 580
6.395303249359131 580
6.401408910751343 580
6.40655255317688 580
6.412548303604126 580
6.418987035751343 580
6.424163103103638 580
6.430115222930908 580
6.438945531845093 580
6.444147109985352 580
6.450090169906616 580
6.455749988555908 580
6.461849212646484 580
6.468991994857788 580
6.474173545837402 580
6.480133295059204 580
6.486432790756226 580
6.492429971694946 580
6.49862813949585 580
6.5039451122283936 580
6.510015964508057 580
6.515514373779297 580
6.5215911865234375 580
6.527041673660278 580
6.532939195632935 580
6.539978742599487 580
6.545481204986572 580
6.551458835601807 580
6.5565900802612305 580
6.562541961669922 580
6.568986654281616 580
6.5791521072387695 580
6.5846240520477295 580
6.591849088668823 580
6.597314834594727 580
6.603325843811035 580
6.6095287799835205 580
6.614988327026367 580
6.621099233627319 580
6.626262426376343 580
6.632211923599243 580
6.638064384460449 580
6.645010471343994 580
6.651050090789795 580
6.656197786331177 580
6.662156343460083 580
6.66794228553772 580
6.673527240753174 580
6.679726839065552 580
6.6914222240448 580
6.696614027023315 580
6.703033685684204 580
6.70930814743042 580
6.71486234664917 580
6.720568895339966 580
6.72612452507019 580
6.73210883140564 580
6.737946033477783 580
6.744589328765869 580
6.750426769256592 580
6.755953550338745 580
6.762060642242432 580
6.767486095428467 580
6.773465633392334 580
6.779675722122192 580
6.785148859024048 580
6.791157007217407 580
6.797441244125366 580
6.803375959396362 580
6.809628963470459 580
6.815171480178833 580
6.821248531341553 580
6.826374530792236 580
6.83235502243042 580
6.838585615158081 580
6.845335006713867 580
6.851339817047119 580
6.8564841747283936 580
6.8624608516693115 580
6.868931293487549 580
6.874100685119629 580
6.880070447921753 580
6.885720252990723 580
6.891724348068237 580
6.898967027664185 580
6.90417742729187 580
6.910148620605469 580
6.915692329406738 580
6.921623945236206 580
6.927033185958862 580
6.9329445362091064 580
6.939188241958618 580
6.945617198944092 580
6.9516212940216064 580
6.957054376602173 580
6.962988376617432 580
6.969257593154907 580
6.979114770889282 580
6.9843714237213135 580
6.990288257598877 580
6.997030973434448 580
7.003250598907471 580
7.009448051452637 580
7.014855861663818 580
7.0205397605896 580
7.0260820388793945 580
7.0320820808410645 580
7.0375306606292725 580
7.043529748916626 580
7.0505430698394775 580
7.05613112449646 580
7.062218189239502 580
7.068096160888672 580
7.0738301277160645 580
7.0798985958099365 580
7.085443735122681 580
7.091450452804565 580
7.098057508468628 580
7.103926658630371 580
7.1099693775177 580
7.115524768829346 580
7.121622323989868 580
7.12708044052124 580
7.133008718490601 580
7.1392340660095215 580
7.144388914108276 580
7.151451587677002 580
7.156586647033691 580
7.1625657081604 580
7.1690428256988525 580
7.174210786819458 580
7.180142402648926 580
7.185796022415161 580
7.1917805671691895 580
7.199810981750488 580
7.2057225704193115 580
7.211697101593018 580
7.217109680175781 580
7.223021507263184 580
7.229300260543823 580
7.234649658203125 580
7.240519046783447 580
7.246183395385742 580
7.253263473510742 580
7.259497880935669 580
7.264891147613525 580
7.270553827285767 580
7.276089191436768 580
7.282039642333984 580
7.287470102310181 580
7.293399095535278 580
7.299649000167847 580
7.30609917640686 580
7.312031030654907 580
7.317452907562256 580
7.323396444320679 580
7.329636812210083 580
7.335154056549072 580
7.34110689163208 580
7.346249103546143 580
7.3532469272613525 580
7.35947847366333 580
7.365167617797852 580
7.371136426925659 580
7.381248712539673 580
7.38639497756958 580
7.392473220825195 580
7.398899078369141 580
7.405374526977539 580
7.411379098892212 580
7.416521787643433 580
7.4225852489471436 580
7.429100751876831 580
7.434255599975586 580
7.440208196640015 580
7.44572377204895 580
7.4517176151275635 580
7.458990097045898 580
7.465216159820557 580
7.471191883087158 580
7.476312875747681 580
7.482396364212036 580
7.488595247268677 580
7.494258642196655 580
7.500217914581299 580
7.506409645080566 580
7.512359619140625 580
7.518572092056274 580
7.523867130279541 580
7.529911041259766 580
7.535432815551758 580
7.541524887084961 580
7.546649932861328 580
7.552623271942139 580
7.559924840927124 580
7.565436124801636 580
7.5714380741119385 580
7.576568365097046 580
7.582570314407349 580
7.5890116691589355 580
7.594198703765869 580
7.600137710571289 580
7.606578588485718 580
7.612536430358887 580
7.6189961433410645 580
7.624333620071411 580
7.6302735805511475 580
7.635825872421265 580
7.641780376434326 580
7.647211790084839 580
7.653152704238892 580
7.660182476043701 580
7.665823459625244 580
7.671799182891846 580
7.677222013473511 580
7.683147430419922 580
7.689344882965088 580
7.69892954826355 580
7.704254388809204 580
7.711463212966919 580
7.716625690460205 580
7.722936630249023 580
7.729138374328613 580
7.7371485233306885 580
7.7431817054748535 580
7.749393701553345 580
7.755208730697632 580
7.76199746131897 580
7.767428398132324 580
7.773378372192383 580
7.7833733558654785 580
7.789700508117676 580
7.795348405838013 580
7.801442384719849 580
7.806574583053589 580
7.813708543777466 580
7.819829702377319 580
7.8253796100616455 580
7.83138370513916 580
7.836531162261963 580
7.842581510543823 580
7.8490095138549805 580
7.85421895980835 580
7.861328125 580
7.866480827331543 580
7.872429132461548 580
7.878607988357544 580
7.8841471672058105 580
7.890116930007935 580
7.895691394805908 580
7.9018049240112305 580
7.907315254211426 580
7.914283037185669 580
7.9202516078948975 580
7.92577600479126 580
7.93176794052124 580
7.937227725982666 580
7.943179130554199 580
7.949335813522339 580
7.954578638076782 580
7.9617040157318115 580
7.967183589935303 580
7.973105192184448 580
7.979309558868408 580
7.984556436538696 580
7.99039626121521 580
7.995951175689697 580
8.00192403793335 580
8.007393836975098 580
8.014607667922974 580
8.020490646362305 580
8.026155233383179 580
8.03212594985962 580
8.037937641143799 580
8.043502807617188 580
8.049713134765625 580
8.055259227752686 580
8.061209440231323 580
8.067466497421265 580
8.073430061340332 580
8.079632043838501 580
8.085302114486694 580
8.09131383895874 580
8.096532106399536 580
8.102506399154663 580
8.108940601348877 580
8.115172147750854 580
8.121187925338745 580
8.12633466720581 580
8.132423162460327 580
8.138604640960693 580
8.14413595199585 580
8.150076389312744 580
8.15569806098938 580
8.161660432815552 580
8.168874740600586 580
8.174080610275269 580
8.1841299533844 580
8.190097332000732 580
8.195708513259888 580
8.203263282775879 580
8.20984935760498 580
8.216288328170776 580
8.222269058227539 580
8.22843050956726 580
8.233769655227661 580
8.239866256713867 580
8.245395421981812 580
8.251394748687744 580
8.256557941436768 580
8.262622594833374 580
8.269847631454468 580
8.275539636611938 580
8.282039403915405 580
8.287473440170288 580
8.293395519256592 580
8.299654483795166 580
8.305217981338501 580
8.31122374534607 580
8.317500114440918 580
8.32353138923645 580
8.329824209213257 580
8.335357904434204 580
8.341369867324829 580
8.346516847610474 580
8.352489233016968 580
8.358942985534668 580
8.3641197681427 580
8.371371030807495 580
8.37651801109314 580
8.382602453231812 580
8.389086246490479 580
8.39426040649414 580
8.400235176086426 580
8.405916452407837 580
8.411851167678833 580
8.419046401977539 580
8.424245357513428 580
8.430217266082764 580
8.435770750045776 580
8.441868782043457 580
8.447302103042603 580
8.4532151222229 580
8.459409475326538 580
8.465674877166748 580
8.472319602966309 580
8.478634595870972 580
8.484055757522583 580
8.490010499954224 580
8.495546102523804 580
8.5016188621521 580
8.507079839706421 580
8.512999773025513 580
8.519198417663574 580
8.525578737258911 580
8.531674861907959 580
8.537109851837158 580
8.543100833892822 580
8.549331665039062 580
8.55457592010498 580
8.560427904129028 580
8.566079378128052 580
8.573100328445435 580
8.58192253112793 580
8.589099407196045 580
8.594369888305664 580
8.60033106803894 580
8.605982542037964 580
8.612066984176636 580
8.61750054359436 580
8.624553918838501 580
8.630408525466919 580
8.635966539382935 580
8.641947031021118 580
8.64741063117981 580
8.653340101242065 580
8.659520387649536 580
8.665167808532715 580
8.671177864074707 580
8.677470684051514 580
8.683521747589111 580
8.689712285995483 580
8.696524381637573 580
8.702634572982788 580
8.709107160568237 580
8.714259147644043 580
8.720240354537964 580
8.726452589035034 580
8.732412576675415 580
8.738653182983398 580
8.74416995048523 580
8.750132322311401 580
8.755690574645996 580
8.761623859405518 580
8.767054319381714 580
8.77313756942749 580
8.78014612197876 580
8.785698652267456 580
8.791789770126343 580
8.797239780426025 580
8.803329706192017 580
8.809527158737183 580
8.814977169036865 580
8.82102656364441 580
8.827359914779663 580
8.833317995071411 580
8.8395254611969 580
8.8449547290802 580
8.851009130477905 580
8.856192588806152 580
8.862256526947021 580
8.8684561252594 580
8.87382459640503 580
8.880979776382446 580
8.886168003082275 580
8.892149686813354 580
8.897942304611206 580
8.903534650802612 580
8.909728288650513 580
8.915269374847412 580
8.921428680419922 580
8.928478240966797 580
8.933821201324463 580
8.939895868301392 580
8.951404809951782 580
8.956591844558716 580
8.962578058242798 580
8.969034194946289 580
8.974183082580566 580
8.985025882720947 580
8.991186380386353 580
8.996352434158325 580
9.002460241317749 580
9.008944749832153 580
9.014233112335205 580
9.020177364349365 580
9.02572512626648 580
9.032438516616821 580
9.038902759552002 580
9.044187784194946 580
9.050129413604736 580
9.055817365646362 580
9.061773777008057 580
9.067230463027954 580
9.073155879974365 580
9.080111026763916 580
9.08571982383728 580
9.091712713241577 580
9.097142457962036 580
9.103229761123657 580
9.109474897384644 580
9.114918947219849 580
9.120593786239624 580
9.126135349273682 580
9.133257150650024 580
9.139487504959106 580
9.144893169403076 580
9.150581121444702 580
9.156107664108276 580
9.162195205688477 580
9.168451309204102 580
9.173825025558472 580
9.179860830307007 580
9.186293840408325 580
9.192261219024658 580
9.19848918914795 580
9.203825235366821 580
9.21166443824768 580
9.21709132194519 580
9.22310209274292 580
9.229339361190796 580
9.235788345336914 580
9.241757154464722 580
9.247153759002686 580
9.255538702011108 580
9.26905632019043 580
9.275906801223755 580
9.2836754322052 580
9.290355443954468 580
9.297482013702393 580
9.303405523300171 580
9.310082912445068 580
9.315970659255981 580
9.323285341262817 580
9.329514026641846 580
9.335713863372803 580
9.341848850250244 580
9.347307682037354 580
9.353230476379395 580
9.35944652557373 580
9.36465048789978 580
9.370516061782837 580
9.376066446304321 580
9.387118577957153 580
9.39310908317566 580
9.399339437484741 580
9.405060768127441 580
9.411269187927246 580
9.41642951965332 580
9.422356367111206 580
9.42854928970337 580
9.43387222290039 580
9.441219806671143 580
9.446365118026733 580
9.452323198318481 580
9.458529949188232 580
9.471745729446411 580
9.48054838180542 580
9.490353345870972 580
9.495989322662354 580
9.502953052520752 580
9.511515378952026 580
9.516933917999268 580
9.5231294631958 580
9.53003716468811 580
9.535750150680542 580
9.545292615890503 580
9.551437616348267 580
9.556565284729004 580
9.565167665481567 580
9.571396112442017 580
9.576561212539673 580
9.585148096084595 580
9.591954708099365 580
9.597423791885376 580
9.60576319694519 580
9.611762285232544 580
9.617180109024048 580
9.625921726226807 580
9.635468244552612 580
9.644421100616455 580
9.650411605834961 580
9.65593957901001 580
9.666627883911133 580
9.672891616821289 580
9.679102659225464 580
9.686387062072754 580
9.693421602249146 580
9.699643850326538 580
9.707263469696045 580
9.713190793991089 580
9.71941065788269 580
9.724634408950806 580
9.73393964767456 580
9.74181079864502 580
9.747259855270386 580
9.755566358566284 580
9.761693239212036 580
9.767149686813354 580
9.775210857391357 580
9.784923315048218 580
9.791992425918579 580
9.797459840774536 580
9.811612606048584 580
9.817079305648804 580
9.823256492614746 580
9.82947850227356 580
9.845340251922607 580
9.851399183273315 580
9.856556415557861 580
9.866108655929565 580
9.873239517211914 580
9.881858825683594 580
9.890106439590454 580
9.89664101600647 580
9.90493893623352 580
9.913892984390259 580
9.92124056816101 580
9.92949652671814 580
9.93705701828003 580
9.944306135177612 580
9.950266361236572 580
9.96119999885559 580
9.966450214385986 580
9.972398042678833 580
9.981812715530396 580
9.990250825881958 580
9.996591091156006 580
10.002920627593994 580
10.009161949157715 580
10.014304161071777 580
10.020271301269531 580
10.025821208953857 580
10.03179121017456 580
10.037249326705933 580
10.04322099685669 580
10.050205945968628 580
10.055723190307617 580
10.061811685562134 580
10.067282438278198 580
10.073276281356812 580
10.079490900039673 580
10.084929704666138 580
10.09060525894165 580
10.09729290008545 580
10.10326361656189 580
10.10948896408081 580
10.114917278289795 580
10.12109112739563 580
10.1262948513031 580
10.132280111312866 580
10.138497114181519 580
10.14384937286377 580
10.15113353729248 580
10.156282901763916 580
10.162237405776978 580
10.168477058410645 580
10.173846960067749 580
10.17988109588623 580
10.189825057983398 580
10.195510387420654 580
10.202431201934814 580
10.20865273475647 580
10.214198350906372 580
10.220444440841675 580
10.22752571105957 580
10.233475685119629 580
10.23967170715332 580
10.245387554168701 580
10.252147197723389 580
10.25803017616272 580
10.263701677322388 580
10.269810438156128 580
10.27699589729309 580
10.282962083816528 580
10.289226770401001 580
10.29439902305603 580
10.30153751373291 580
10.306941986083984 580
10.312628030776978 580
10.319085121154785 580
10.32426643371582 580
10.330235958099365 580
10.335767030715942 580
10.341741800308228 580
10.347163915634155 580
10.35431718826294 580
10.360292196273804 580
10.36594009399414 580
10.371950149536133 580
10.377415895462036 580
10.383352279663086 580
10.389582395553589 580
10.395025253295898 580
10.401830911636353 580
10.407310724258423 580
10.41322374343872 580
10.419416427612305 580
10.425017833709717 580
10.431084156036377 580
10.43620753288269 580
10.442153453826904 580
10.447941541671753 580
10.454561471939087 580
10.460476875305176 580
10.467095851898193 580
10.472994327545166 580
10.47921371459961 580
10.484622955322266 580
10.490539073944092 580
10.496083736419678 580
10.503113031387329 580
10.509334564208984 580
10.514543056488037 580
10.52041506767273 580
10.525963306427002 580
10.531957387924194 580
10.537442207336426 580
10.543487071990967 580
10.549700736999512 580
10.556050539016724 580
10.562036991119385 580
10.567466020584106 580
10.57340121269226 580
10.57958984375 580
10.589289665222168 580
10.594613790512085 580
10.600489616394043 580
10.607365846633911 580
10.613511800765991 580
10.619751214981079 580
10.625283002853394 580
10.63129472732544 580
10.63646674156189 580
10.642390966415405 580
10.648614645004272 580
10.655176639556885 580
10.661319017410278 580
10.666485071182251 580
10.67244267463684 580
10.678887844085693 580
10.684087753295898 580
10.690091133117676 580
10.695629596710205 580
10.701740980148315 580
10.70902395248413 580
10.714211463928223 580
10.720194578170776 580
10.725838422775269 580
10.731786966323853 580
10.737263917922974 580
10.743349313735962 580
10.74954104423523 580
10.754984378814697 580
10.761867046356201 580
10.76731562614441 580
10.773219585418701 580
10.779404163360596 580
10.785005569458008 580
10.791625261306763 580
10.797045469284058 580
10.802975416183472 580
10.810041666030884 580
10.815606117248535 580
10.821574687957764 580
10.826966047286987 580
10.832887172698975 580
10.839114427566528 580
10.84437108039856 580
10.850318431854248 580
10.855905532836914 580
10.862511396408081 580
10.868992805480957 580
10.874292135238647 580
10.880254983901978 580
10.885794401168823 580
10.891758680343628 580
10.897174835205078 580
10.903220176696777 580
10.910133123397827 580
10.915726900100708 580
10.921721935272217 580
10.927156686782837 580
10.933103799819946 580
10.939371585845947 580
10.944604635238647 580
10.952194452285767 580
10.958069801330566 580
10.965155601501465 580
10.971130132675171 580
10.97627592086792 580
10.982222080230713 580
10.99208688735962 580
10.997497320175171 580
11.003826379776001 580
11.009872436523438 580
11.016341209411621 580
11.022413969039917 580
11.028611660003662 580
11.03393292427063 580
11.03998351097107 580
11.045538902282715 580
11.051507949829102 580
11.056636571884155 580
11.063500881195068 580
11.069677352905273 580
11.075203895568848 580
11.081315755844116 580
11.086484670639038 580
11.092466831207275 580
11.09889531135559 580
11.10409426689148 580
11.110058784484863 580
11.116477489471436 580
11.12240719795227 580
11.128866910934448 580
11.134192705154419 580
11.14013123512268 580
11.145779848098755 580
11.151763439178467 580
11.157219886779785 580
11.164220809936523 580
11.170201539993286 580
11.175742864608765 580
11.1817626953125 580
11.187171459197998 580
11.193126678466797 580
11.199338674545288 580
11.204881191253662 580
11.21097993850708 580
11.217308044433594 580
11.22324800491333 580
11.231350898742676 580
11.23649787902832 580
11.242483139038086 580
11.248914241790771 580
11.254088878631592 580
11.260062456130981 580
11.26650333404541 580
11.272474765777588 580
11.278924703598022 580
11.290300846099854 580
11.295933961868286 580
11.301937103271484 580
11.307400941848755 580
11.31333875656128 580
11.320334434509277 580
11.32598876953125 580
11.331962823867798 580
11.337419509887695 580
11.343408823013306 580
11.349645137786865 580
11.355175733566284 580
11.361156702041626 580
11.36742353439331 580
11.373372077941895 580
11.379608869552612 580
11.389404535293579 580
11.395232200622559 580
11.40136456489563 580
11.40657639503479 580
11.41289234161377 580
11.419940710067749 580
11.42546820640564 580
11.431458950042725 580
11.436591148376465 580
11.44294786453247 580
11.449207782745361 580
11.454378366470337 580
11.460363388061523 580
11.46663236618042 580
11.473812580108643 580
11.479880094528198 580
11.485388278961182 580
11.491408109664917 580
11.49656343460083 580
11.502648830413818 580
11.509190320968628 580
11.514333248138428 580
11.52152681350708 580
11.526937484741211 580
11.532597541809082 580
11.53909158706665 580
11.544260263442993 580
11.550240755081177 580
11.55577826499939 580
11.561861276626587 580
11.56731390953064 580
11.574302673339844 580
11.580261468887329 580
11.58579969406128 580
11.59175729751587 580
11.597173929214478 580
11.603105306625366 580
11.60935115814209 580
11.61458945274353 580
11.621715545654297 580
11.627146005630493 580
11.633066415786743 580
11.63932466506958 580
11.644594192504883 580
11.650446653366089 580
11.656102180480957 580
11.66210675239563 580
11.667553663253784 580
11.674626350402832 580
11.680538654327393 580
11.68619155883789 580
11.692159414291382 580
11.69801664352417 580
11.70386815071106 580
11.709915161132812 580
11.715417861938477 580
11.721426248550415 580
11.728499412536621 580
11.736554622650146 580
11.747483253479004 580
11.753427982330322 580
11.759648084640503 580
11.765204906463623 580
11.771192073822021 580
11.777458190917969 580
11.783521890640259 580
11.79333233833313 580
11.799586534500122 580
11.805374383926392 580
11.811501502990723 580
11.816640377044678 580
11.82380485534668 580
11.829982280731201 580
11.835548877716064 580
11.841536521911621 580
11.846931457519531 580
11.852613687515259 580
11.859076261520386 580
11.864370346069336 580
11.870299339294434 580
11.876576662063599 580
11.882557153701782 580
11.888995170593262 580
11.894214391708374 580
11.900185346603394 580
11.90572190284729 580
11.911850214004517 580
11.917333602905273 580
11.923372745513916 580
11.930392265319824 580
11.935949802398682 580
11.941983938217163 580
11.947436809539795 580
11.953358173370361 580
11.959532499313354 580
11.965008735656738 580
11.97109079360962 580
11.977384805679321 580
11.983444213867188 580
11.989681243896484 580
11.99522614479065 580
12.001197576522827 580
12.006380558013916 580
12.012344121932983 580
12.018558502197266 580
12.023891687393188 580
12.031187534332275 580
12.036325693130493 580
12.042438745498657 580
12.048911333084106 580
12.054090976715088 580
12.060072183609009 580
12.06564974784851 580
12.071618556976318 580
12.07855749130249 580
12.083878755569458 580
12.089925527572632 580
12.09547472000122 580
12.101571321487427 580
12.106987714767456 580
12.112655401229858 580
12.119127750396729 580
12.124273777008057 580
12.131431102752686 580
12.136589527130127 580
12.142576217651367 580
12.149042844772339 580
12.15423035621643 580
12.160146236419678 580
12.165849208831787 580
12.172021865844727 580
12.177454948425293 580
12.18437123298645 580
12.193903684616089 580
12.199928522109985 580
12.205557107925415 580
12.21163296699524 580
12.217079877853394 580
12.223256826400757 580
12.231592178344727 580
12.237419366836548 580
12.243347644805908 580
12.249531507492065 580
12.255015850067139 580
12.261068344116211 580
12.266224384307861 580
12.272204399108887 580
12.278067350387573 580
12.284989595413208 580
12.291072368621826 580
12.296234846115112 580
12.302334547042847 580
12.30854868888855 580
12.313874006271362 580
12.319955587387085 580
12.325473546981812 580
12.332250356674194 580
12.338541507720947 580
12.34410572052002 580
12.35004210472107 580
12.355582475662231 580
12.361551523208618 580
12.366982460021973 580
12.372621536254883 580
12.379084348678589 580
12.385455131530762 580
12.391473054885864 580
12.396628618240356 580
12.402973651885986 580
12.409196853637695 580
12.4143545627594 580
12.420300245285034 580
12.425861358642578 580
12.431961059570312 580
12.439084768295288 580
12.444257259368896 580
12.450212240219116 580
12.455774307250977 580
12.461872100830078 580
12.469048023223877 580
12.474193096160889 580
12.480126857757568 580
12.486507415771484 580
12.492490768432617 580
12.498960733413696 580
12.504150390625 580
12.51016116142273 580
12.515714883804321 580
12.521852970123291 580
12.527309656143188 580
12.533212423324585 580
12.540211915969849 580
12.545755386352539 580
12.55177116394043 580
12.557246208190918 580
12.563298225402832 580
12.569502830505371 580
12.574920892715454 580
12.580605030059814 580
12.58741021156311 580
12.597153186798096 580
12.603186130523682 580
12.609395742416382 580
12.614988565444946 580
12.621211290359497 580
12.626350402832031 580
12.632319450378418 580
12.639628171920776 580
12.645278692245483 580
12.651329278945923 580
12.656491041183472 580
12.662461519241333 580
12.668916702270508 580
12.674104452133179 580
12.68007206916809 580
12.685606718063354 580
12.696213483810425 580
12.702417850494385 580
12.708911418914795 580
12.71410059928894 580
12.72006607055664 580
12.7256019115448 580
12.73156213760376 580
12.736963033676147 580
12.743809223175049 580
12.749855279922485 580
12.755371809005737 580
12.761481523513794 580
12.766625165939331 580
12.772615671157837 580
12.779106140136719 580
12.78426742553711 580
12.791414260864258 580
12.79656434059143 580
12.802551031112671 580
12.808994770050049 580
12.814188957214355 580
12.820121765136719 580
12.825835943222046 580
12.831802606582642 580
12.837241649627686 580
12.844258546829224 580
12.85026478767395 580
12.85578989982605 580
12.86176085472107 580
12.867168426513672 580
12.87305736541748 580
12.879337549209595 580
12.884897708892822 580
12.891759634017944 580
12.89723253250122 580
12.903159618377686 580
12.909379959106445 580
12.914624691009521 580
12.92049503326416 580
12.926042318344116 580
12.932080745697021 580
12.937497615814209 580
12.94489860534668 580
12.951091289520264 580
12.956295013427734 580
12.96223759651184 580
12.96806025505066 580
12.97379994392395 580
12.979859352111816 580
12.985383033752441 580
12.995295763015747 580
13.002189874649048 580
13.008073329925537 580
13.014054298400879 580
13.020026922225952 580
13.025598049163818 580
13.031554460525513 580
13.036961078643799 580
13.043689489364624 580
13.049822092056274 580
13.055360794067383 580
13.061443328857422 580
13.066593885421753 580
13.072574615478516 580
13.079025268554688 580
13.084321737289429 580
13.090277671813965 580
13.096620321273804 580
13.102580070495605 580
13.10904335975647 580
13.114222288131714 580
13.120195388793945 580
13.125805139541626 580
13.13178014755249 580
13.137215614318848 580
13.143186807632446 580
13.150177717208862 580
13.1557297706604 580
13.161719560623169 580
13.167163133621216 580
13.17306923866272 580
13.179332494735718 580
13.184930324554443 580
13.19060230255127 580
13.197219371795654 580
13.203169107437134 580
13.2093985080719 580
13.214985132217407 580
13.221101760864258 580
13.226263523101807 580
13.232238292694092 580
13.238067865371704 580
13.244415283203125 580
13.252484321594238 580
13.258954763412476 580
13.264150619506836 580
13.270151138305664 580
13.275702953338623 580
13.281694173812866 580
13.287104606628418 580
13.295519828796387 580
13.302263975143433 580
13.308454275131226 580
13.313820600509644 580
13.319879055023193 580
13.325396060943604 580
13.331418991088867 580
13.336579322814941 580
13.342891693115234 580
13.349885940551758 580
13.355440139770508 580
13.361573219299316 580
13.36709976196289 580
13.373003959655762 580
13.379204750061035 580
13.384364366531372 580
13.390312433242798 580
13.401599407196045 580
13.407053709030151 580
13.413108110427856 580
13.419327020645142 580
13.42500114440918 580
13.431102275848389 580
13.436318635940552 580
13.442297220230103 580
13.448482513427734 580
13.455055713653564 580
13.461155652999878 580
13.473388195037842 580
13.479665756225586 580
13.485288619995117 580
13.491310596466064 580
13.496496677398682 580
13.503463745117188 580
13.509685039520264 580
13.515186071395874 580
13.521159887313843 580
13.526349782943726 580
13.532325983047485 580
13.538530349731445 580
13.544076204299927 580
13.550068855285645 580
13.55642294883728 580
13.562381982803345 580
13.568617343902588 580
13.574132204055786 580
13.58005428314209 580
13.585585117340088 580
13.591560125350952 580
13.59708857536316 580
13.604220151901245 580
13.610199689865112 580
13.615734815597534 580
13.621734380722046 580
13.627230644226074 580
13.633198022842407 580
13.639396667480469 580
13.644618272781372 580
13.650527715682983 580
13.657182455062866 580
13.663244247436523 580
13.669435501098633 580
13.674855470657349 580
13.680553913116455 580
13.686115026473999 580
13.69211483001709 580
13.697976350784302 580
13.703822374343872 580
13.711068391799927 580
13.716238975524902 580
13.722318887710571 580
13.728563785552979 580
13.734104871749878 580
13.740086078643799 580
13.745612144470215 580
13.751630544662476 580
13.758898258209229 580
13.764096736907959 580
13.770066022872925 580
13.77559781074524 580
13.78168535232544 580
13.787145614624023 580
13.795893907546997 580
13.80289077758789 580
13.809937477111816 580
13.815572500228882 580
13.821654796600342 580
13.827164649963379 580
13.833093404769897 580
13.83932089805603 580
13.844855070114136 580
13.85055160522461 580
13.8571035861969 580
13.86323356628418 580
13.869439840316772 580
13.874877691268921 580
13.8805410861969 580
13.88606882095337 580
13.89292573928833 580
13.899158716201782 580
13.904567003250122 580
13.911623001098633 580
13.917081117630005 580
13.923136949539185 580
13.929352521896362 580
13.934553146362305 580
13.940425395965576 580
13.9459810256958 580
13.951946258544922 580
13.957427740097046 580
13.964550256729126 580
13.970417737960815 580
13.97597622871399 580
13.981955528259277 580
13.98742938041687 580
13.993505716323853 580
13.99971866607666 580
14.005287170410156 580
14.012101173400879 580
14.0175199508667 580
14.023704290390015 580
14.029832601547241 580
14.035357475280762 580
14.041345119476318 580
14.046488761901855 580
14.05249285697937 580
14.05897831916809 580
14.065343856811523 580
14.071340084075928 580
14.076500177383423 580
14.082560062408447 580
14.088994026184082 580
14.094221830368042 580
14.10015869140625 580
14.10570216178894 580
14.112523794174194 580
14.11899709701538 580
14.124326229095459 580
14.130280256271362 580
14.135825395584106 580
14.141921281814575 580
14.147411823272705 580
14.153363943099976 580
14.159585237503052 580
14.165955781936646 580
14.171943426132202 580
14.1774263381958 580
14.183372259140015 580
14.189537763595581 580
14.19951343536377 580
14.205291032791138 580
14.211422681808472 580
14.218076944351196 580
14.224034547805786 580
14.230033159255981 580
14.235597610473633 580
14.241580724716187 580
14.247026920318604 580
14.25309705734253 580
14.260263681411743 580
14.267362117767334 580
14.27336072921753 580
14.27954888343811 580
14.284985065460205 580
14.291236639022827 580
14.296451330184937 580
14.302415132522583 580
14.308626651763916 580
14.315321445465088 580
14.321454524993896 580
14.326598405838013 580
14.33257246017456 580
14.339021682739258 580
14.344182252883911 580
14.350154876708984 580
14.355700016021729 580
14.36168885231018 580
14.368996620178223 580
14.374187707901001 580
14.380143165588379 580
14.38582730293274 580
14.391780614852905 580
14.397245168685913 580
14.403188228607178 580
14.409399509429932 580
14.414655447006226 580
14.421809911727905 580
14.42725682258606 580
14.433178424835205 580
14.439380407333374 580
14.444911241531372 580
14.45060133934021 580
14.456146240234375 580
14.463019609451294 580
14.470121145248413 580
14.475698947906494 580
14.481740474700928 580
14.487159013748169 580
14.493067741394043 580
14.499314069747925 580
14.504852771759033 580
14.510541677474976 580
14.516257286071777 580
14.523282766342163 580
14.52950406074524 580
14.534940004348755 580
14.540972471237183 580
14.546174764633179 580
14.55219578742981 580
14.558057308197021 580
14.563910007476807 580
14.571038484573364 580
14.576216697692871 580
14.582208395004272 580
14.58805799484253 580
14.593801498413086 580
14.603468894958496 580
14.609703779220581 580
14.615353345870972 580
14.622214794158936 580
14.628057956695557 580
14.633782148361206 580
14.639828443527222 580
14.645525217056274 580
14.651505470275879 580
14.65663480758667 580
14.662606716156006 580
14.669078826904297 580
14.675456762313843 580
14.681570529937744 580
14.687034606933594 580
14.692993402481079 580
14.699234247207642 580
14.704554557800293 580
14.710460186004639 580
14.715980052947998 580
14.722969770431519 580
14.72920823097229 580
14.734364748001099 580
14.740284204483032 580
14.745969295501709 580
14.751967430114746 580
14.757424592971802 580
14.763355731964111 580
14.769525527954102 580
14.775928735733032 580
14.781934261322021 580
14.787407159805298 580
14.79336929321289 580
14.799529314041138 580
14.805157661437988 580
14.811175346374512 580
14.816314935684204 580
14.823360204696655 580
14.829529523849487 580
14.834957361221313 580
14.840996265411377 580
14.84622573852539 580
14.852190256118774 580
14.858045101165771 580
14.863903045654297 580
14.869937419891357 580
14.87633466720581 580
14.882327318191528 580
14.888628721237183 580
14.89409351348877 580
14.900058269500732 580
14.905727624893188 580
14.911750555038452 580
14.917174577713013 580
14.924220561981201 580
14.930240392684937 580
14.93577265739441 580
14.941752910614014 580
14.94718885421753 580
14.953102111816406 580
14.959345579147339 580
14.964601039886475 580
14.97046184539795 580
14.977099180221558 580
14.983275413513184 580
14.989497423171997 580
14.994929075241089 580
15.00455117225647 580
15.010432958602905 580
15.016095638275146 580
15.022159814834595 580
15.029408693313599 580
15.035151720046997 580
15.041257858276367 580
15.04642391204834 580
15.05237078666687 580
15.05861520767212 580
15.064034461975098 580
15.07002592086792 580
15.076329469680786 580
15.082360029220581 580
15.088560342788696 580
15.093934059143066 580
15.099979400634766 580
15.105602979660034 580
15.111586809158325 580
15.11698842048645 580
15.122963905334473 580
15.130017518997192 580
15.135515689849854 580
15.141542673110962 580
15.146969318389893 580
15.152632474899292 580
15.159090280532837 580
15.164386749267578 580
15.17031717300415 580
15.175896167755127 580
15.182513952255249 580
15.188985347747803 580
15.194182395935059 580
15.200139284133911 580
15.205698251724243 580
15.211700916290283 580
15.217111349105835 580
15.223106622695923 580
15.230069398880005 580
15.235605955123901 580
15.241572380065918 580
15.247045040130615 580
15.253305673599243 580
15.26041316986084 580
15.265985250473022 580
15.27195429801941 580
15.277396202087402 580
15.284457206726074 580
15.290409326553345 580
15.296076536178589 580
15.302069425582886 580
15.307488203048706 580
15.313416719436646 580
15.319632053375244 580
15.325167179107666 580
15.331994771957397 580
15.337466716766357 580
15.343525886535645 580
15.349705457687378 580
15.35523509979248 580
15.361263036727905 580
15.366413116455078 580
15.37239956855774 580
15.37856650352478 580
15.385196924209595 580
15.391190528869629 580
15.39634108543396 580
15.40623140335083 580
15.412332773208618 580
15.418878555297852 580
15.424320459365845 580
15.430272340774536 580
15.43703007698059 580
15.44296932220459 580
15.449231386184692 580
15.454379320144653 580
15.46031641960144 580
15.466969013214111 580
15.474389791488647 580
15.480388402938843 580
15.487058877944946 580
15.49298620223999 580
15.499207496643066 580
15.504342079162598 580
15.510286808013916 580
15.515796184539795 580
15.52187466621399 580
15.527302980422974 580
15.534274101257324 580
15.540283203125 580
15.545845031738281 580
15.551921367645264 580
15.557393312454224 580
15.56333327293396 580
15.569538593292236 580
15.574979543685913 580
15.581153154373169 580
15.587413787841797 580
15.593349933624268 580
15.59958529472351 580
15.605154991149902 580
15.611119508743286 580
15.61627984046936 580
15.622227668762207 580
15.628070592880249 580
