0 0 0
0.008053 0 0
0.013571 2 25
0.022017 3 25
0.031335 4 178
0.037864 6 233
0.044202 9 268
0.050473 11 343
0.056407 14 377
0.062700 16 428
0.069342 20 473
0.074698 23 493
0.081219 26 528
0.087564 31 566
0.094492 34 596
0.100754 38 611
0.107360 42 637
0.112780 48 655
0.119659 50 674
0.125190 56 688
0.131443 59 698
0.138024 65 714
0.144438 69 727
0.150716 74 733
0.157260 78 741
0.162746 83 754
0.169439 88 765
0.174753 94 774
0.181383 97 779
0.187858 103 785
0.194279 108 791
0.200564 113 794
0.206831 118 797
0.212399 122 800
0.219346 127 803
0.224747 132 810
0.231217 137 818
0.237560 144 819
0.243356 148 816
0.250605 154 819
0.256894 158 818
0.262518 163 820
0.268862 168 825
0.274527 173 827
0.280807 178 830
0.290167 186 832
0.298737 193 831
0.304491 198 829
0.310917 203 830
0.317506 210 833
0.323305 215 836
0.329787 218 836
0.335374 225 837
0.341617 230 838
0.349465 235 838
0.354780 242 835
0.361449 245 834
0.368055 252 835
0.373635 257 840
0.380002 262 841
0.385558 267 842
0.391856 272 841
0.399554 277 839
0.404845 284 840
0.411320 287 839
0.418005 294 837
0.423571 299 839
0.429950 304 843
0.435524 309 846
0.441731 314 843
0.449323 319 839
0.454695 324 840
0.460920 329 840
0.467528 334 839
0.472922 341 842
0.479849 346 842
0.485403 351 844
0.491626 356 846
0.498186 361 844
0.504690 366 838
0.511183 371 841
0.517531 376 841
0.522929 383 843
0.529654 386 846
0.535220 393 847
0.541624 398 848
0.548143 404 845
0.554518 408 843
0.560791 414 840
0.567410 418 839
0.572831 426 844
0.579578 429 845
0.585823 436 848
0.592044 440 846
0.598802 448 846
0.605579 452 845
0.612008 458 841
0.618604 462 841
0.624313 468 845
0.630559 473 847
0.636899 478 847
0.642518 483 848
0.648863 490 841
0.655690 495 842
0.662069 500 842
0.668668 505 844
0.674369 510 842
0.680666 515 847
0.690006 524 847
0.697314 528 844
0.704176 535 842
0.710636 540 841
0.717189 545 842
0.722884 552 846
0.729627 556 844
0.735172 562 845
0.741615 567 847
0.748194 572 848
0.754732 578 841
0.761208 582 839
0.767595 588 840
0.773268 594 843
0.779927 600 845
0.785471 604 847
0.791703 610 846
0.798286 614 845
0.804828 621 844
0.811317 625 842
0.817855 632 838
0.823314 636 840
0.829797 640 846
0.835410 647 846
0.841851 652 846
0.848486 657 846
0.855222 664 843
0.861470 667 843
0.868212 674 840
0.873848 679 841
0.880200 684 843
0.885740 689 848
0.891949 694 847
0.898670 699 846
0.904354 706 841
0.911704 711 842
0.918238 716 843
0.923836 721 842
0.930168 726 844
0.935708 731 847
0.941969 736 848
0.948503 741 847
0.954181 748 843
0.961595 753 839
0.968203 758 840
0.973806 763 841
0.980136 768 845
0.985666 773 846
0.991941 778 845
0.998689 784 847
1.004412 790 844
1.011592 795 839
1.018303 800 840
1.023914 805 843
1.030188 810 842
1.035743 816 847
1.041941 820 845
1.048483 826 847
1.054184 832 843
1.061489 836 845
1.068029 842 840
1.073592 848 842
1.080104 852 842
1.085655 860 849
1.095815 866 845
1.102319 871 845
1.110115 878 842
1.115615 883 841
1.121969 888 841
1.128677 893 840
1.134325 898 845
1.140728 903 847
1.147301 908 847
1.152718 914 844
1.160106 920 841
1.165712 925 841
1.171943 930 841
1.178488 935 841
1.184150 940 843
1.190393 946 844
1.196342 950 847
1.202507 956 845
1.208838 962 842
1.215607 968 841
1.221825 972 839
1.228387 978 842
1.234071 982 845
1.240316 988 846
1.245844 993 846
1.252061 998 845
1.258847 1004 844
1.265611 1010 841
1.271852 1015 841
1.278472 1020 843
1.284174 1025 844
1.290394 1030 848
1.295900 1035 848
1.302105 1040 844
1.308656 1047 845
1.315369 1052 842
1.321775 1057 839
1.328282 1062 842
1.333836 1067 848
1.340189 1072 846
1.345726 1077 848
1.351945 1082 846
1.358521 1088 841
1.365272 1094 842
1.371551 1098 842
1.378327 1104 842
1.383929 1109 845
1.390423 1114 847
1.395921 1120 849
1.402172 1124 847
1.408709 1130 844
1.415463 1136 842
1.421704 1142 842
1.428264 1146 843
1.433838 1152 847
1.440324 1156 847
1.445868 1162 846
1.452083 1167 845
1.458670 1172 846
1.465324 1178 841
1.471587 1184 838
1.478170 1189 842
1.483783 1194 849
1.493985 1202 847
1.500568 1207 845
1.506832 1212 844
1.512709 1219 844
1.520534 1224 842
1.526808 1229 840
1.532355 1234 841
1.538837 1240 847
1.544493 1244 847
1.550743 1250 849
1.557313 1254 846
1.562891 1261 842
1.570288 1266 841
1.575833 1272 841
1.582049 1278 842
1.589685 1282 843
1.595215 1288 847
1.601483 1292 849
1.608009 1298 846
1.613571 1304 840
1.620865 1308 842
1.627471 1314 843
1.632878 1320 842
1.639612 1324 844
1.644887 1331 848
1.651551 1336 846
1.658122 1341 845
1.663630 1346 843
1.670814 1351 840
1.677396 1356 839
1.683281 1363 843
1.689744 1366 848
1.695263 1373 846
1.701503 1376 846
1.708107 1383 847
1.713710 1388 843
1.720811 1393 841
1.727406 1398 839
1.732824 1405 842
1.739780 1408 846
1.745358 1415 849
1.751611 1420 847
1.758154 1425 844
1.763774 1430 845
1.770908 1435 843
1.777519 1442 839
1.783302 1447 841
1.789776 1450 845
1.801447 1461 848
1.808079 1468 846
1.813608 1472 844
1.820719 1478 842
1.827357 1482 841
1.832824 1489 842
1.839603 1493 842
1.844914 1500 847
1.851402 1503 847
1.858109 1510 847
1.863703 1515 841
1.870060 1520 840
1.877470 1525 840
1.882875 1532 842
1.893197 1540 843
1.899834 1545 845
1.905377 1550 845
1.911945 1555 846
1.918789 1562 842
1.925515 1567 839
1.931762 1572 841
1.938345 1577 842
1.943951 1582 845
1.950281 1587 847
1.955796 1592 845
1.962023 1598 845
1.968619 1602 843
1.975379 1609 842
1.981805 1614 841
1.988328 1619 840
1.993905 1624 846
2.000205 1630 848
2.005738 1634 846
2.011960 1640 843
2.018518 1645 842
2.025256 1652 842
2.031620 1656 841
2.038356 1662 843
2.043952 1666 846
2.050272 1672 847
2.055829 1677 847
2.062047 1682 846
2.068591 1687 843
2.075332 1694 840
2.081598 1699 843
2.088148 1704 842
2.093734 1709 842
2.100246 1714 847
2.105774 1719 848
2.112012 1724 846
2.118555 1729 843
2.124287 1736 841
2.131563 1739 841
2.138136 1746 843
2.143736 1751 846
2.150058 1756 844
2.155567 1761 843
2.162005 1766 844
2.168712 1771 844
2.174455 1778 842
2.181697 1783 837
2.188254 1788 842
2.193853 1793 845
2.200188 1798 845
2.205727 1804 848
2.211977 1808 847
2.218697 1814 844
2.224355 1820 846
2.231554 1824 841
2.238128 1830 840
2.243700 1836 842
2.250034 1841 848
2.255592 1846 847
2.261871 1851 848
2.268441 1856 845
2.274145 1862 843
2.281517 1866 844
2.288105 1874 844
2.298472 1881 844
2.304152 1886 849
2.310588 1892 852
2.316929 1896 844
2.322749 1902 840
2.330244 1908 843
2.335795 1913 844
2.342332 1918 842
2.348741 1924 846
2.354429 1928 845
2.360698 1934 848
2.367264 1939 848
2.372711 1944 844
2.380155 1950 842
2.385738 1956 840
2.391970 1961 844
2.398707 1966 848
2.404394 1971 845
2.410672 1976 849
2.417206 1981 847
2.422641 1986 844
2.429542 1993 844
2.435897 1998 842
2.442117 2003 841
2.448687 2008 845
2.454660 2015 849
2.461607 2020 848
2.468156 2025 845
2.473743 2030 845
2.480091 2035 844
2.487556 2040 841
2.493166 2047 841
2.499695 2050 846
2.505200 2057 848
2.511501 2060 850
2.518194 2067 847
2.523814 2072 845
2.530188 2077 842
2.537586 2082 843
2.543269 2089 845
2.549740 2092 844
2.555271 2099 846
2.561740 2104 847
2.568304 2110 848
2.573880 2114 844
2.580350 2121 839
2.588636 2126 842
2.594309 2131 844
2.600609 2136 843
2.607202 2142 845
2.612681 2146 847
2.619285 2152 846
2.624651 2157 844
2.630901 2164 840
2.638684 2168 839
2.644360 2174 841
2.650602 2178 844
2.656932 2184 845
2.662577 2189 843
2.668913 2194 843
2.674559 2199 842
2.680845 2206 840
2.688613 2210 839
2.699339 2219 842
2.704700 2226 845
2.711363 2229 846
2.718029 2236 845
2.723598 2241 841
2.729991 2246 842
2.737442 2251 840
2.742861 2258 840
2.749619 2261 841
2.754911 2268 844
2.761585 2273 845
2.768180 2278 846
2.773793 2283 844
2.780132 2288 841
2.787447 2293 838
2.792889 2300 842
2.799657 2303 843
2.805206 2310 840
2.811456 2314 842
2.818200 2320 845
2.823818 2325 844
2.830155 2330 842
2.835701 2335 839
2.842806 2342 838
2.849557 2346 841
2.854865 2352 844
2.861313 2356 845
2.867811 2360 843
2.873291 2368 844
2.879962 2372 843
2.885569 2378 838
2.892804 2384 839
2.899530 2388 841
2.904844 2394 844
2.911316 2398 847
2.917619 2403 845
2.923287 2410 842
2.929765 2413 843
2.935309 2420 840
2.942766 2426 840
2.949667 2430 842
2.955171 2436 842
2.961442 2440 849
2.968018 2446 848
2.973555 2452 844
2.979964 2457 841
2.985511 2462 840
2.993163 2468 840
2.999857 2474 842
