0 0 0
0.008997 0 0
0.017005 0 -3
0.023561 -1 -22
0.029268 -2 -93
0.036569 -2 -22
0.043170 -4 -113
0.048865 -5 -151
0.055457 -6 -180
0.062046 -7 -198
0.070433 -10 -209
0.077947 -12 -232
0.085379 -13 -250
0.091994 -15 -262
0.097580 -17 -274
0.104316 -18 -282
0.109901 -21 -293
0.116323 -22 -297
0.122863 -24 -301
0.128488 -26 -308
0.134850 -28 -314
0.142280 -30 -319
0.147933 -33 -322
0.154422 -34 -326
0.159997 -37 -328
0.166351 -39 -327
0.173057 -41 -331
0.178651 -43 -334
0.185163 -45 -336
0.192792 -48 -339
0.198444 -50 -342
0.204772 -52 -342
0.210332 -54 -348
0.216589 -56 -349
0.223151 -58 -349
0.228865 -60 -348
0.235268 -63 -350
0.242921 -65 -350
0.248529 -67 -350
0.254892 -69 -350
0.260426 -71 -352
0.266636 -74 -351
0.273229 -76 -352
0.278951 -78 -352
0.285257 -81 -352
0.294475 -83 -352
0.300099 -85 -352
0.306369 -88 -351
0.313092 -90 -351
0.318787 -92 -352
0.325011 -94 -353
0.330563 -96 -354
0.336802 -99 -355
0.344539 -101 -357
0.350107 -103 -357
0.356568 -105 -356
0.363135 -107 -356
0.368873 -110 -354
0.375134 -112 -354
0.381088 -114 -352
0.387032 -116 -352
0.394648 -119 -352
0.400266 -121 -353
0.406536 -123 -353
0.413327 -125 -354
0.419024 -127 -356
0.425283 -129 -355
0.431626 -132 -355
0.437248 -134 -353
0.444811 -136 -354
0.450351 -138 -354
0.456615 -141 -357
0.463215 -143 -356
0.473532 -146 -357
0.479252 -149 -357
0.485954 -151 -356
0.493443 -154 -356
0.499167 -156 -354
0.505446 -158 -352
0.512040 -160 -352
0.517483 -163 -352
0.524224 -164 -353
0.529545 -167 -352
0.536188 -168 -354
0.543569 -171 -355
0.549242 -173 -354
0.555503 -176 -357
0.562102 -178 -358
0.567574 -180 -356
0.574535 -183 -357
0.580100 -185 -356
0.586371 -187 -356
0.594230 -189 -356
0.599586 -192 -357
0.606080 -193 -354
0.612612 -196 -354
0.618063 -198 -355
0.624579 -200 -354
0.630119 -202 -354
0.636386 -205 -353
0.642949 -207 -353
0.649491 -210 -353
0.656186 -211 -352
0.662750 -214 -353
0.668299 -216 -356
0.674687 -218 -356
0.680276 -220 -358
0.686552 -222 -357
0.693124 -224 -356
0.699858 -228 -359
0.706297 -230 -356
0.713040 -232 -355
0.718655 -234 -354
0.725058 -236 -354
0.730590 -238 -354
0.736787 -240 -352
0.743362 -243 -354
0.750082 -245 -355
0.756327 -247 -355
0.763556 -250 -353
0.769255 -252 -354
0.775920 -254 -354
0.782292 -256 -354
0.787942 -258 -354
0.794433 -261 -354
0.801092 -263 -356
0.807093 -265 -355
0.813534 -267 -357
0.819201 -269 -359
0.825466 -272 -356
0.832092 -274 -357
0.837954 -276 -356
0.844473 -278 -353
0.851842 -281 -354
0.857357 -283 -353
0.864016 -285 -352
0.874136 -288 -353
0.879470 -291 -353
0.886165 -293 -353
0.892997 -296 -355
0.899417 -298 -354
0.905910 -300 -354
0.912503 -303 -355
0.917995 -305 -356
0.924526 -307 -356
0.930076 -309 -356
0.936330 -311 -356
0.942916 -313 -354
0.949384 -316 -356
0.956141 -318 -354
0.962864 -320 -354
0.968498 -322 -353
0.974875 -325 -352
0.980429 -327 -352
0.986671 -329 -352
0.993265 -331 -353
0.999963 -334 -352
1.006257 -336 -354
1.012983 -338 -354
1.018567 -340 -357
1.024875 -342 -357
1.030460 -344 -358
1.036697 -347 -355
1.043240 -349 -354
1.048980 -352 -355
1.056345 -354 -353
1.062899 -356 -353
1.068490 -358 -354
1.074978 -360 -353
1.080513 -362 -353
1.086765 -364 -353
1.093505 -366 -354
1.099174 -369 -353
1.106446 -372 -354
1.112985 -374 -353
1.118599 -376 -353
1.124916 -378 -353
1.130438 -380 -354
1.136875 -382 -355
1.143431 -384 -357
1.149141 -387 -357
1.156322 -389 -357
1.162853 -392 -358
1.168458 -394 -358
1.174795 -396 -357
1.180336 -398 -351
1.186568 -400 -354
1.193283 -402 -351
1.198995 -405 -353
1.206238 -407 -352
1.212816 -409 -353
1.218401 -411 -353
1.224928 -413 -354
1.230516 -416 -355
1.236710 -418 -353
1.243270 -420 -353
1.248984 -422 -356
1.256409 -425 -356
1.262974 -427 -356
1.268565 -430 -354
1.278558 -432 -356
1.285071 -435 -357
1.290598 -437 -357
1.297110 -439 -357
1.304699 -442 -356
1.310302 -444 -355
1.316719 -446 -353
1.323249 -448 -352
1.328985 -450 -351
1.335241 -452 -352
1.341538 -454 -353
1.347209 -456 -354
1.354024 -460 -354
1.360471 -462 -356
1.366701 -464 -357
1.373438 -466 -357
1.379128 -468 -356
1.385411 -470 -356
1.391961 -472 -356
1.397360 -474 -355
1.404149 -477 -356
1.410523 -480 -355
1.417483 -482 -354
1.424296 -484 -355
1.429855 -486 -354
1.436320 -488 -354
1.442888 -491 -353
1.448495 -493 -353
1.454851 -495 -351
1.462284 -497 -352
1.467939 -500 -354
1.474435 -501 -353
1.479997 -504 -356
1.486485 -506 -356
1.493175 -508 -357
1.498865 -511 -357
1.505112 -513 -358
1.512799 -516 -358
1.518307 -518 -357
1.524680 -520 -353
1.530255 -522 -354
1.536515 -524 -354
1.543087 -526 -353
1.548767 -528 -353
1.555170 -530 -353
1.562797 -533 -353
1.568320 -536 -355
1.574734 -538 -355
1.580300 -540 -355
1.586535 -542 -355
1.593199 -544 -354
1.598876 -546 -356
1.605455 -549 -356
1.613210 -551 -355
1.618922 -553 -354
1.625173 -556 -358
1.631490 -558 -356
1.637063 -560 -356
1.643504 -562 -354
1.649178 -564 -354
1.655460 -566 -352
1.663122 -569 -352
1.668816 -572 -351
1.679162 -574 -353
1.700277 -582 -355
1.706721 -585 -355
1.714447 -586 -357
1.720006 -590 -356
1.726288 -592 -355
1.733039 -594 -354
1.738671 -596 -355
1.745168 -598 -356
1.751488 -600 -353
1.757070 -603 -355
1.765420 -605 -355
1.772009 -607 -354
1.777457 -610 -355
1.784155 -612 -353
1.789477 -614 -352
1.796190 -616 -352
1.802754 -618 -352
1.808391 -620 -352
1.815526 -623 -354
1.822150 -625 -354
1.827595 -628 -356
1.834339 -629 -358
1.839852 -632 -358
1.846174 -634 -358
1.852945 -636 -356
1.858578 -638 -353
1.865958 -640 -355
1.872654 -644 -353
1.878244 -646 -353
1.884690 -648 -353
1.890278 -650 -354
1.896538 -652 -354
1.903105 -654 -354
1.908832 -656 -354
1.916332 -659 -354
1.922910 -661 -353
1.928550 -663 -354
1.934851 -666 -355
1.940495 -668 -355
1.946748 -670 -354
1.953314 -672 -357
1.959019 -674 -356
1.966321 -677 -359
1.973083 -679 -356
1.978837 -681 -357
1.985083 -683 -354
1.991000 -685 -353
1.997061 -688 -353
2.004055 -690 -351
2.009472 -692 -351
2.016658 -694 -353
2.023237 -696 -352
2.028979 -699 -354
2.035422 -701 -354
2.041986 -703 -355
2.047430 -706 -354
2.054183 -707 -355
2.059516 -710 -356
2.066007 -712 -355
2.076810 -716 -357
2.083568 -718 -355
2.089252 -721 -354
2.096028 -722 -356
2.102706 -725 -355
2.108281 -727 -356
2.114699 -729 -356
2.121938 -732 -354
2.127383 -734 -353
2.134289 -736 -352
2.139854 -738 -351
2.146134 -740 -351
2.152794 -743 -353
2.158323 -745 -354
2.164785 -747 -356
2.172055 -749 -357
2.177487 -752 -356
2.184193 -754 -355
2.189524 -756 -356
2.196008 -758 -356
2.202545 -760 -353
2.207996 -762 -355
2.214616 -765 -354
2.221996 -767 -354
2.227468 -770 -353
2.234166 -771 -354
2.239474 -774 -353
2.245960 -775 -353
2.252291 -778 -353
2.257998 -780 -354
2.264706 -782 -351
2.272102 -784 -353
2.277915 -788 -354
2.284438 -789 -353
2.290009 -792 -355
2.296300 -794 -357
2.302829 -796 -356
2.308436 -798 -356
2.314796 -800 -355
2.322101 -802 -356
2.327552 -805 -356
2.334441 -807 -353
2.339991 -810 -353
2.346291 -812 -352
2.352860 -814 -353
2.358453 -816 -353
2.364761 -818 -354
2.370318 -820 -353
2.377518 -823 -353
2.384259 -824 -354
2.389560 -827 -355
2.396245 -829 -356
2.402836 -832 -354
2.408425 -834 -354
2.414774 -836 -355
2.420322 -838 -355
2.427492 -841 -356
2.434262 -842 -358
2.439568 -845 -357
2.446039 -846 -355
2.452715 -849 -355
2.458315 -851 -355
2.464701 -854 -354
2.470279 -857 -352
2.482301 -860 -352
2.488190 -862 -352
2.494785 -864 -354
2.500314 -866 -354
2.506716 -868 -356
2.513442 -870 -357
2.519158 -872 -357
2.526670 -876 -356
2.533237 -878 -355
2.538973 -880 -356
2.545260 -882 -354
2.551580 -884 -354
2.557228 -886 -355
2.563602 -888 -354
2.569388 -891 -355
2.576841 -893 -354
2.583411 -895 -354
2.589099 -898 -355
2.595373 -900 -353
2.601954 -902 -353
2.607389 -904 -351
2.614049 -906 -353
2.619422 -908 -353
2.625931 -911 -355
2.633451 -913 -355
2.639150 -915 -357
2.645483 -917 -360
2.652096 -920 -358
2.657976 -922 -356
2.664458 -924 -357
2.670053 -926 -357
2.676307 -929 -353
2.683952 -931 -352
2.689365 -934 -354
2.696007 -935 -352
2.702554 -938 -353
2.708003 -940 -354
2.714530 -942 -355
2.720104 -944 -354
2.726371 -946 -353
2.734135 -948 -354
2.739461 -952 -354
2.745987 -953 -353
2.752714 -956 -353
2.758445 -958 -355
2.765486 -960 -357
2.772074 -962 -355
2.777497 -965 -357
2.785153 -967 -358
2.791091 -969 -355
2.797030 -971 -355
2.803577 -974 -352
2.809244 -976 -351
2.815910 -978 -351
2.822275 -980 -352
2.827944 -982 -352
2.835218 -985 -352
2.841497 -987 -354
2.847088 -989 -354
2.853552 -991 -355
2.859277 -993 -355
2.865533 -996 -357
2.872111 -999 -354
2.883555 -1002 -355
2.889244 -1004 -356
2.895931 -1006 -354
2.902263 -1009 -355
2.908172 -1011 -354
2.914829 -1013 -355
2.920400 -1015 -355
2.926612 -1017 -355
2.934498 -1020 -354
2.940064 -1022 -352
2.946319 -1024 -352
2.952871 -1026 -352
2.958484 -1028 -353
2.964814 -1031 -353
2.970389 -1033 -353
2.976613 -1035 -356
2.984398 -1037 -358
2.989920 -1040 -358
2.996330 -1042 -357
