0 0 0
0.007474 0 0
0.014303 -1 -2
0.021027 -1 -2
0.028314 -1 -16
0.034573 -2 -79
0.041170 -3 -79
0.046857 -4 -68
0.053125 -5 -100
0.059011 -5 -136
0.064893 -7 -148
0.071993 -8 -168
0.078459 -9 -182
0.084661 -11 -190
0.091245 -12 -194
0.096969 -13 -201
0.103280 -14 -207
0.109571 -15 -214
0.115221 -17 -219
0.121609 -19 -224
0.128375 -20 -229
0.134793 -22 -234
0.141352 -23 -236
0.147019 -25 -238
0.153256 -26 -243
0.159615 -27 -242
0.165281 -29 -244
0.171612 -31 -244
0.178325 -33 -244
0.184567 -34 -247
0.191333 -35 -248
0.197016 -37 -247
0.203458 -39 -249
0.210024 -40 -251
0.215491 -42 -251
0.222301 -43 -252
0.229047 -45 -254
0.234899 -47 -255
0.241429 -48 -258
0.247164 -50 -258
0.253570 -51 -258
0.262984 -54 -258
0.270675 -56 -257
0.276229 -57 -259
0.283564 -59 -257
0.290223 -61 -257
0.296056 -63 -257
0.302572 -64 -259
0.308146 -66 -257
0.314590 -67 -257
0.321162 -69 -259
0.326876 -71 -258
0.334318 -73 -259
0.340891 -74 -259
0.346499 -75 -258
0.352820 -77 -258
0.358413 -79 -258
0.364622 -80 -257
0.371372 -82 -257
0.377065 -84 -257
0.384232 -85 -258
0.390791 -87 -257
0.396331 -89 -257
0.402717 -90 -258
0.408295 -91 -261
0.414592 -93 -261
0.421148 -95 -261
0.426852 -97 -261
0.434326 -99 -263
0.440890 -100 -260
0.446515 -101 -261
0.452825 -103 -261
0.458393 -105 -259
0.464795 -106 -259
0.471386 -108 -258
0.477063 -110 -259
0.484322 -111 -257
0.491055 -113 -257
0.496670 -115 -258
0.503012 -116 -258
0.508528 -117 -258
0.514758 -119 -258
0.521297 -121 -259
0.527020 -123 -260
0.534316 -124 -259
0.540901 -126 -259
0.546516 -127 -258
0.552995 -129 -258
0.558590 -131 -259
0.564800 -132 -259
0.571367 -133 -260
0.577037 -135 -259
0.584323 -137 -259
0.591060 -139 -261
0.596649 -140 -260
0.602971 -142 -261
0.608509 -143 -262
0.614910 -145 -259
0.621492 -147 -262
0.627192 -148 -259
0.634531 -150 -257
0.641045 -152 -258
0.646659 -153 -258
0.652993 -155 -257
0.658563 -157 -256
0.669889 -159 -256
0.675650 -161 -257
0.682551 -163 -257
0.689920 -164 -257
0.695518 -166 -258
0.702297 -167 -258
0.707582 -169 -260
0.714057 -171 -261
0.720748 -173 -260
0.726305 -174 -259
0.732893 -176 -258
0.741039 -178 -260
0.746619 -179 -258
0.752947 -181 -258
0.758510 -183 -260
0.764724 -184 -259
0.771265 -185 -260
0.777009 -187 -259
0.783264 -189 -259
0.791093 -191 -259
0.796711 -192 -258
0.803071 -194 -257
0.808604 -195 -258
0.814836 -197 -257
0.821399 -199 -259
0.827076 -200 -258
0.833354 -202 -255
0.840935 -203 -257
0.846567 -205 -257
0.853085 -207 -258
0.858609 -208 -259
0.864824 -210 -257
0.871387 -211 -259
0.877085 -213 -261
0.883351 -215 -260
0.890927 -217 -262
0.896559 -218 -260
0.902927 -220 -261
0.908497 -221 -263
0.915030 -223 -260
0.921491 -224 -259
0.927185 -226 -259
0.933489 -228 -259
0.941073 -229 -256
0.946691 -231 -257
0.953041 -233 -256
0.958565 -234 -257
0.964831 -236 -259
0.971591 -237 -258
0.977278 -239 -258
0.983960 -241 -257
0.991346 -243 -257
0.997039 -244 -258
1.003307 -245 -257
1.009601 -247 -257
1.015227 -249 -258
1.021624 -250 -258
1.027282 -252 -260
1.033926 -253 -260
1.041245 -255 -259
1.046970 -257 -260
1.053221 -259 -260
1.059521 -261 -259
1.069952 -263 -260
1.075574 -265 -262
1.082449 -266 -262
1.088021 -268 -259
1.095368 -269 -258
1.102034 -271 -258
1.107405 -273 -256
1.114037 -274 -258
1.120527 -276 -256
1.125954 -278 -256
1.132473 -279 -256
1.138035 -281 -258
1.145219 -282 -256
1.152030 -284 -258
1.157410 -285 -259
1.163955 -287 -258
1.170305 -289 -261
1.175957 -291 -259
1.182436 -292 -259
1.187971 -294 -260
1.195130 -295 -260
1.201565 -297 -259
1.207235 -299 -260
1.213883 -300 -258
1.220240 -301 -258
1.225638 -304 -260
1.232371 -305 -259
1.237885 -307 -258
1.245277 -308 -260
1.251631 -310 -260
1.257368 -311 -259
1.263594 -313 -260
1.270185 -315 -259
1.276090 -317 -258
1.282563 -318 -258
1.288096 -320 -259
1.295346 -321 -256
1.301963 -323 -256
1.307353 -324 -256
1.313588 -326 -258
1.320176 -327 -258
1.325585 -329 -257
1.332503 -331 -258
1.338044 -333 -257
1.345357 -334 -261
1.351996 -336 -262
1.357347 -337 -260
1.363604 -339 -261
1.370188 -341 -260
1.376007 -343 -259
1.382511 -344 -260
1.388086 -345 -257
1.395494 -348 -257
1.402331 -349 -259
1.407603 -351 -258
1.414628 -352 -256
1.421208 -354 -258
1.426902 -355 -259
1.433150 -357 -258
1.439051 -359 -259
1.446208 -361 -259
1.452829 -362 -257
1.458363 -365 -258
1.468560 -366 -257
1.475042 -368 -257
1.481988 -369 -257
1.487386 -371 -260
1.494016 -373 -260
1.501481 -375 -258
1.507187 -376 -259
1.513616 -378 -261
1.520206 -379 -259
1.525626 -381 -259
1.532352 -383 -260
1.537884 -385 -261
1.544142 -386 -262
1.551450 -387 -260
1.557140 -389 -259
1.563445 -391 -259
1.569994 -392 -258
1.575597 -394 -258
1.582340 -395 -257
1.587646 -397 -256
1.594097 -399 -257
1.601418 -401 -258
1.607082 -402 -259
1.613325 -403 -258
1.619920 -405 -258
1.625633 -407 -259
1.632565 -409 -260
1.638143 -410 -259
1.644358 -412 -259
1.651999 -413 -260
1.657383 -415 -259
1.663610 -417 -262
1.670190 -418 -260
1.675633 -420 -258
1.695583 -425 -259
1.703031 -427 -259
1.708574 -429 -260
1.714794 -430 -260
1.721351 -432 -260
1.727066 -433 -259
1.733377 -435 -258
1.740862 -437 -258
1.746464 -439 -259
1.753880 -440 -257
1.760293 -442 -256
1.766209 -443 -256
1.772595 -445 -256
1.778164 -447 -258
1.784397 -448 -257
1.790962 -450 -257
1.796562 -451 -260
1.803949 -453 -262
1.810313 -455 -262
1.816245 -457 -259
1.822669 -458 -260
1.828256 -460 -261
1.834627 -461 -263
1.841224 -463 -261
1.846955 -464 -259
1.854257 -467 -260
1.860887 -469 -258
1.871275 -471 -258
1.877020 -472 -257
1.883447 -474 -257
1.890003 -475 -258
1.895925 -477 -258
1.902439 -479 -259
1.909523 -480 -258
1.915139 -482 -258
1.921562 -483 -260
1.927284 -485 -257
1.933969 -487 -258
1.940317 -488 -258
1.946011 -490 -257
1.952482 -492 -258
1.959870 -493 -259
1.965294 -495 -258
1.971650 -497 -258
1.977320 -498 -260
1.983570 -499 -260
1.990179 -501 -260
1.996036 -503 -261
2.002542 -505 -261
2.009913 -506 -262
2.015397 -508 -260
2.022338 -509 -258
2.027872 -511 -258
2.034115 -513 -257
2.040634 -515 -256
2.046191 -516 -257
2.052797 -518 -257
2.060173 -519 -256
2.065597 -521 -258
2.072436 -522 -257
2.078020 -525 -257
2.084298 -526 -259
2.090870 -527 -258
2.096503 -529 -259
2.102834 -531 -259
2.110208 -533 -260
2.116018 -534 -260
2.122490 -535 -260
2.128057 -537 -259
2.134341 -539 -259
2.140922 -541 -257
2.146552 -542 -259
2.153042 -543 -260
2.160640 -546 -260
2.166194 -547 -258
2.172792 -549 -260
2.178332 -551 -259
2.184580 -552 -259
2.191164 -553 -260
2.196864 -555 -258
2.203137 -557 -258
2.210669 -559 -258
2.216239 -560 -256
2.222654 -562 -257
2.228178 -563 -256
2.234597 -565 -257
2.241156 -566 -256
2.246873 -568 -258
2.253112 -569 -258
2.260525 -572 -260
2.270835 -574 -262
2.276416 -576 -262
2.283090 -577 -258
2.288632 -579 -262
2.295379 -581 -259
2.302056 -582 -258
2.307435 -584 -258
2.314718 -585 -259
2.321270 -587 -258
2.326998 -589 -257
2.333281 -590 -258
2.339598 -592 -257
2.345231 -593 -258
2.352052 -595 -259
2.357480 -597 -257
2.364782 -599 -259
2.371358 -600 -259
2.377074 -602 -258
2.383311 -603 -258
2.389895 -605 -258
2.395345 -606 -257
2.401977 -608 -256
2.407371 -610 -259
2.414822 -611 -258
2.421410 -613 -260
2.427070 -615 -258
2.433317 -616 -258
2.439855 -618 -260
2.445328 -619 -260
2.451979 -621 -262
2.457359 -623 -260
2.464651 -625 -260
2.471395 -626 -259
2.477078 -627 -261
2.483346 -629 -260
2.489881 -631 -258
2.495323 -632 -258
2.502026 -634 -256
2.507416 -635 -257
2.514779 -637 -256
2.521344 -639 -256
2.527037 -641 -256
2.533466 -642 -257
2.540037 -643 -258
2.545628 -646 -258
2.552376 -647 -259
2.557908 -649 -260
2.565066 -651 -261
2.571541 -652 -259
2.577235 -653 -259
2.583491 -655 -260
2.590090 -657 -259
2.595644 -659 -258
2.602394 -660 -258
2.607937 -662 -259
2.614840 -663 -261
2.621423 -665 -258
2.627098 -667 -260
2.633381 -668 -260
2.639955 -669 -259
2.645426 -671 -260
2.652360 -673 -259
2.657887 -675 -259
2.664176 -677 -258
2.675399 -679 -258
2.682321 -681 -257
2.687605 -683 -256
2.694214 -683 -256
2.700790 -685 -256
2.706343 -687 -257
2.712906 -689 -257
2.720298 -690 -258
2.725971 -692 -259
2.732505 -693 -260
2.739520 -695 -261
2.745410 -697 -259
2.752084 -699 -262
2.757483 -701 -261
2.763984 -702 -262
2.771437 -704 -259
2.777117 -705 -259
2.783369 -707 -259
2.789962 -709 -258
2.795415 -710 -259
2.802358 -711 -258
2.807646 -713 -257
2.814133 -715 -259
2.821425 -717 -259
2.827099 -718 -257
2.833524 -720 -257
2.840094 -721 -258
2.845537 -723 -258
2.852316 -725 -259
2.857602 -727 -259
2.864033 -728 -257
2.871406 -730 -258
2.877093 -731 -259
2.883363 -733 -259
2.889925 -734 -258
2.895530 -737 -260
2.902343 -737 -260
2.907605 -739 -259
2.914082 -741 -260
2.921386 -743 -260
2.927081 -744 -261
2.933506 -746 -262
2.940066 -747 -261
2.945485 -749 -259
2.952402 -751 -258
2.957927 -753 -257
2.964182 -753 -257
2.971389 -755 -257
2.977101 -757 -255
2.983413 -759 -257
2.989978 -760 -257
2.995417 -762 -258
