0 0 0
0.010036 0 0
0.017921 1 6
0.027520 1 6
0.033768 3 94
0.041042 3 18
0.047781 4 118
0.053070 6 160
0.059602 7 183
0.066118 9 189
0.071550 10 208
0.078023 11 222
0.083608 13 243
0.091075 15 259
0.097960 16 272
0.103499 19 282
0.109802 21 294
0.116355 22 295
0.121928 24 306
0.128235 26 311
0.133844 28 320
0.141375 31 322
0.148022 33 328
0.153572 35 331
0.163877 38 335
0.170323 40 338
0.177032 42 338
0.182711 44 341
0.189341 47 344
0.196736 49 345
0.202462 51 347
0.208915 53 349
0.215436 55 351
0.220866 57 352
0.227793 60 352
0.233088 63 353
0.239587 65 354
0.246899 67 356
0.252556 69 357
0.258786 71 359
0.265081 73 359
0.270944 76 360
0.277658 77 361
0.282974 81 358
0.289477 83 359
0.296759 85 358
0.302514 87 356
0.308759 89 357
0.315102 91 357
0.320736 93 359
0.327609 95 359
0.332912 98 360
0.339356 101 362
0.346723 103 361
0.352428 105 361
0.358857 107 363
0.365407 109 361
0.370866 111 360
0.377532 113 359
0.382899 117 362
0.389606 119 361
0.396981 121 362
0.402689 123 363
0.408937 125 362
0.415511 127 360
0.420924 129 359
0.427630 131 359
0.432921 134 358
0.439384 136 358
0.446863 139 359
0.452538 141 361
0.458803 143 362
0.465377 145 363
0.470815 147 362
0.477449 150 362
0.482793 153 364
0.489453 154 362
0.496677 157 361
0.502339 159 362
0.508737 161 361
0.515056 163 360
0.520697 166 362
0.527032 168 362
0.532715 170 360
0.538963 172 361
0.545569 175 360
0.552134 177 359
0.562311 181 359
0.568905 183 360
0.575434 185 361
0.581020 188 360
0.587925 189 363
0.593483 193 364
0.600744 195 363
0.607062 197 363
0.612725 199 365
0.619359 201 362
0.625710 204 362
0.631552 206 360
0.638032 208 360
0.643588 211 360
0.650735 213 359
0.657099 215 361
0.662839 217 360
0.669067 219 361
0.675631 221 362
0.681073 224 362
0.687980 226 362
0.693532 229 360
0.700842 231 363
0.707525 233 363
0.712911 235 361
0.719389 237 363
0.725746 239 362
0.731377 242 364
0.738505 245 363
0.744040 247 363
0.751789 249 360
0.758175 252 359
0.763762 254 357
0.770042 256 357
0.776654 258 358
0.782337 261 358
0.788613 263 361
0.794496 265 361
0.801687 268 363
0.808309 270 362
0.813841 272 362
0.820060 274 362
0.826639 277 363
0.832365 279 362
0.838572 281 362
0.844477 283 362
0.851682 286 363
0.858159 288 362
0.863717 290 362
0.870143 292 361
0.876866 295 360
0.882538 297 361
0.888814 299 359
0.895323 301 360
0.900726 304 359
0.908261 306 359
0.913796 308 361
0.920034 310 363
0.926848 313 362
0.932526 315 364
0.938786 317 366
0.945373 319 365
0.950880 322 363
0.958368 325 363
0.968618 328 361
0.974511 330 360
0.980691 332 361
0.987661 334 362
0.992973 337 359
0.999487 339 360
1.006935 341 361
1.012623 343 359
1.018875 346 361
1.025425 348 361
1.030874 350 360
1.037500 352 360
1.042866 355 360
1.049485 357 362
1.056679 359 364
1.062345 362 365
1.068544 364 364
1.074061 366 364
1.080268 368 363
1.086828 371 361
1.092495 373 360
1.098720 375 358
1.106439 378 358
1.112039 380 360
1.118363 382 361
1.123890 384 361
1.130115 386 362
1.136845 389 361
1.142539 391 363
1.148810 393 361
1.155071 396 362
1.161802 398 361
1.168330 400 362
1.173898 402 363
1.180079 405 362
1.186621 407 363
1.192319 409 363
1.198545 411 364
1.204460 414 363
1.211532 416 361
1.218025 418 361
1.223548 420 360
1.229965 423 359
1.236466 425 358
1.242018 427 359
1.248318 429 360
1.253834 431 361
1.261089 434 363
1.267965 436 364
1.273509 439 363
1.279777 441 364
1.286490 443 362
1.292068 445 362
1.298348 447 363
1.303898 449 362
1.311326 452 363
1.317860 454 363
1.323351 457 362
1.329581 458 361
1.336074 461 361
1.341503 463 361
1.348180 465 360
1.353723 467 359
1.364027 472 358
1.371659 474 361
1.378235 476 360
1.383803 478 363
1.390183 481 363
1.396902 483 363
1.402607 485 365
1.409036 488 364
1.416462 490 363
1.422033 492 362
1.428374 494 362
1.433894 497 361
1.440128 499 360
1.446692 501 361
1.452354 503 360
1.458597 505 360
1.466323 508 361
1.471900 510 360
1.478229 512 361
1.483870 515 361
1.490084 517 361
1.496627 519 362
1.502306 521 361
1.508526 523 362
1.516065 526 362
1.521502 528 364
1.528172 531 364
1.533747 533 364
1.539986 535 364
1.546534 537 362
1.552114 539 359
1.558374 541 358
1.565721 543 359
1.571334 546 358
1.577857 548 359
1.583346 551 360
1.589758 553 361
1.596288 555 362
1.601907 557 363
1.608218 559 363
1.615522 561 363
1.620934 564 363
1.627548 566 362
1.632961 569 363
1.639420 570 362
1.645764 573 363
1.651646 575 362
1.658206 577 362
1.665578 580 362
1.671007 583 361
1.677747 584 360
1.683051 587 360
1.689532 588 359
1.696029 591 358
1.701470 593 358
1.708179 595 359
1.715489 598 360
1.720925 600 362
1.727624 602 363
1.739916 607 365
1.746543 609 363
1.752138 611 364
1.758457 616 361
1.769820 618 360
1.776565 620 359
1.782246 622 362
1.788757 625 362
1.795016 627 361
1.800910 629 361
1.807632 631 359
1.812949 635 360
1.824024 637 359
1.830583 639 359
1.836998 642 360
1.842693 644 361
1.848945 646 363
1.855585 649 364
1.861002 651 365
1.868572 653 364
1.874468 655 364
1.880344 658 361
1.887036 660 361
1.892690 662 359
1.898947 664 360
1.905539 667 359
1.910982 669 359
1.918700 671 361
1.925009 674 360
1.930562 676 362
1.937002 678 362
1.942704 680 363
1.949353 682 361
1.955685 685 362
1.961055 687 362
1.967800 689 361
1.974534 692 363
1.980361 694 364
1.986917 696 365
1.992595 698 365
1.998872 701 362
2.005449 703 364
2.011934 705 361
2.018269 708 359
2.025614 710 358
2.031032 713 358
2.037751 714 359
2.043083 717 359
2.049788 719 362
2.056368 721 360
2.061970 723 363
2.068459 726 363
2.075760 728 362
2.081420 731 364
2.087922 733 362
2.093477 735 363
2.099694 737 363
2.106228 739 362
2.111804 742 364
2.118258 744 363
2.125643 746 361
2.131457 749 362
2.137932 751 360
2.143494 753 361
2.149773 755 358
2.156332 757 359
2.161971 761 359
2.172922 764 359
2.179666 765 360
2.186462 769 362
2.192067 771 366
2.198532 773 364
2.204050 775 362
2.210282 777 363
2.216810 779 364
2.223496 782 362
2.229783 785 360
2.236316 787 359
2.241904 789 359
2.248394 791 361
2.253933 793 361
2.260157 795 362
2.266709 797 361
2.273075 800 360
2.279607 802 359
2.286117 805 360
2.291536 807 361
2.298026 809 359
2.303599 811 363
2.310062 813 362
2.316651 815 364
2.322338 819 362
2.329659 820 365
2.336230 823 363
2.341898 825 361
2.348235 827 363
2.353757 829 360
2.360000 831 360
2.366665 833 359
2.372367 837 360
2.379670 838 359
2.386236 841 360
2.391907 843 362
2.398273 845 360
2.403785 847 361
2.410030 849 362
2.416566 852 363
2.422266 855 362
2.429513 856 362
2.436195 859 362
2.441780 861 362
2.448152 863 362
2.453756 865 365
2.460086 868 364
2.466690 870 362
2.472371 873 361
2.479565 874 360
2.486238 877 360
2.491779 879 358
2.498142 881 359
2.503744 883 358
2.510000 886 360
2.516509 888 364
2.522067 890 362
2.529409 892 363
2.535742 895 364
2.541391 897 363
2.548104 899 364
2.553620 902 362
2.559842 904 363
2.568738 907 362
2.576738 910 362
2.583350 913 361
2.589780 915 360
2.596461 917 361
2.602051 919 359
2.609444 921 360
2.615778 923 358
2.621434 926 359
2.627951 929 360
2.635059 931 361
2.640688 933 361
2.647015 935 363
2.652668 937 364
2.658956 939 364
2.665510 941 366
2.671070 945 362
2.677773 947 362
2.684488 949 361
2.690528 951 361
2.697434 953 361
2.702749 955 359
2.709000 957 360
2.715589 959 361
2.720994 963 360
2.727959 965 360
2.736222 967 359
2.741940 970 361
2.748240 972 360
2.753846 974 360
2.760056 976 362
2.766569 978 361
2.772161 981 363
2.778510 983 363
2.786246 985 364
2.791782 988 363
2.798155 990 362
2.803740 992 362
2.809962 994 362
2.816469 997 360
2.822022 999 359
2.828519 1001 359
2.836077 1004 358
2.841504 1006 359
2.848179 1008 360
2.853761 1010 360
2.860052 1012 362
2.866574 1015 363
2.872253 1017 363
2.878477 1019 363
2.885779 1021 363
2.891460 1024 363
2.897930 1025 362
2.903481 1028 362
2.909892 1031 364
2.916455 1033 362
2.922040 1035 364
2.928331 1037 363
2.935655 1039 361
2.941047 1042 359
2.947792 1043 359
2.953061 1047 360
2.959674 1048 358
2.970065 1052 360
2.976842 1054 360
2.982506 1057 363
2.989786 1059 363
2.996477 1061 365
