0 0 0
0.006156 1 3
0.014379 1 21
0.022226 3 23
0.030384 5 171
0.037688 7 228
0.043150 9 252
0.049851 11 362
0.055406 15 396
0.061646 17 452
0.068375 25 566
0.080401 29 594
0.085936 33 635
0.092319 37 667
0.099062 41 695
0.104729 46 710
0.111014 51 734
0.117540 55 755
0.123124 61 779
0.130756 66 795
0.137066 71 809
0.142611 76 824
0.149051 81 838
0.154719 87 846
0.160985 91 854
0.167572 97 860
0.173014 102 871
0.180564 109 878
0.186098 115 888
0.192609 120 898
0.199025 125 900
0.204702 131 905
0.211025 136 908
0.217586 142 907
0.222997 147 911
0.230507 155 919
0.236075 160 926
0.242305 166 928
0.249042 171 928
0.254719 177 930
0.260994 183 931
0.267564 188 934
0.272987 194 937
0.279756 201 941
0.286084 207 943
0.292338 213 943
0.298970 219 941
0.304681 224 943
0.311070 230 945
0.317629 235 946
0.323037 243 951
0.329757 249 953
0.336113 255 952
0.342326 260 947
0.348891 266 947
0.354601 271 949
0.360842 277 953
0.367146 283 956
0.373045 291 957
0.379951 297 955
0.386584 302 954
0.392426 308 951
0.398944 313 953
0.404595 319 957
0.410810 325 960
0.417092 331 960
0.422638 337 957
0.429548 344 957
0.435951 350 956
0.442194 356 955
0.448752 361 959
0.454449 367 962
0.460695 373 964
0.466643 379 959
0.477755 391 957
0.484996 398 957
0.491764 402 960
0.498459 409 962
0.504066 415 964
0.510529 421 964
0.516079 427 960
0.522295 433 957
0.528897 439 959
0.535570 446 962
0.541837 452 964
0.548538 458 964
0.554165 463 961
0.561157 469 959
0.567756 475 957
0.573162 483 958
0.579869 487 964
0.586531 494 964
0.592417 500 962
0.598952 506 962
0.604651 511 961
0.611084 517 957
0.617699 523 957
0.623111 531 959
0.629843 535 964
0.636554 542 966
0.642819 548 963
0.649482 554 959
0.654847 559 959
0.661088 565 959
0.667742 573 961
0.673553 579 963
0.680062 585 965
0.685622 591 962
0.692775 596 959
0.699140 602 957
0.704808 607 959
0.711039 613 963
0.717592 619 964
0.723006 627 965
0.729916 631 964
0.735424 639 962
0.742303 644 957
0.748832 650 958
0.754523 656 964
0.760769 661 964
0.767047 667 963
0.772886 673 962
0.779481 679 959
0.784855 687 958
0.792226 692 958
0.798773 698 962
0.804464 704 967
0.810709 710 964
0.817029 715 963
0.822567 721 961
0.829045 727 959
0.834712 735 961
0.842006 741 962
0.848675 746 964
0.854361 752 963
0.860571 758 960
0.866089 763 956
0.874953 773 961
0.882896 779 965
0.890420 787 965
0.896011 793 962
0.902800 798 961
0.909767 804 961
0.915059 811 958
0.921568 815 959
0.928130 823 965
0.933567 829 966
0.940033 835 962
0.947159 841 960
0.952775 846 957
0.959110 852 961
0.964742 858 963
0.971403 863 963
0.977730 869 967
0.983142 877 964
0.989890 883 959
0.997023 889 957
1.002582 895 961
1.008969 900 965
1.014677 906 965
1.020961 912 964
1.027467 917 963
1.033072 925 961
1.039804 931 959
1.046160 937 959
1.052352 943 963
1.058884 948 964
1.064548 954 966
1.070765 960 964
1.077069 965 961
1.082783 971 959
1.089682 979 958
1.096020 985 961
1.102291 991 967
1.108810 997 965
1.114490 1002 963
1.120709 1008 960
1.126622 1014 960
1.132564 1019 959
1.138955 1025 961
1.145705 1033 965
1.152103 1039 965
1.158851 1045 964
1.164531 1050 960
1.170784 1056 958
1.177063 1062 959
1.182604 1067 961
1.189071 1073 963
1.195761 1081 964
1.201958 1087 963
1.208653 1093 962
1.214329 1099 960
1.220592 1104 959
1.226119 1110 962
1.232334 1116 964
1.238884 1121 964
1.244567 1129 961
1.251831 1135 961
1.258354 1141 960
1.263856 1147 962
1.270392 1156 965
1.280603 1162 965
1.286119 1168 965
1.292792 1175 960
1.300384 1181 958
1.305930 1187 960
1.312163 1193 960
1.318707 1199 964
1.324382 1204 964
1.330804 1210 965
1.337113 1216 960
1.342662 1223 958
1.350194 1229 958
1.355760 1235 963
1.361975 1241 964
1.368511 1247 965
1.374094 1252 964
1.380379 1258 962
1.385915 1264 958
1.392337 1269 958
1.400078 1277 961
1.405642 1283 965
1.411856 1289 965
1.418591 1295 962
1.424200 1301 960
1.430507 1306 958
1.436004 1312 958
1.442231 1318 960
1.450129 1325 964
1.455693 1331 967
1.461961 1337 964
1.468473 1343 960
1.474071 1349 958
1.480407 1354 959
1.485969 1360 962
1.492186 1366 962
1.498748 1372 964
1.505483 1379 965
1.511848 1385 958
1.518388 1391 959
1.523972 1397 960
1.530338 1403 961
1.535889 1408 964
1.542129 1414 965
1.548833 1422 962
1.557076 1427 962
1.562653 1433 957
1.569535 1439 960
1.574882 1445 962
1.581103 1451 966
1.587735 1456 967
1.593143 1464 963
1.599880 1470 962
1.606531 1475 960
1.612384 1481 959
1.618932 1487 961
1.624584 1493 965
1.630977 1499 966
1.637542 1505 964
1.642972 1512 960
1.649753 1518 961
1.655990 1523 960
1.662229 1529 962
1.668768 1535 962
1.678967 1545 966
1.684675 1551 962
1.691408 1556 958
1.697782 1564 959
1.704703 1570 961
1.711047 1575 963
1.717613 1581 964
1.723053 1589 962
1.729844 1593 963
1.735118 1601 960
1.741577 1605 957
1.748218 1612 962
1.754668 1618 962
1.760939 1624 966
1.767451 1629 962
1.772883 1635 962
1.779166 1641 962
1.784856 1647 961
1.791084 1653 957
1.802922 1666 963
1.810599 1672 964
1.816124 1677 963
1.822351 1683 964
1.828882 1689 966
1.834598 1695 963
1.840827 1701 957
1.847107 1707 959
1.852743 1714 963
1.860332 1720 966
1.865870 1726 963
1.872284 1731 961
1.878842 1737 960
1.884521 1743 959
1.890768 1749 960
1.897054 1755 962
1.902621 1762 965
1.910310 1768 965
1.915818 1774 961
1.922037 1779 958
1.928709 1785 959
1.934416 1791 960
1.940810 1797 963
1.947039 1803 965
1.952586 1811 967
1.960136 1816 963
1.965748 1822 957
1.971995 1828 960
1.978511 1833 962
1.984089 1839 965
1.990582 1845 963
1.996114 1851 960
2.002326 1857 959
2.009974 1863 959
2.015519 1870 960
2.021784 1876 965
2.028386 1882 965
2.033964 1887 961
2.040290 1893 960
2.045870 1899 960
2.052283 1905 963
2.059947 1911 964
2.065495 1918 965
2.071877 1926 962
2.081092 1933 960
2.088757 1939 956
2.094413 1945 959
2.100853 1951 963
2.107441 1959 965
2.114383 1965 966
2.120615 1970 961
2.126106 1976 959
2.132303 1982 959
2.138870 1987 959
2.144549 1993 961
2.150827 1999 966
2.157072 2007 967
2.163791 2013 961
2.170325 2018 958
2.175888 2024 957
2.182113 2030 959
2.188670 2035 961
2.194391 2041 963
2.200766 2047 966
2.207030 2055 962
2.213795 2061 961
2.220214 2066 958
2.225803 2072 959
2.232207 2078 961
2.238736 2084 964
2.244381 2089 964
2.250630 2095 962
2.256161 2101 961
2.263743 2109 958
2.270145 2115 958
2.275685 2120 961
2.281955 2126 966
2.288641 2132 965
2.294321 2137 961
2.300524 2143 962
2.306020 2149 960
2.313442 2157 960
2.319948 2161 960
2.325456 2169 962
2.331858 2174 964
2.338411 2180 965
2.344016 2186 962
2.350513 2191 959
2.356050 2197 959
2.363496 2205 958
2.369991 2209 961
2.375558 2217 965
2.381814 2222 965
2.388385 2228 962
2.394006 2234 957
2.400305 2239 958
2.405828 2245 960
2.412204 2253 962
2.419954 2257 964
2.425539 2265 963
2.431765 2269 959
2.438300 2276 958
2.444700 2282 958
2.451003 2287 961
2.457553 2293 963
2.463138 2301 963
2.470866 2307 962
2.480239 2317 959
2.487545 2322 959
2.493133 2330 958
2.500031 2336 963
2.505601 2341 965
2.511962 2347 965
2.519688 2353 961
2.525000 2361 958
2.531669 2365 961
2.538180 2372 960
2.543596 2378 959
2.550069 2384 966
2.557093 2389 963
2.562774 2397 959
2.570231 2403 959
2.575824 2409 959
2.582077 2415 959
2.588791 2420 960
2.594525 2426 963
2.600777 2432 965
2.607149 2438 963
2.612790 2445 959
2.620211 2451 957
2.625801 2457 960
2.632071 2463 964
2.638571 2469 964
2.644120 2474 963
2.650591 2480 961
2.656120 2486 960
2.662332 2491 959
2.670014 2497 957
2.675592 2505 960
2.681853 2511 964
2.688401 2517 965
2.693974 2522 964
2.700281 2528 964
2.705849 2534 961
2.712197 2539 957
2.720075 2547 960
2.725643 2553 962
2.731847 2559 967
2.738415 2565 965
2.744009 2571 961
2.750329 2576 959
2.755836 2582 959
2.762065 2588 961
2.768821 2593 961
2.775436 2601 965
2.781655 2605 965
2.788155 2613 964
2.793613 2619 958
2.800079 2624 958
2.805578 2630 962
2.811818 2636 962
2.818345 2642 966
2.824879 2649 965
2.831493 2653 963
2.837812 2659 959
2.843410 2667 960
2.850091 2673 961
2.855630 2678 962
2.861857 2684 964
2.868377 2690 963
2.874877 2699 961
2.885139 2707 956
2.891888 2713 959
2.898575 2719 963
2.904306 2725 966
2.910681 2730 966
2.916569 2736 965
2.923735 2743 962
2.930168 2749 962
2.935740 2755 958
2.941947 2761 959
2.948616 2767 961
2.954198 2773 965
2.960507 2778 965
2.966037 2784 963
2.973455 2792 960
2.980111 2797 959
2.985633 2803 958
2.991874 2809 962
2.998685 2815 966
