0 0 0
0.008624 -1 -2
0.015776 -1 -14
0.023299 -2 -11
0.031194 -4 -164
0.038484 -6 -76
0.044131 -8 -253
0.050403 -10 -270
0.056330 -12 -313
0.062644 -14 -352
0.069293 -16 -382
0.074685 -20 -406
0.081938 -22 -431
0.088528 -26 -450
0.094249 -28 -465
0.100505 -31 -484
0.106812 -34 -495
0.112467 -38 -513
0.119398 -41 -526
0.124739 -45 -543
0.132013 -49 -553
0.138582 -52 -561
0.144254 -56 -567
0.150507 -59 -571
0.156796 -62 -581
0.162695 -67 -584
0.169416 -70 -592
0.174724 -74 -595
0.182296 -78 -599
0.188791 -82 -602
0.194483 -86 -607
0.200738 -89 -615
0.207367 -93 -619
0.212801 -98 -618
0.219553 -100 -617
0.224888 -105 -618
0.232320 -109 -620
0.239279 -113 -622
0.244653 -116 -625
0.250885 -120 -626
0.257463 -124 -628
0.263121 -129 -629
0.269639 -132 -633
0.275164 -137 -634
0.282363 -140 -634
0.289306 -147 -634
0.299877 -152 -632
0.305475 -156 -631
0.311874 -160 -634
0.318627 -164 -638
0.324325 -167 -639
0.331607 -172 -639
0.338188 -176 -641
0.343803 -180 -637
0.350152 -184 -640
0.355690 -188 -638
0.362079 -192 -638
0.368651 -195 -636
0.374386 -199 -635
0.380693 -204 -640
0.388166 -208 -638
0.393795 -212 -643
0.400102 -216 -644
0.405697 -220 -642
0.411940 -224 -640
0.418670 -227 -640
0.424375 -231 -638
0.430669 -236 -641
0.438261 -240 -640
0.443875 -244 -640
0.450186 -248 -639
0.455697 -252 -642
0.461973 -256 -644
0.468511 -260 -644
0.474212 -263 -643
0.480641 -268 -640
0.488215 -272 -639
0.493817 -276 -637
0.500152 -280 -639
0.505684 -284 -640
0.511923 -288 -641
0.518498 -292 -642
0.524252 -295 -641
0.530542 -299 -643
0.538237 -304 -644
0.543825 -308 -643
0.550351 -312 -641
0.555886 -316 -638
0.562132 -320 -637
0.568663 -324 -638
0.574365 -328 -640
0.580690 -332 -644
0.588231 -336 -643
0.593811 -340 -642
0.600287 -344 -642
0.605833 -348 -641
0.612150 -352 -641
0.618667 -356 -642
0.624367 -360 -640
0.630685 -363 -637
0.638296 -368 -637
0.643916 -372 -639
0.650250 -376 -641
0.655796 -380 -642
0.662311 -384 -646
0.668800 -388 -643
0.674500 -392 -643
0.681161 -396 -639
0.688480 -400 -639
0.698736 -407 -640
0.704448 -411 -639
0.710851 -415 -640
0.717417 -420 -640
0.723465 -424 -644
0.729871 -428 -644
0.735434 -432 -645
0.742577 -435 -643
0.749249 -439 -640
0.754646 -443 -638
0.760878 -447 -639
0.767461 -450 -641
0.773120 -456 -643
0.779794 -460 -643
0.785342 -464 -643
0.792514 -468 -643
0.798874 -471 -644
0.804573 -476 -644
0.811235 -479 -642
0.817580 -483 -640
0.823258 -488 -637
0.830459 -492 -637
0.836789 -497 -641
0.843808 -501 -644
0.850164 -504 -645
0.855721 -508 -643
0.861964 -512 -642
0.868569 -516 -641
0.874268 -520 -642
0.880535 -524 -640
0.886817 -529 -639
0.893712 -533 -640
0.900217 -536 -639
0.905735 -540 -639
0.911968 -544 -645
0.918572 -548 -645
0.924287 -552 -645
0.930547 -556 -643
0.936877 -561 -640
0.944062 -565 -640
0.950316 -569 -639
0.955844 -572 -641
0.962387 -576 -640
0.968818 -580 -640
0.974489 -584 -641
0.980787 -588 -645
0.987390 -593 -646
0.994125 -597 -643
1.000367 -601 -643
1.006256 -605 -640
1.012130 -608 -636
1.018813 -612 -637
1.024488 -616 -641
1.030745 -620 -640
1.037327 -624 -643
1.044068 -629 -644
1.050305 -633 -643
1.055841 -637 -643
1.062066 -641 -644
1.068827 -644 -642
1.074492 -648 -642
1.081120 -652 -639
1.087474 -656 -639
1.098600 -664 -641
1.104319 -668 -644
1.110710 -672 -645
1.117256 -676 -643
1.122873 -680 -643
1.129606 -683 -642
1.134888 -688 -643
1.141564 -692 -641
1.148891 -696 -640
1.154593 -700 -639
1.160833 -704 -638
1.167432 -708 -640
1.172857 -712 -642
1.179624 -715 -645
1.185142 -720 -646
1.191424 -724 -642
1.199264 -728 -641
1.204626 -732 -638
1.211143 -736 -640
1.217525 -740 -640
1.223152 -745 -640
1.229654 -747 -642
1.235177 -752 -641
1.241445 -756 -641
1.248802 -760 -645
1.254479 -764 -645
1.261136 -768 -642
1.267552 -772 -640
1.273188 -777 -637
1.279745 -779 -638
1.285299 -784 -641
1.291574 -788 -641
1.298823 -792 -641
1.304477 -796 -643
1.310733 -800 -641
1.317297 -804 -643
1.322873 -809 -642
1.329789 -813 -642
1.335327 -816 -640
1.341588 -820 -637
1.348893 -824 -637
1.354588 -828 -641
1.360826 -832 -641
1.367421 -836 -643
1.372861 -841 -646
1.379767 -845 -645
1.385325 -849 -641
1.391570 -852 -641
1.399213 -856 -642
1.404584 -860 -641
1.410856 -864 -640
1.417420 -868 -639
1.422859 -873 -640
1.430183 -877 -638
1.435756 -881 -646
1.442156 -884 -646
1.449859 -890 -644
1.455400 -894 -640
1.461850 -898 -639
1.468421 -901 -638
1.474130 -905 -638
1.480416 -909 -641
1.486368 -913 -641
1.492310 -920 -642
1.503842 -924 -644
1.510299 -928 -643
1.515835 -932 -644
1.522398 -936 -642
1.529259 -940 -639
1.534622 -944 -637
1.540876 -948 -637
1.547448 -952 -641
1.554438 -956 -643
1.561118 -960 -645
1.567468 -964 -644
1.572881 -969 -643
1.579639 -972 -642
1.585163 -977 -642
1.591568 -981 -641
1.598131 -985 -641
1.604576 -988 -638
1.610847 -992 -639
1.617430 -996 -641
1.623260 -1002 -644
1.629755 -1004 -645
1.635363 -1009 -643
1.641622 -1013 -642
1.648185 -1017 -643
1.654547 -1021 -639
1.660803 -1024 -640
1.667423 -1028 -640
1.672864 -1034 -640
1.679767 -1037 -639
1.685337 -1041 -641
1.691576 -1045 -645
1.698188 -1049 -645
1.704709 -1054 -644
1.711347 -1056 -641
1.718048 -1062 -641
1.723596 -1066 -638
1.729962 -1070 -637
1.741741 -1077 -641
1.748352 -1081 -643
1.754850 -1086 -642
1.761346 -1089 -643
1.767826 -1094 -642
1.773309 -1098 -643
1.779848 -1102 -642
1.785382 -1105 -641
1.791617 -1109 -637
1.798377 -1113 -637
1.804804 -1118 -639
1.811334 -1121 -642
1.817829 -1126 -644
1.823271 -1130 -643
1.830462 -1134 -642
1.836786 -1138 -642
1.842382 -1141 -641
1.849393 -1145 -639
1.855709 -1150 -639
1.862096 -1154 -637
1.868675 -1158 -637
1.874385 -1162 -639
1.880649 -1166 -641
1.887248 -1170 -644
1.892695 -1176 -644
1.902879 -1181 -641
1.910593 -1185 -640
1.917145 -1189 -639
1.923125 -1194 -641
1.929801 -1198 -641
1.935386 -1202 -640
1.941610 -1206 -640
1.948175 -1209 -642
1.953820 -1213 -644
1.961204 -1217 -647
1.967556 -1221 -645
1.973228 -1226 -643
1.979937 -1230 -639
1.985494 -1234 -636
1.991760 -1238 -637
1.998271 -1241 -639
2.003857 -1245 -642
2.010843 -1249 -643
2.017441 -1253 -644
2.022876 -1258 -643
2.029624 -1260 -643
2.035148 -1266 -644
2.041615 -1270 -643
2.048169 -1274 -639
2.053789 -1277 -638
2.060823 -1281 -637
2.067441 -1285 -639
2.072854 -1290 -642
2.079596 -1293 -644
2.084885 -1298 -643
2.091377 -1300 -643
2.098107 -1306 -641
2.103735 -1309 -640
2.111239 -1313 -640
2.117778 -1317 -639
2.123258 -1322 -639
2.129752 -1326 -638
2.135328 -1330 -640
2.141593 -1334 -643
2.148149 -1338 -645
2.153772 -1342 -646
2.161198 -1346 -644
2.167558 -1349 -641
2.173217 -1354 -640
2.179709 -1357 -639
2.185304 -1362 -639
2.191552 -1366 -641
2.198116 -1370 -643
2.203736 -1374 -642
2.210861 -1378 -642
2.217529 -1382 -642
2.223337 -1386 -644
2.229826 -1390 -644
2.235392 -1394 -641
2.241851 -1398 -637
2.248418 -1402 -637
2.254105 -1406 -640
2.260305 -1410 -640
2.267881 -1414 -643
2.273342 -1418 -644
2.279990 -1422 -643
2.285555 -1426 -642
2.291787 -1430 -643
2.301863 -1436 -643
2.308651 -1442 -640
2.315341 -1446 -638
2.321766 -1449 -639
2.328452 -1453 -639
2.334122 -1457 -643
2.340518 -1461 -645
2.346777 -1465 -646
2.352344 -1468 -643
2.358822 -1474 -640
2.365572 -1478 -641
2.371963 -1482 -641
2.378523 -1485 -639
2.384261 -1489 -640
2.390524 -1493 -641
2.396834 -1497 -639
2.402688 -1501 -643
2.409498 -1504 -644
2.416251 -1510 -647
2.422100 -1514 -642
2.428658 -1518 -641
2.434357 -1521 -638
2.440678 -1525 -637
2.447214 -1529 -639
2.452677 -1533 -640
2.459564 -1536 -640
2.466275 -1542 -643
2.472296 -1546 -642
2.478757 -1550 -643
2.484455 -1553 -645
2.490744 -1557 -643
2.497376 -1561 -640
2.503208 -1566 -640
2.509685 -1568 -636
2.516772 -1574 -638
2.522631 -1578 -642
2.529321 -1582 -642
2.534727 -1586 -644
2.541217 -1589 -644
2.547773 -1593 -641
2.553265 -1598 -642
2.559781 -1602 -642
2.566847 -1606 -641
2.572498 -1610 -637
2.579403 -1614 -638
2.584743 -1618 -637
2.591212 -1621 -640
2.597548 -1625 -642
2.603190 -1630 -647
2.609710 -1633 -644
2.615290 -1638 -641
2.622320 -1642 -640
2.629280 -1646 -640
2.634690 -1651 -640
2.641342 -1653 -638
2.647891 -1658 -640
2.653332 -1662 -638
2.659802 -1666 -640
2.665368 -1670 -643
2.672642 -1674 -646
2.679314 -1678 -645
2.684723 -1682 -643
2.691174 -1686 -639
2.700518 -1692 -636
2.708246 -1697 -639
2.713845 -1702 -640
2.721315 -1705 -642
2.728025 -1710 -642
2.733576 -1714 -642
2.739956 -1718 -641
2.745525 -1722 -644
2.751806 -1725 -643
2.758656 -1729 -641
2.764336 -1733 -638
2.771578 -1738 -637
2.778144 -1742 -636
2.783776 -1746 -641
2.790083 -1750 -643
2.795624 -1754 -643
2.801865 -1757 -642
2.808416 -1761 -641
2.814153 -1765 -641
2.821623 -1770 -640
2.828833 -1774 -640
2.834493 -1778 -638
2.840757 -1782 -637
2.847337 -1786 -638
2.852764 -1790 -643
2.859515 -1793 -646
2.864806 -1798 -646
2.872117 -1802 -643
2.878824 -1806 -641
2.884477 -1810 -640
2.890866 -1814 -638
2.897480 -1818 -640
2.902891 -1823 -641
2.909583 -1825 -641
2.914885 -1830 -640
2.922124 -1834 -643
2.928705 -1838 -642
2.934409 -1842 -644
2.940822 -1846 -645
2.947396 -1850 -641
2.952829 -1855 -639
2.959588 -1857 -636
2.965121 -1862 -637
2.971405 -1866 -639
2.978793 -1870 -644
2.984505 -1874 -643
2.990786 -1878 -644
2.997367 -1882 -644
