0 0 0
6.389617919921875e-05 0 0
0.014176130294799805 0 -3
0.020641326904296875 -1 -9
0.027264118194580078 -1 -9
0.03278541564941406 -3 -46
0.039795637130737305 -5 -38
0.04541587829589844 -7 -231
0.05170178413391113 -9 -312
0.05829167366027832 -12 -377
0.0648651123046875 -16 -420
0.07157182693481445 -19 -496
0.07819151878356934 -23 -515
0.0838172435760498 -26 -576
0.09017300605773926 -30 -599
0.09576177597045898 -34 -641
0.10231685638427734 -38 -671
0.10885500907897949 -44 -694
0.11568355560302734 -49 -728
0.12193989753723145 -53 -746
0.12853360176086426 -58 -764
0.1342909336090088 -63 -780
0.14059972763061523 -72 -806
0.15181589126586914 -79 -825
0.15986108779907227 -84 -839
0.1672983169555664 -89 -846
0.17316269874572754 -96 -856
0.17969965934753418 -99 -861
0.18529963493347168 -107 -868
0.1916213035583496 -112 -877
0.1983647346496582 -117 -888
0.2040996551513672 -123 -895
0.2103743553161621 -128 -901
0.21825814247131348 -135 -901
0.22392487525939941 -141 -905
0.230302095413208 -146 -909
0.23719286918640137 -152 -912
0.24326395988464355 -159 -913
0.24981403350830078 -165 -921
0.2554023265838623 -170 -926
0.26168251037597656 -178 -929
0.2695150375366211 -181 -925
0.27486300468444824 -189 -924
0.2815828323364258 -195 -928
0.2881791591644287 -200 -931
0.29383087158203125 -206 -935
0.3002500534057617 -211 -938
0.3058607578277588 -217 -941
0.3123798370361328 -225 -937
0.32027482986450195 -230 -934
0.32586240768432617 -236 -940
0.33251523971557617 -241 -941
0.33943986892700195 -247 -945
0.3448030948638916 -255 -945
0.3513295650482178 -259 -945
0.35788941383361816 -266 -947
0.3635125160217285 -271 -942
0.37080883979797363 -277 -942
0.3774545192718506 -283 -944
0.383129358291626 -291 -950
0.38968634605407715 -295 -950
0.3952817916870117 -302 -948
0.4018087387084961 -308 -946
0.4084479808807373 -313 -946
0.41424059867858887 -321 -946
0.42153382301330566 -327 -947
0.42814040184020996 -333 -949
0.4337942600250244 -338 -953
0.4401509761810303 -344 -954
0.445781946182251 -349 -951
0.45205068588256836 -355 -948
0.45886707305908203 -361 -947
0.46460700035095215 -369 -949
0.4718515872955322 -374 -951
0.4784989356994629 -380 -952
0.48427653312683105 -385 -952
0.49058103561401367 -391 -951
0.49719929695129395 -397 -945
0.502732515335083 -405 -948
0.5095968246459961 -408 -950
0.515169620513916 -416 -955
0.5225646495819092 -422 -951
0.5292456150054932 -427 -951
0.5346698760986328 -433 -949
0.5412137508392334 -439 -946
0.5512828826904297 -448 -949
0.5580034255981445 -456 -954
0.5636682510375977 -461 -955
0.57118821144104 -467 -951
0.578028678894043 -475 -947
0.583702564239502 -481 -947
0.5902924537658691 -486 -949
0.5958592891693115 -492 -952
0.6021213531494141 -498 -952
0.608668327331543 -503 -951
0.6144435405731201 -509 -951
0.6217114925384521 -517 -948
0.6282768249511719 -523 -946
0.6339235305786133 -528 -949
0.6405208110809326 -534 -950
0.647191047668457 -539 -952
0.6526727676391602 -547 -952
0.659447431564331 -551 -952
0.6647777557373047 -559 -947
0.6723482608795166 -564 -946
0.6788318157196045 -570 -946
0.6845605373382568 -575 -950
0.6908867359161377 -581 -954
0.6975600719451904 -589 -951
0.7035708427429199 -595 -949
0.7100269794464111 -600 -949
0.7156057357788086 -606 -946
0.7233037948608398 -613 -948
0.7298645973205566 -619 -951
0.7354624271392822 -625 -955
0.7417356967926025 -631 -953
0.7482962608337402 -637 -952
0.7539505958557129 -642 -948
0.7604713439941406 -648 -950
0.7668063640594482 -653 -950
0.773601770401001 -661 -951
0.7800393104553223 -667 -954
0.7855968475341797 -673 -955
0.7919018268585205 -678 -952
0.7985122203826904 -684 -949
0.8042781352996826 -690 -946
0.8105695247650146 -695 -950
0.8172352313995361 -701 -955
0.8241784572601318 -709 -955
0.8305811882019043 -715 -953
0.8371782302856445 -720 -951
0.8426728248596191 -728 -950
0.8497898578643799 -733 -949
0.8553721904754639 -739 -949
0.8616728782653809 -745 -953
0.868253231048584 -751 -955
0.8748207092285156 -758 -953
0.8815517425537109 -764 -949
0.888150691986084 -770 -949
0.8937995433807373 -775 -948
0.9001443386077881 -781 -947
0.905754566192627 -787 -953
0.9120182991027832 -793 -957
0.9185976982116699 -798 -956
0.925309419631958 -806 -951
0.9316377639770508 -811 -948
0.9383940696716309 -817 -948
0.944119930267334 -827 -952
0.9543256759643555 -833 -954
0.9608423709869385 -838 -957
0.967465877532959 -846 -956
0.9733355045318604 -851 -950
0.9811677932739258 -857 -949
0.9877688884735107 -865 -950
0.9932823181152344 -871 -953
0.9999825954437256 -877 -955
7.939338684082031e-05 -940 0
0.006732463836669922 -940 0
0.012300252914428711 -941 -7
0.018772125244140625 -941 -18
0.024424314498901367 -943 -21
0.031123638153076172 -944 -199
0.03806042671203613 -945 -196
0.04347848892211914 -949 -282
0.0507814884185791 -951 -351
0.057348012924194336 -953 -398
0.06313085556030273 -956 -433
0.0694265365600586 -959 -478
0.07602667808532715 -963 -502
0.08150982856750488 -967 -532
0.08850622177124023 -971 -562
0.09411072731018066 -975 -599
0.10138320922851562 -978 -614
0.1081552505493164 -982 -635
0.11354446411132812 -987 -653
0.12012720108032227 -990 -669
0.126662015914917 -996 -685
0.13226866722106934 -1000 -702
0.1387190818786621 -1005 -719
0.14603304862976074 -1011 -735
0.15300273895263672 -1015 -742
0.1592872142791748 -1020 -750
0.1659238338470459 -1024 -757
0.17160844802856445 -1031 -764
0.17842340469360352 -1033 -768
0.18403410911560059 -1040 -776
0.19033503532409668 -1045 -786
0.19693255424499512 -1049 -791
0.2035224437713623 -1056 -798
0.2102370262145996 -1059 -799
0.21690583229064941 -1065 -801
0.22255492210388184 -1070 -800
0.22888970375061035 -1075 -803
0.23450970649719238 -1080 -809
0.24080395698547363 -1085 -814
0.24741339683532715 -1091 -819
0.25423717498779297 -1097 -819
0.2605888843536377 -1101 -824
0.26737284660339355 -1106 -823
0.27312588691711426 -1111 -822
0.279433012008667 -1116 -821
0.28602027893066406 -1121 -823
0.29158711433410645 -1128 -825
0.2985808849334717 -1133 -827
0.30585765838623047 -1137 -830
0.3114049434661865 -1143 -829
0.3181889057159424 -1147 -828
0.323566198348999 -1154 -829
0.3302781581878662 -1159 -826
0.3369114398956299 -1164 -828
0.34717273712158203 -1173 -831
0.3539552688598633 -1179 -834
0.36051082611083984 -1184 -832
0.3672962188720703 -1189 -831
0.3730618953704834 -1194 -830
0.3793790340423584 -1199 -829
0.38616347312927246 -1206 -829
0.39201974868774414 -1211 -830
0.398547887802124 -1216 -832
0.40593481063842773 -1221 -834
0.4114644527435303 -1227 -836
0.4182286262512207 -1231 -834
0.4235720634460449 -1237 -831
0.43028855323791504 -1243 -828
0.4369010925292969 -1247 -829
0.44255828857421875 -1252 -832
0.4491105079650879 -1257 -833
0.45660924911499023 -1264 -834
0.4622511863708496 -1269 -836
0.4687049388885498 -1274 -835
0.474292516708374 -1279 -833
0.4805793762207031 -1284 -829
0.48719215393066406 -1289 -827
0.49299001693725586 -1294 -833
0.49930357933044434 -1301 -836
0.5071368217468262 -1306 -835
0.5128724575042725 -1311 -835
0.5191981792449951 -1316 -835
0.525550365447998 -1321 -835
0.5312323570251465 -1326 -830
0.5376102924346924 -1331 -829
0.5433545112609863 -1336 -830
0.549936056137085 -1343 -835
0.5574793815612793 -1347 -837
0.5632240772247314 -1353 -837
0.5699458122253418 -1357 -836
0.5765266418457031 -1364 -832
0.5820505619049072 -1369 -834
0.5885920524597168 -1374 -830
0.5941977500915527 -1379 -830
0.6005065441131592 -1386 -835
0.6082537174224854 -1389 -837
0.6136186122894287 -1396 -838
0.6201691627502441 -1399 -837
0.6269466876983643 -1406 -833
0.6325674057006836 -1411 -830
0.6389813423156738 -1416 -831
0.6445744037628174 -1421 -832
0.650841474533081 -1426 -832
0.6584944725036621 -1433 -834
0.6641545295715332 -1437 -838
0.6704404354095459 -1443 -838
0.677039623260498 -1447 -835
0.6826870441436768 -1453 -831
0.6891777515411377 -1457 -832
0.6955525875091553 -1463 -831
0.7012343406677246 -1467 -834
0.7088205814361572 -1474 -836
0.7144241333007812 -1479 -837
0.7207136154174805 -1484 -836
0.7273664474487305 -1489 -838
0.7331185340881348 -1494 -833
0.7394390106201172 -1503 -831
0.7499361038208008 -1507 -833
0.7563202381134033 -1514 -837
0.7631866931915283 -1519 -838
0.7699193954467773 -1524 -838
0.7765474319458008 -1531 -836
0.7820403575897217 -1536 -836
0.8050665855407715 -1556 -834
0.8145134449005127 -1563 -839
0.8211278915405273 -1568 -836
0.8276331424713135 -1575 -835
0.8363244533538818 -1581 -832
0.8428614139556885 -1586 -832
0.8491635322570801 -1598 -831
0.8630163669586182 -1605 -835
0.8704452514648438 -1611 -838
0.8785595893859863 -1616 -835
0.8860495090484619 -1623 -831
0.8939905166625977 -1629 -830
0.9003076553344727 -1635 -831
0.9072790145874023 -1639 -834
0.913921594619751 -1646 -835
0.9202375411987305 -1651 -834
0.9270071983337402 -1656 -838
0.9327032566070557 -1661 -836
0.9394361972808838 -1666 -830
0.9461021423339844 -1671 -829
0.9520206451416016 -1678 -831
0.9585800170898438 -1683 -834
0.9660029411315918 -1688 -835
0.9715080261230469 -1695 -834
0.9783480167388916 -1698 -837
0.983912467956543 -1705 -836
0.9903759956359863 -1709 -831
0.9969711303710938 -1715 -832
7.605552673339844e-05 -1769 -2
0.005747556686401367 -1769 -2
0.012088537216186523 -1769 -6
0.01871657371520996 -1770 -29
0.024643659591674805 -1771 -17
0.03096938133239746 -1773 -128
0.03756117820739746 -1775 -157
0.044234514236450195 -1777 -295
0.0506443977355957 -1779 -322
0.056233882904052734 -1781 -365
0.0625452995300293 -1784 -384
0.06914043426513672 -1787 -429
0.0748443603515625 -1790 -458
0.0815739631652832 -1793 -488
0.08818554878234863 -1797 -514
0.09470272064208984 -1801 -535
0.10099220275878906 -1804 -556
0.10757589340209961 -1807 -574
0.1130681037902832 -1812 -593
0.1199193000793457 -1815 -606
0.1252765655517578 -1820 -618
0.13186097145080566 -1824 -633
0.13927745819091797 -1830 -650
0.15093088150024414 -1835 -654
0.15755414962768555 -1839 -664
0.16317439079284668 -1845 -674
0.17017507553100586 -1849 -683
0.17574381828308105 -1853 -690
0.18220806121826172 -1857 -695
0.1888284683227539 -1862 -702
0.19562172889709473 -1867 -704
0.2021186351776123 -1872 -707
0.20868754386901855 -1876 -707
0.2143416404724121 -1880 -711
0.22067523002624512 -1885 -714
0.22625136375427246 -1889 -716
0.23268723487854004 -1893 -724
0.23918914794921875 -1898 -728
0.24594640731811523 -1903 -727
0.25220465660095215 -1908 -729
0.25902748107910156 -1912 -729
0.26477742195129395 -1917 -729
0.2710723876953125 -1921 -730
0.27768945693969727 -1925 -730
0.283581018447876 -1931 -733
0.29015207290649414 -1936 -735
0.29758334159851074 -1940 -738
0.30307888984680176 -1946 -742
0.30981874465942383 -1949 -741
0.31522583961486816 -1955 -740
0.3219611644744873 -1959 -737
0.3285515308380127 -1964 -738
0.33419060707092285 -1968 -739
0.34054064750671387 -1973 -740
0.3479440212249756 -1979 -742
0.35366010665893555 -1983 -742
0.3602128028869629 -1987 -745
0.3658106327056885 -1992 -746
0.37215399742126465 -1997 -745
0.3790249824523926 -2001 -740
0.3847477436065674 -2005 -739
0.3910949230194092 -2010 -740
0.39870595932006836 -2016 -744
0.4044971466064453 -2020 -745
0.4109690189361572 -2025 -745
0.4175872802734375 -2029 -746
0.4230949878692627 -2035 -747
0.42987489700317383 -2043 -744
0.44082164764404297 -2047 -742
0.4485893249511719 -2053 -741
0.4542398452758789 -2057 -742
0.46077895164489746 -2062 -747
0.4667491912841797 -2067 -750
0.47272777557373047 -2071 -748
0.47920727729797363 -2075 -748
0.48497533798217773 -2081 -746
0.492048978805542 -2086 -746
0.499788761138916 -2091 -744
0.5051546096801758 -2096 -743
0.5117263793945312 -2099 -742
0.5183181762695312 -2105 -746
0.5239162445068359 -2110 -749
0.53043532371521 -2114 -751
0.5360064506530762 -2119 -746
0.5424613952636719 -2128 -744
0.5538609027862549 -2132 -743
0.5605983734130859 -2137 -745
0.5661790370941162 -2141 -744
0.5727386474609375 -2145 -745
0.5792036056518555 -2150 -747
0.5849635601043701 -2155 -750
0.5915346145629883 -2159 -751
0.5979394912719727 -2165 -747
0.6046669483184814 -2169 -745
0.6109728813171387 -2174 -743
0.6175668239593506 -2179 -743
0.6232407093048096 -2185 -746
0.6300709247589111 -2187 -748
0.6356632709503174 -2193 -748
0.6420056819915771 -2198 -749
0.6485729217529297 -2203 -749
0.6550378799438477 -2207 -746
0.6616017818450928 -2211 -746
0.6683118343353271 -2217 -742
0.6739635467529297 -2222 -742
0.6805901527404785 -2226 -744
0.6862051486968994 -2231 -748
0.6925327777862549 -2235 -749
0.6991491317749023 -2241 -750
0.7059516906738281 -2246 -748
0.7122170925140381 -2250 -745
0.7188596725463867 -2255 -747
0.7246267795562744 -2259 -745
0.7309229373931885 -2263 -743
0.7375085353851318 -2268 -743
0.7431669235229492 -2274 -744
0.7499964237213135 -2279 -750
0.7571556568145752 -2283 -751
0.7628593444824219 -2287 -748
0.7692558765411377 -2292 -745
0.7750186920166016 -2297 -745
0.7815473079681396 -2301 -745
0.7879455089569092 -2307 -745
0.7936520576477051 -2311 -746
0.8003787994384766 -2316 -746
0.8078567981719971 -2321 -749
0.813605546951294 -2326 -749
0.8201346397399902 -2331 -751
0.8257384300231934 -2335 -747
0.8320624828338623 -2340 -742
0.8386614322662354 -2344 -743
0.8443031311035156 -2349 -747
0.8507251739501953 -2353 -746
0.8585414886474609 -2359 -748
0.8642187118530273 -2364 -749
0.8706109523773193 -2368 -749
0.8762023448944092 -2373 -749
0.8824763298034668 -2377 -748
0.8890819549560547 -2381 -746
0.8948118686676025 -2386 -744
0.9011266231536865 -2392 -742
0.9086806774139404 -2397 -743
0.9144318103790283 -2401 -748
0.9208931922912598 -2405 -747
0.9272525310516357 -2410 -747
0.9331393241882324 -2416 -748
0.9399898052215576 -2419 -747
0.9501338005065918 -2428 -743
0.9575698375701904 -2432 -743
0.9632439613342285 -2438 -742
0.9701974391937256 -2443 -744
0.9758059978485107 -2447 -750
0.9822614192962646 -2452 -749
0.9888579845428467 -2456 -749
0.9946317672729492 -2461 -747
7.796287536621094e-05 -2508 0
0.006404399871826172 -2509 -3
0.013239145278930664 -2509 -3
0.01899552345275879 -2510 -67
0.0254514217376709 -2511 -96
0.03213334083557129 -2513 -132
0.03871607780456543 -2514 -159
0.04509544372558594 -2516 -258
0.050647735595703125 -2518 -275
0.056938886642456055 -2520 -319
0.06355905532836914 -2523 -362
0.0693349838256836 -2526 -389
0.07604765892028809 -2527 -401
0.08261394500732422 -2531 -440
0.08921194076538086 -2534 -456
0.09553003311157227 -2537 -480
0.1022036075592041 -2540 -497
0.10766243934631348 -2544 -507
0.11446261405944824 -2547 -519
0.12010836601257324 -2551 -531
0.126434326171875 -2554 -546
0.1342308521270752 -2559 -556
0.1410536766052246 -2562 -570
0.14693713188171387 -2566 -579
0.1540367603302002 -2569 -589
0.15946674346923828 -2573 -592
0.16599273681640625 -2577 -597
0.17254376411437988 -2581 -600
0.1780540943145752 -2585 -602
0.18462228775024414 -2589 -610
0.1920466423034668 -2593 -614
0.1990966796875 -2597 -617
0.20557188987731934 -2601 -617
0.2122507095336914 -2609 -625
0.22319865226745605 -2612 -629
0.22896528244018555 -2616 -634
0.2352902889251709 -2621 -636
0.24297761917114258 -2625 -635
0.24859952926635742 -2629 -635
0.25516843795776367 -2633 -635
0.26154303550720215 -2637 -636
0.2672584056854248 -2640 -637
0.2736496925354004 -2644 -637
0.2793724536895752 -2649 -639
0.28609442710876465 -2653 -641
0.2934551239013672 -2657 -644
0.2992238998413086 -2661 -645
0.30554819107055664 -2665 -648
0.31226539611816406 -2670 -645
0.318248987197876 -2674 -644
0.3247249126434326 -2678 -644
0.33034205436706543 -2681 -642
0.3366115093231201 -2687 -643
0.3443772792816162 -2693 -646
0.3548142910003662 -2697 -646
0.36040520668029785 -2701 -648
0.3668522834777832 -2705 -651
0.3740074634552002 -2709 -649
0.37944889068603516 -2713 -649
0.3860013484954834 -2717 -646
0.39334535598754883 -2722 -644
0.39909958839416504 -2725 -644
0.40544700622558594 -2729 -646
0.41209912300109863 -2733 -649
0.4179956912994385 -2739 -651
0.42453932762145996 -2743 -651
0.4301261901855469 -2747 -649
0.43660569190979004 -2750 -650
0.4444305896759033 -2759 -652
0.4568042755126953 -2763 -647
0.46361517906188965 -2767 -646
0.46938562393188477 -2772 -646
0.4760706424713135 -2775 -647
0.48262786865234375 -2780 -652
0.48821210861206055 -2784 -652
0.4955918788909912 -2788 -653
0.5022246837615967 -2793 -650
0.508612871170044 -2797 -649
0.5150024890899658 -2801 -649
0.5206239223480225 -2805 -650
0.5270490646362305 -2809 -648
0.5335350036621094 -2813 -647
0.5392856597900391 -2818 -648
0.546755313873291 -2822 -648
0.5535333156585693 -2826 -653
0.5592565536499023 -2830 -654
0.5655820369720459 -2833 -654
0.5722556114196777 -2837 -653
0.5843698978424072 -2845 -647
0.5900042057037354 -2851 -647
0.597160816192627 -2854 -647
0.6036162376403809 -2858 -648
0.6094448566436768 -2863 -650
0.6161818504333496 -2866 -650
0.6228084564208984 -2871 -653
0.6284596920013428 -2875 -652
0.6348206996917725 -2879 -654
0.640477180480957 -2883 -651
0.6479530334472656 -2888 -649
0.654494047164917 -2891 -646
0.660111665725708 -2896 -646
0.666466236114502 -2900 -648
0.6732168197631836 -2904 -648
0.6789853572845459 -2908 -651
0.6853337287902832 -2911 -651
0.6920099258422852 -2917 -653
0.6988399028778076 -2921 -651
0.7051458358764648 -2925 -652
0.7111098766326904 -2929 -650
0.7171072959899902 -2933 -650
0.7235875129699707 -2936 -646
0.729426383972168 -2941 -645
0.7361257076263428 -2944 -647
0.7426865100860596 -2949 -653
0.754051685333252 -2956 -652
0.7594900131225586 -2961 -652
0.7662150859832764 -2963 -650
0.7729766368865967 -2969 -650
0.7786431312561035 -2973 -649
0.7850220203399658 -2977 -648
0.79060959815979 -2981 -648
0.7984678745269775 -2986 -646
0.8050479888916016 -2989 -647
0.8106474876403809 -2993 -650
0.8170568943023682 -2997 -654
0.8235659599304199 -3001 -654
0.8292994499206543 -3005 -652
0.8355979919433594 -3009 -650
0.8422501087188721 -3013 -647
0.8489730358123779 -3018 -647
0.85546875 -3022 -648
0.8620731830596924 -3026 -649
0.8675787448883057 -3031 -648
0.8743593692779541 -3034 -647
0.8799629211425781 -3039 -651
0.8894984722137451 -3045 -652
0.8980808258056641 -3051 -651
0.9065496921539307 -3056 -647
0.9136056900024414 -3061 -647
0.9202966690063477 -3065 -648
0.9276728630065918 -3070 -650
0.9351890087127686 -3074 -650
0.9431891441345215 -3079 -651
0.9516663551330566 -3085 -650
0.9573910236358643 -3089 -652
0.9640939235687256 -3093 -653
0.969538688659668 -3097 -652
0.9763162136077881 -3101 -648
0.9829449653625488 -3105 -646
0.988588809967041 -3109 -647
0.9949376583099365 -3113 -646
7.82012939453125e-05 -3153 0
0.006768941879272461 -3153 0
0.01252126693725586 -3154 -8
0.018893718719482422 -3155 -20
0.024589061737060547 -3155 -22
0.030866622924804688 -3157 -40
0.0385127067565918 -3159 -191
0.044110774993896484 -3160 -194
0.05045580863952637 -3162 -263
0.057028770446777344 -3164 -289
0.06271934509277344 -3166 -309
0.06927728652954102 -3168 -334
0.07587885856628418 -3171 -360
0.08141207695007324 -3174 -384
0.08900833129882812 -3176 -398
0.09461450576782227 -3179 -410
0.10088348388671875 -3181 -425
0.10752081871032715 -3184 -437
0.11323690414428711 -3187 -449
0.11954426765441895 -3193 -468
0.13038849830627441 -3197 -482
0.14087414741516113 -3201 -489
0.1522688865661621 -3207 -506
0.16325688362121582 -3212 -511
0.169602632522583 -3215 -518
0.17844843864440918 -3219 -519
0.18632221221923828 -3224 -520
0.19430947303771973 -3229 -523
0.20063376426696777 -3232 -526
0.20725703239440918 -3235 -531
0.21304941177368164 -3239 -536
0.22043824195861816 -3243 -538
0.22840237617492676 -3246 -539
0.23558688163757324 -3251 -541
0.24258875846862793 -3255 -544
0.24953460693359375 -3260 -544
0.2585747241973877 -3263 -546
0.26418113708496094 -3267 -545
0.2706315517425537 -3271 -544
0.2791891098022461 -3274 -543
0.28555822372436523 -3279 -546
0.2925534248352051 -3283 -548
0.3000500202178955 -3285 -551
0.30798792839050293 -3289 -551
0.31347060203552246 -3294 -552
0.32086849212646484 -3298 -552
0.32868504524230957 -3301 -550
0.3389551639556885 -3307 -550
0.34729957580566406 -3313 -551
0.35448193550109863 -3317 -549
0.36334943771362305 -3321 -550
0.37004542350769043 -3323 -548
0.37662839889526367 -3330 -554
0.38741159439086914 -3335 -556
0.39421868324279785 -3338 -556
0.40070629119873047 -3343 -555
0.408510684967041 -3346 -552
0.4159667491912842 -3349 -550
0.42148804664611816 -3353 -550
0.42926931381225586 -3357 -552
0.43692946434020996 -3361 -551
0.44346141815185547 -3366 -552
0.45365023612976074 -3371 -555
0.4602382183074951 -3375 -553
0.4668910503387451 -3379 -557
0.4745814800262451 -3382 -557
0.4809150695800781 -3386 -555
0.4876232147216797 -3390 -551
0.49631738662719727 -3393 -551
0.5020360946655273 -3398 -550
0.5088636875152588 -3405 -553
0.5213801860809326 -3408 -555
0.528367280960083 -3411 -556
0.5369546413421631 -3417 -556
0.5435018539428711 -3421 -553
0.5531108379364014 -3427 -553
0.5708179473876953 -3435 -552
0.5775759220123291 -3439 -551
0.5832874774932861 -3442 -551
0.5942432880401611 -3449 -554
0.6007747650146484 -3453 -558
0.6089773178100586 -3458 -557
0.6181790828704834 -3463 -557
0.6276030540466309 -3467 -555
0.6333496570587158 -3472 -554
0.6433331966400146 -3477 -553
0.6510632038116455 -3481 -552
0.6590237617492676 -3484 -553
0.6671264171600342 -3490 -551
0.676013708114624 -3493 -554
0.6816565990447998 -3497 -554
0.688453197479248 -3500 -558
0.6968183517456055 -3505 -557
0.7024636268615723 -3509 -557
0.7099850177764893 -3512 -553
0.7174530029296875 -3517 -552
0.7232041358947754 -3522 -551
0.7345383167266846 -3527 -554
0.7408862113952637 -3531 -553
0.7486095428466797 -3534 -553
0.7562353610992432 -3537 -553
0.7619540691375732 -3542 -553
0.7684943675994873 -3545 -556
0.7740967273712158 -3549 -557
0.7803678512573242 -3552 -556
0.7871460914611816 -3555 -553
0.7928812503814697 -3560 -553
0.8001973628997803 -3562 -550
0.8068099021911621 -3566 -551
0.8124611377716064 -3570 -551
0.8188621997833252 -3573 -553
0.8244657516479492 -3576 -555
0.8307592868804932 -3580 -554
0.8373391628265381 -3583 -554
0.8430912494659424 -3587 -556
0.850602388381958 -3591 -557
0.8572027683258057 -3594 -555
0.8629500865936279 -3597 -556
0.8692939281463623 -3601 -553
0.8759374618530273 -3604 -553
0.8814342021942139 -3609 -550
0.8882055282592773 -3611 -550
0.8935585021972656 -3615 -552
0.9007973670959473 -3626 -558
0.9225645065307617 -3631 -556
0.9289553165435791 -3634 -557
0.9345340728759766 -3637 -552
0.940831184387207 -3642 -553
0.9493389129638672 -3647 -552
0.9599721431732178 -3651 -553
0.9667830467224121 -3655 -551
0.972480058670044 -3658 -551
0.9790151119232178 -3662 -552
0.9846324920654297 -3665 -557
0.9909133911132812 -3669 -555
0.9974913597106934 -3673 -558
7.581710815429688e-05 -3706 0
0.005731821060180664 -3706 -2
0.012009143829345703 -3706 -6
0.018656253814697266 -3707 -13
0.024495363235473633 -3708 -94
0.030775070190429688 -3709 -17
0.0382382869720459 -3710 -124
0.04384946823120117 -3712 -193
0.05030703544616699 -3713 -174
0.05591416358947754 -3715 -238
0.06244993209838867 -3717 -257
0.06903648376464844 -3718 -283
0.07479333877563477 -3720 -290
0.08115148544311523 -3723 -315
0.08882474899291992 -3725 -332
0.09455180168151855 -3727 -343
0.10092496871948242 -3729 -354
0.10753440856933594 -3731 -367
0.11302566528320312 -3735 -381
0.12066912651062012 -3737 -391
0.12624597549438477 -3739 -397
0.13253068923950195 -3743 -400
0.14028668403625488 -3745 -406
0.14590930938720703 -3748 -414
0.15221095085144043 -3750 -418
0.1588149070739746 -3753 -422
0.1645832061767578 -3755 -425
0.17087340354919434 -3758 -426
0.17723345756530762 -3761 -431
0.18311357498168945 -3764 -433
0.1907968521118164 -3767 -436
0.19719219207763672 -3769 -438
0.2028489112854004 -3772 -438
0.2095775604248047 -3775 -440
0.21499061584472656 -3777 -441
0.22156190872192383 -3780 -442
0.22793817520141602 -3784 -446
0.23366570472717285 -3787 -449
0.24109458923339844 -3789 -454
0.24857044219970703 -3793 -452
0.25418901443481445 -3795 -454
0.2605428695678711 -3798 -451
0.2661318778991699 -3801 -451
0.27240943908691406 -3803 -452
0.2790515422821045 -3806 -451
0.28481149673461914 -3810 -452
0.29213428497314453 -3813 -453
0.29883289337158203 -3815 -454
0.3046073913574219 -3818 -455
0.3108987808227539 -3821 -454
0.3172116279602051 -3823 -453
0.32311248779296875 -3827 -457
0.3299238681793213 -3829 -456
0.3355128765106201 -3833 -457
0.34265875816345215 -3835 -461
0.3491380214691162 -3840 -459
0.3600313663482666 -3843 -458
0.3656466007232666 -3847 -455
0.3721354007720947 -3849 -454
0.3788933753967285 -3852 -454
0.3846604824066162 -3855 -454
0.39188337326049805 -3858 -457
0.3985328674316406 -3861 -458
0.4042043685913086 -3864 -457
0.4105641841888428 -3867 -459
0.4161062240600586 -3869 -457
0.4226861000061035 -3872 -460
0.429168701171875 -3875 -460
0.4348881244659424 -3879 -458
0.4421415328979492 -3881 -458
0.44893646240234375 -3884 -459
0.45468831062316895 -3887 -457
0.46100568771362305 -3889 -457
0.47302770614624023 -3896 -454
0.48009824752807617 -3899 -454
0.4857051372528076 -3901 -455
0.49290037155151367 -3904 -456
0.49959230422973633 -3907 -457
0.505072832107544 -3911 -459
0.5115954875946045 -3912 -459
0.5179533958435059 -3916 -461
0.5236494541168213 -3919 -459
0.5302274227142334 -3921 -458
0.5358564853668213 -3924 -458
0.5435526371002197 -3928 -458
0.5500891208648682 -3930 -456
0.5556914806365967 -3933 -456
0.5620033740997314 -3936 -456
0.5686218738555908 -3939 -455
0.5742835998535156 -3941 -454
0.5809218883514404 -3944 -454
0.5875439643859863 -3948 -455
0.5943107604980469 -3951 -459
0.6008255481719971 -3953 -460
0.6071510314941406 -3956 -462
0.6128466129302979 -3959 -459
0.6192560195922852 -3962 -461
0.6250085830688477 -3965 -459
0.6315498352050781 -3967 -456
0.6379520893096924 -3971 -457
0.6447060108184814 -3974 -454
0.6510562896728516 -3977 -456
0.6576461791992188 -3979 -457
0.6634936332702637 -3983 -457
0.6700830459594727 -3985 -457
0.6756927967071533 -3988 -456
0.6820189952850342 -3991 -458
0.6886215209960938 -3994 -458
0.6951842308044434 -3997 -458
0.7017252445220947 -3999 -460
0.7084975242614746 -4003 -460
0.7141525745391846 -4006 -460
0.72068190574646 -4009 -460
0.7262511253356934 -4011 -455
0.7326531410217285 -4014 -456
0.7391324043273926 -4017 -455
0.7459414005279541 -4020 -453
0.7551026344299316 -4025 -455
0.7625129222869873 -4028 -458
0.7692296504974365 -4031 -460
0.7750015258789062 -4034 -460
0.7818131446838379 -4036 -459
0.7884149551391602 -4039 -459
0.7940893173217773 -4042 -459
0.8012256622314453 -4045 -458
0.8078815937042236 -4048 -458
0.813621997833252 -4051 -457
0.8201696872711182 -4054 -459
0.8257629871368408 -4057 -457
0.8320457935333252 -4060 -457
0.8388242721557617 -4063 -455
0.8445839881896973 -4066 -454
0.8519494533538818 -4069 -456
0.8585572242736816 -4071 -457
0.8641762733459473 -4074 -459
0.8705425262451172 -4077 -460
0.8761076927185059 -4080 -462
0.8824198246002197 -4083 -461
0.8890407085418701 -4085 -459
0.8947932720184326 -4089 -458
0.9022359848022461 -4092 -458
0.908855676651001 -4095 -456
0.9145865440368652 -4097 -457
0.9208946228027344 -4100 -459
0.9272561073303223 -4103 -456
0.9329390525817871 -4105 -458
0.939673662185669 -4108 -455
0.9450881481170654 -4112 -456
0.9523077011108398 -4115 -456
0.9590878486633301 -4117 -457
0.9648373126983643 -4120 -459
0.9715421199798584 -4123 -463
0.9779369831085205 -4126 -462
0.9836421012878418 -4129 -463
0.9901487827301025 -4132 -461
0.9958009719848633 -4135 -456
7.796287536621094e-05 -4161 0
0.005886077880859375 -4161 0
0.012230634689331055 -4161 -2
0.017835617065429688 -4161 -6
0.024282217025756836 -4162 -33
0.03077983856201172 -4163 -33
0.03740978240966797 -4164 -29
0.04370260238647461 -4165 -123
0.05051469802856445 -4166 -163
0.056261301040649414 -4167 -193
0.0625464916229248 -4169 -192
0.06918120384216309 -4170 -211
0.07471752166748047 -4173 -234
0.08149147033691406 -4174 -252
0.08784604072570801 -4176 -264
0.09413290023803711 -4177 -276
0.10067582130432129 -4179 -284
0.10735678672790527 -4181 -293
0.11382722854614258 -4183 -297
0.12047028541564941 -4185 -302
0.12624359130859375 -4187 -310
0.1327221393585205 -4190 -319
0.1402573585510254 -4192 -321
0.14589548110961914 -4195 -332
0.1561717987060547 -4197 -334
0.16268277168273926 -4199 -338
0.16927528381347656 -4202 -339
0.17525482177734375 -4204 -342
0.1819286346435547 -4206 -342
0.1892707347869873 -4208 -343
0.19475531578063965 -4211 -346
0.20158791542053223 -4212 -347
0.20720911026000977 -4215 -348
0.2135767936706543 -4217 -351
0.22023558616638184 -4219 -351
0.22589397430419922 -4221 -352
0.23241829872131348 -4223 -353
0.24008560180664062 -4227 -354
0.245772123336792 -4229 -355
0.25214266777038574 -4231 -354
0.257749080657959 -4233 -356
0.2642982006072998 -4235 -357
0.2707951068878174 -4237 -357
0.27656030654907227 -4239 -360
0.28286123275756836 -4242 -360
0.29065704345703125 -4244 -361
0.2964022159576416 -4247 -361
0.3027374744415283 -4249 -360
0.3093698024749756 -4251 -360
0.3148629665374756 -4254 -358
0.32166051864624023 -4255 -357
0.3272674083709717 -4258 -357
0.3336012363433838 -4260 -358
0.3412463665008545 -4262 -357
0.34668922424316406 -4265 -358
0.35340213775634766 -4267 -360
0.3600456714630127 -4269 -360
0.3656880855560303 -4272 -361
0.37206411361694336 -4274 -362
0.37763333320617676 -4276 -361
0.38393259048461914 -4278 -363
0.3917398452758789 -4281 -362
0.39734840393066406 -4283 -363
0.4036078453063965 -4285 -362
0.4103720188140869 -4287 -362
0.4160950183868408 -4290 -360
0.42240190505981445 -4292 -361
0.4287600517272949 -4294 -360
0.4343702793121338 -4296 -360
0.4419834613800049 -4299 -362
0.44758081436157227 -4301 -357
0.4539008140563965 -4303 -358
0.4605083465576172 -4305 -358
0.4662487506866455 -4308 -359
0.4727180004119873 -4310 -359
0.47938013076782227 -4312 -360
0.48485779762268066 -4315 -363
0.49242305755615234 -4317 -365
0.4987916946411133 -4319 -362
0.5044817924499512 -4321 -364
0.5112040042877197 -4324 -360
0.516655445098877 -4327 -361
0.5233607292175293 -4328 -361
0.5300297737121582 -4331 -360
0.5357334613800049 -4333 -362
0.5428376197814941 -4335 -360
0.5520310401916504 -4339 -360
0.5600502490997314 -4342 -359
0.5657298564910889 -4344 -359
0.5722470283508301 -4346 -360
0.5778546333312988 -4348 -360
0.5844945907592773 -4350 -359
0.5914821624755859 -4353 -359
0.5982527732849121 -4355 -360
0.604259729385376 -4357 -362
0.6106736660003662 -4360 -360
0.6164200305938721 -4362 -363
0.6227693557739258 -4364 -366
0.6294128894805908 -4366 -365
0.6348681449890137 -4369 -362
0.6416740417480469 -4371 -361
0.6491103172302246 -4373 -360
0.6548044681549072 -4377 -360
0.6616520881652832 -4378 -357
0.6672723293304443 -4381 -359
0.6735968589782715 -4383 -359
0.6802327632904053 -4385 -359
0.6859173774719238 -4387 -360
0.69232177734375 -4389 -361
0.6999342441558838 -4392 -360
0.705559253692627 -4395 -360
0.7121574878692627 -4397 -359
0.7177541255950928 -4399 -360
0.7240345478057861 -4401 -361
0.7306749820709229 -4403 -361
0.7364389896392822 -4405 -363
0.74273681640625 -4408 -360
0.7504563331604004 -4410 -363
0.7562036514282227 -4413 -363
0.7625899314880371 -4415 -361
0.7692117691040039 -4417 -361
0.7748672962188721 -4420 -361
0.7818145751953125 -4422 -358
0.78741455078125 -4424 -358
0.793738603591919 -4427 -357
0.8015825748443604 -4428 -358
0.8071937561035156 -4431 -359
0.8135743141174316 -4433 -359
0.8201940059661865 -4435 -361
0.8258554935455322 -4438 -363
0.83241868019104 -4440 -362
0.8387672901153564 -4442 -361
0.8445522785186768 -4445 -361
0.8521463871002197 -4447 -360
0.8577373027801514 -4449 -361
0.8640046119689941 -4451 -360
0.8705909252166748 -4454 -361
0.8763315677642822 -4456 -361
0.8826930522918701 -4458 -361
0.8893144130706787 -4460 -362
0.8951799869537354 -4463 -360
0.9025242328643799 -4465 -359
0.9091923236846924 -4467 -359
0.9148659706115723 -4470 -356
0.9216697216033936 -4471 -357
0.9272639751434326 -4475 -358
0.9335794448852539 -4477 -359
0.9401707649230957 -4479 -359
0.945810079574585 -4483 -364
0.9571523666381836 -4485 -362
0.9636044502258301 -4487 -363
0.9703693389892578 -4490 -363
0.9761176109313965 -4492 -363
0.982558012008667 -4494 -360
0.9891669750213623 -4496 -360
0.9947032928466797 -4499 -359
7.772445678710938e-05 -4518 0
0.006444215774536133 -4519 -2
0.013091087341308594 -4519 -2
0.018565893173217773 -4519 -2
0.025437593460083008 -4519 -7
0.03104877471923828 -4520 -44
0.03836250305175781 -4521 -63
0.045449256896972656 -4521 -32
0.0510554313659668 -4523 -86
0.05733823776245117 -4523 -133
0.06395936012268066 -4525 -148
0.06962823867797852 -4526 -169
0.07602047920227051 -4527 -184
0.08158731460571289 -4528 -192
0.08924317359924316 -4530 -192
0.09571027755737305 -4531 -203
0.10303854942321777 -4532 -209
0.10888409614562988 -4534 -217
0.11560416221618652 -4535 -222
0.12121272087097168 -4537 -226
0.12749814987182617 -4538 -230
0.13406133651733398 -4540 -232
0.14052152633666992 -4542 -237
0.14708781242370605 -4543 -238
0.15364837646484375 -4545 -242
0.1592881679534912 -4546 -244
0.16588187217712402 -4548 -246
0.17150235176086426 -4549 -249
0.17777729034423828 -4551 -249
0.18440675735473633 -4552 -251
0.19109582901000977 -4554 -253
0.19744610786437988 -4556 -256
0.20403623580932617 -4557 -257
0.21594786643981934 -4561 -258
0.2220156192779541 -4562 -260
0.22828006744384766 -4563 -259
0.2348804473876953 -4565 -261
0.24144673347473145 -4567 -260
0.2480757236480713 -4569 -260
0.2545750141143799 -4570 -261
0.26032495498657227 -4572 -262
0.26662397384643555 -4573 -262
0.27333617210388184 -4575 -262
0.2790262699127197 -4577 -261
0.28573012351989746 -4579 -262
0.2931530475616455 -4580 -263
0.2988746166229248 -4583 -264
0.30547499656677246 -4584 -262
0.311112642288208 -4585 -261
0.31742405891418457 -4587 -262
0.3240482807159424 -4589 -261
0.32971763610839844 -4590 -261
0.33608150482177734 -4592 -261
0.3437802791595459 -4594 -262
0.34946703910827637 -4596 -262
0.35985279083251953 -4598 -263
0.36627697944641113 -4600 -262
0.37262940406799316 -4601 -264
0.3786284923553467 -4603 -267
0.3856172561645508 -4605 -265
0.3912217617034912 -4607 -264
0.3983652591705322 -4608 -265
0.4053311347961426 -4610 -266
0.4108848571777344 -4612 -265
0.41721034049987793 -4613 -263
0.42383694648742676 -4615 -262
0.4294700622558594 -4617 -263
0.4358534812927246 -4618 -263
0.4414787292480469 -4620 -263
0.4490041732788086 -4622 -262
0.4555397033691406 -4623 -264
0.4611327648162842 -4625 -262
0.4676322937011719 -4627 -263
0.4742584228515625 -4628 -263
0.48002076148986816 -4630 -262
0.4863095283508301 -4631 -263
0.49294281005859375 -4633 -263
0.49961161613464355 -4635 -263
0.5061535835266113 -4637 -262
0.5125167369842529 -4638 -262
0.5182685852050781 -4640 -264
0.5252058506011963 -4641 -263
0.5305564403533936 -4643 -264
0.537102222442627 -4645 -265
0.5436341762542725 -4647 -265
0.5501384735107422 -4649 -266
0.5564570426940918 -4650 -265
0.5631158351898193 -4651 -266
0.5685992240905762 -4654 -265
0.5753645896911621 -4655 -267
0.5809593200683594 -4657 -265
0.5874288082122803 -4659 -264
0.5940139293670654 -4660 -263
0.6005709171295166 -4662 -263
0.6070756912231445 -4663 -263
0.6136388778686523 -4665 -262
0.6192145347595215 -4667 -261
0.6256778240203857 -4669 -262
0.6312923431396484 -4670 -263
0.6377549171447754 -4671 -261
0.6445376873016357 -4674 -264
0.6513369083404541 -4675 -265
0.6576151847839355 -4677 -264
0.6642265319824219 -4679 -265
0.6699697971343994 -4680 -265
0.67629075050354 -4682 -263
0.6828711032867432 -4683 -264
0.6883866786956787 -4685 -264
0.6951537132263184 -4687 -265
0.7015745639801025 -4689 -264
0.7082822322845459 -4690 -265
0.7146525382995605 -4692 -264
0.7203731536865234 -4693 -265
0.7268972396850586 -4695 -265
0.7333226203918457 -4697 -263
0.7390568256378174 -4699 -265
0.7455782890319824 -4700 -265
0.755549430847168 -4703 -265
0.7632677555084229 -4705 -262
0.7693402767181396 -4707 -263
0.7759494781494141 -4708 -262
0.7815268039703369 -4710 -261
0.7880918979644775 -4711 -261
0.7945573329925537 -4713 -261
0.8013551235198975 -4715 -262
0.8076317310333252 -4717 -262
0.8142526149749756 -4718 -262
0.8200325965881348 -4719 -263
0.826481819152832 -4721 -265
0.8330724239349365 -4723 -265
0.8385477066040039 -4725 -267
0.8453643321990967 -4726 -266
0.8521404266357422 -4728 -265
0.8581268787384033 -4730 -264
0.864572286605835 -4731 -266
0.8703067302703857 -4733 -265
0.876615047454834 -4735 -263
0.8832607269287109 -4737 -262
0.8892381191253662 -4738 -264
0.8958339691162109 -4740 -263
0.9032931327819824 -4741 -262
0.9090316295623779 -4743 -263
0.915550947189331 -4745 -262
0.9211275577545166 -4747 -263
0.9274270534515381 -4748 -263
0.9340271949768066 -4750 -261
0.9396686553955078 -4751 -262
0.946192741394043 -4753 -263
0.9537599086761475 -4755 -262
0.9595303535461426 -4757 -262
0.9659147262573242 -4758 -262
0.9714982509613037 -4760 -262
0.9777731895446777 -4761 -263
0.9843826293945312 -4763 -263
0.9901595115661621 -4765 -263
0.9964663982391357 -4766 -265
7.867813110351562e-05 -4780 0
0.007077455520629883 -4780 0
0.012660026550292969 -4780 0
0.0189056396484375 -4780 -3
0.02553272247314453 -4781 -8
0.031167984008789062 -4781 -8
0.038672447204589844 -4781 -17
0.04526686668395996 -4782 -64
0.05087780952453613 -4783 -81
0.05732607841491699 -4783 -81
0.06290197372436523 -4784 -79
0.06921172142028809 -4785 -93
0.07579684257507324 -4785 -104
0.08155107498168945 -4786 -113
0.08886551856994629 -4787 -123
0.09661293029785156 -4788 -128
0.10203194618225098 -4789 -132
0.10853767395019531 -4789 -139
0.11488747596740723 -4791 -140
0.12057995796203613 -4792 -144
0.12712383270263672 -4793 -145
0.13271093368530273 -4793 -149
0.14015960693359375 -4795 -151
0.14697933197021484 -4795 -155
0.15726447105407715 -4797 -158
0.16286134719848633 -4798 -159
0.16933226585388184 -4799 -159
0.1804957389831543 -4801 -159
0.18779802322387695 -4802 -161
0.19417476654052734 -4803 -163
0.19986486434936523 -4804 -164
0.20655059814453125 -4805 -164
0.21196770668029785 -4807 -164
0.2186741828918457 -4807 -164
0.22522687911987305 -4808 -164
0.2308347225189209 -4809 -164
0.23804712295532227 -4811 -166
0.24477148056030273 -4811 -167
0.25043201446533203 -4813 -166
0.25716638565063477 -4814 -168
0.2627995014190674 -4815 -165
0.2692732810974121 -4816 -165
0.27602362632751465 -4817 -165
0.2817552089691162 -4818 -166
0.28910207748413086 -4819 -168
0.2957775592803955 -4820 -168
0.3015096187591553 -4821 -168
0.30780839920043945 -4822 -166
0.314164400100708 -4823 -166
0.3198540210723877 -4824 -165
0.3265712261199951 -4825 -164
0.33203649520874023 -4827 -167
0.33968091011047363 -4827 -165
0.3461587429046631 -4828 -166
0.3519279956817627 -4829 -164
0.35843968391418457 -4830 -163
0.3648500442504883 -4832 -164
0.3705942630767822 -4833 -165
0.37711215019226074 -4834 -167
0.38273096084594727 -4835 -166
0.3890254497528076 -4836 -166
0.3970181941986084 -4837 -166
0.40264201164245605 -4838 -165
0.40897417068481445 -4839 -166
0.4155857563018799 -4840 -168
0.42122316360473633 -4841 -168
0.427654504776001 -4842 -169
0.43357276916503906 -4843 -168
0.4396047592163086 -4845 -167
0.4472503662109375 -4845 -168
0.45284605026245117 -4847 -167
0.45931100845336914 -4847 -168
0.4659395217895508 -4849 -168
0.47168540954589844 -4849 -168
0.4779942035675049 -4851 -168
0.48459553718566895 -4851 -167
0.49007177352905273 -4853 -166
0.49761295318603516 -4854 -166
0.5031867027282715 -4855 -166
0.5096466541290283 -4856 -167
0.5166072845458984 -4857 -168
0.522047758102417 -4858 -168
0.5287909507751465 -4859 -166
0.5353448390960693 -4860 -165
0.5409796237945557 -4861 -165
0.5481159687042236 -4862 -165
0.5578160285949707 -4864 -167
0.5655848979949951 -4865 -167
0.5712404251098633 -4866 -167
0.5778753757476807 -4867 -165
0.5844767093658447 -4868 -166
0.59017014503479 -4869 -166
0.5976035594940186 -4871 -166
0.6031875610351562 -4871 -167
0.6096096038818359 -4873 -167
0.616093635559082 -4873 -167
0.6218042373657227 -4875 -166
0.6281225681304932 -4875 -166
0.6347737312316895 -4877 -165
0.640643835067749 -4878 -166
0.6479616165161133 -4879 -167
0.6545712947845459 -4880 -167
0.6601924896240234 -4881 -168
0.6670162677764893 -4882 -167
0.6726212501525879 -4883 -167
0.6789088249206543 -4884 -165
0.6855185031890869 -4885 -167
0.6911361217498779 -4887 -168
0.6986668109893799 -4887 -168
0.7052083015441895 -4889 -170
0.7108154296875 -4889 -167
0.7172963619232178 -4891 -167
0.7229106426239014 -4891 -166
0.729161262512207 -4893 -167
0.7357563972473145 -4893 -168
0.7414944171905518 -4895 -168
0.748854398727417 -4896 -168
0.755631685256958 -4897 -166
0.7613790035247803 -4898 -166
0.7676520347595215 -4899 -165
0.7735800743103027 -4900 -166
0.7796108722686768 -4901 -167
0.7865817546844482 -4902 -166
0.7920224666595459 -4903 -166
0.7993505001068115 -4904 -165
0.8059988021850586 -4905 -164
0.8117547035217285 -4906 -164
0.8184757232666016 -4907 -165
0.824878454208374 -4909 -166
0.8305718898773193 -4909 -166
0.837104082107544 -4911 -167
0.8427097797393799 -4911 -167
0.8500332832336426 -4913 -165
0.856844425201416 -4913 -165
0.8621861934661865 -4915 -166
0.8687684535980225 -4915 -166
0.8755102157592773 -4917 -167
0.8811981678009033 -4918 -168
0.8875796794891357 -4919 -168
0.8931655883789062 -4920 -166
0.9008195400238037 -4921 -166
0.9072630405426025 -4922 -165
0.9128453731536865 -4923 -168
0.9193117618560791 -4924 -167
0.9259414672851562 -4925 -168
0.9316956996917725 -4926 -167
0.9381387233734131 -4927 -166
0.9448091983795166 -4928 -168
0.9514751434326172 -4930 -167
0.9680221080780029 -4932 -167
0.974794864654541 -4934 -168
0.9807875156402588 -4935 -167
0.9873745441436768 -4936 -167
0.9929769039154053 -4937 -166
0.9995992183685303 -4938 -167
7.748603820800781e-05 -4945 0
0.006463766098022461 -4945 0
0.013017416000366211 -4945 0
0.018506765365600586 -4945 0
0.025515317916870117 -4945 0
0.03109121322631836 -4945 0
0.0385134220123291 -4945 -2
0.04531073570251465 -4945 -2
0.05064558982849121 -4946 -7
0.05721235275268555 -4946 -15
0.0637967586517334 -4946 -15
0.06947183609008789 -4947 -34
0.07585263252258301 -4947 -34
0.08320450782775879 -4947 -43
0.09020638465881348 -4947 -43
0.09651756286621094 -4948 -50
0.10319352149963379 -4948 -50
0.10864043235778809 -4949 -53
0.11543393135070801 -4949 -53
0.12103629112243652 -4949 -57
0.12735629081726074 -4950 -59
0.13395166397094727 -4950 -60
0.1404123306274414 -4951 -61
0.1471388339996338 -4951 -61
0.15374040603637695 -4951 -63
0.15932822227478027 -4952 -64
0.16594147682189941 -4952 -64
0.17153477668762207 -4953 -66
0.17782950401306152 -4953 -67
0.18442344665527344 -4953 -67
0.1911461353302002 -4954 -69
0.19744324684143066 -4955 -67
0.20638704299926758 -4955 -68
0.21756696701049805 -4956 -68
0.22418427467346191 -4956 -68
0.22996306419372559 -4957 -68
0.23627400398254395 -4957 -68
0.24391555786132812 -4957 -68
0.24954652786254883 -4958 -68
0.2559201717376709 -4959 -69
0.26151251792907715 -4959 -69
0.2680690288543701 -4959 -69
0.2745482921600342 -4960 -69
0.28026604652404785 -4960 -70
0.2865917682647705 -4961 -70
0.29442477226257324 -4961 -71
0.30017566680908203 -4961 -71
0.30650901794433594 -4962 -70
0.3131585121154785 -4963 -71
0.3186209201812744 -4963 -71
0.32555079460144043 -4963 -70
0.33113670349121094 -4964 -71
0.3374357223510742 -4964 -70
0.3452150821685791 -4965 -70
0.3552510738372803 -4965 -70
0.3606138229370117 -4966 -71
0.3673570156097412 -4966 -70
0.3740875720977783 -4967 -70
0.3798074722290039 -4967 -70
0.3862330913543701 -4967 -71
0.39370083808898926 -4968 -70
0.39933300018310547 -4969 -71
0.4057602882385254 -4969 -71
0.41132521629333496 -4969 -71
0.4175899028778076 -4970 -71
0.4243619441986084 -4970 -70
0.4300954341888428 -4971 -70
0.43642687797546387 -4971 -70
0.44301581382751465 -4972 -69
0.44983458518981934 -4972 -68
0.4561488628387451 -4973 -69
0.46208858489990234 -4973 -69
0.46805310249328613 -4973 -69
0.4745192527770996 -4974 -70
0.48023486137390137 -4974 -70
0.4865450859069824 -4975 -69
0.493178129196167 -4975 -70
0.49989938735961914 -4976 -70
0.5063388347625732 -4976 -70
0.5129873752593994 -4977 -71
0.5184657573699951 -4977 -71
0.5252058506011963 -4977 -69
0.5305533409118652 -4978 -69
0.5370805263519287 -4978 -69
0.5436570644378662 -4979 -68
0.5501763820648193 -4979 -69
0.556926965713501 -4979 -69
0.5633153915405273 -4980 -69
0.5692811012268066 -4981 -69
0.5757298469543457 -4981 -69
0.5813100337982178 -4981 -69
0.587576150894165 -4982 -70
0.5941853523254395 -4982 -69
0.6010546684265137 -4983 -70
0.6073417663574219 -4983 -70
0.6139311790466309 -4983 -70
0.6195685863494873 -4984 -71
0.6260604858398438 -4985 -70
0.632009744644165 -4985 -70
0.6379108428955078 -4985 -70
0.6444516181945801 -4986 -69
0.651341438293457 -4986 -70
0.657658576965332 -4987 -70
0.6642494201660156 -4987 -69
0.6700246334075928 -4987 -69
0.6762959957122803 -4988 -69
0.6828882694244385 -4988 -69
0.6886253356933594 -4989 -69
0.6954250335693359 -4989 -69
0.7025420665740967 -4990 -69
0.7081656455993652 -4990 -70
0.7148866653442383 -4991 -69
0.720367431640625 -4991 -69
0.726649284362793 -4991 -71
0.7332711219787598 -4992 -69
0.7389562129974365 -4993 -70
0.7461729049682617 -4993 -69
0.7573683261871338 -4994 -70
0.7641127109527588 -4994 -70
0.7698531150817871 -4995 -69
0.7762932777404785 -4995 -69
0.7829277515411377 -4995 -70
0.7884185314178467 -4996 -69
0.7951984405517578 -4996 -70
0.8016276359558105 -4997 -70
0.8082590103149414 -4997 -69
0.8152012825012207 -4997 -70
0.8205523490905762 -4998 -70
0.8271245956420898 -4999 -71
0.8336684703826904 -4999 -71
0.8392665386199951 -4999 -71
0.845710039138794 -5000 -71
0.8531155586242676 -5000 -69
0.8585901260375977 -5001 -69
0.8655226230621338 -5001 -69
0.871117353439331 -5002 -68
0.8774254322052002 -5002 -69
0.884026050567627 -5003 -69
0.8896725177764893 -5003 -69
0.8960402011871338 -5003 -69
0.9036059379577637 -5004 -70
0.9090838432312012 -5004 -70
0.9156525135040283 -5005 -70
0.9213016033172607 -5005 -70
0.9296631813049316 -5006 -71
0.9360992908477783 -5006 -71
0.9420578479766846 -5007 -72
0.9483287334442139 -5007 -71
0.9557995796203613 -5007 -71
0.9613745212554932 -5008 -70
0.9676282405853271 -5009 -70
0.9742531776428223 -5009 -70
0.9800074100494385 -5009 -69
0.9864556789398193 -5010 -69
0.9930458068847656 -5010 -70
0.9985380172729492 -5011 -70
7.62939453125e-05 -5013 0
0.006432533264160156 -5013 0
0.012979984283447266 -5013 0
0.01856374740600586 -5013 0
0.0253450870513916 -5013 0
0.03064131736755371 -5013 0
0.03788876533508301 -5013 0
0.04445695877075195 -5013 0
0.050156354904174805 -5013 0
0.05642986297607422 -5013 0
0.06296944618225098 -5013 0
0.06843972206115723 -5013 0
0.07603883743286133 -5013 0
0.08156323432922363 -5013 0
0.08899641036987305 -5013 0
0.09550046920776367 -5013 0
0.10106062889099121 -5013 0
0.10749173164367676 -5013 0
0.11398601531982422 -5013 0
0.11956119537353516 -5013 0
0.1259009838104248 -5013 0
0.13144969940185547 -5013 0
0.13898277282714844 -5013 0
0.14551782608032227 -5013 0
0.15574359893798828 -5013 0
0.1612842082977295 -5013 0
0.16773247718811035 -5013 0
0.17443466186523438 -5013 0
0.18011927604675293 -5013 0
0.1864309310913086 -5013 0
0.19405174255371094 -5013 0
0.19965267181396484 -5013 0
0.20597028732299805 -5013 0
0.2115154266357422 -5013 0
0.21776103973388672 -5013 0
0.22429823875427246 -5013 0
0.23000240325927734 -5013 0
0.2370612621307373 -5013 0
0.2445988655090332 -5013 0
0.2502453327178955 -5013 0
0.2569272518157959 -5013 0
0.2632722854614258 -5013 0
0.26899218559265137 -5013 0
0.2754802703857422 -5013 0
0.2810366153717041 -5013 0
0.28730082511901855 -5013 0
0.2946343421936035 -5013 0
0.30034971237182617 -5013 0
0.3065814971923828 -5013 0
0.31314659118652344 -5013 0
0.31899189949035645 -5013 0
0.32551050186157227 -5013 0
0.33106303215026855 -5013 0
0.33731722831726074 -5013 0
0.34461021423339844 -5013 0
0.350292444229126 -5013 0
0.35655999183654785 -5013 0
0.3631927967071533 -5013 0
0.3690192699432373 -5013 0
0.37566304206848145 -5013 0
0.3812105655670166 -5013 0
0.387408971786499 -5013 0
0.3946380615234375 -5013 0
0.40033626556396484 -5013 0
0.40657949447631836 -5013 0
0.4131762981414795 -5013 0
0.41860175132751465 -5013 0
0.42533183097839355 -5013 0
0.4306349754333496 -5013 0
0.4373018741607666 -5013 0
0.44454026222229004 -5013 0
0.4502425193786621 -5013 0
0.4565105438232422 -5013 0
0.4630863666534424 -5013 0
0.4685018062591553 -5013 0
0.4753265380859375 -5013 0
0.4806187152862549 -5013 0
0.4870908260345459 -5013 0
0.49372220039367676 -5013 0
0.5002543926239014 -5013 0
0.5065157413482666 -5013 0
0.5130679607391357 -5013 0
0.5184826850891113 -5013 0
0.5251729488372803 -5013 0
0.5305230617523193 -5013 0
0.5369827747344971 -5013 0
0.5432960987091064 -5013 0
0.5549986362457275 -5013 0
0.5603585243225098 -5013 0
0.5669972896575928 -5013 0
0.5732898712158203 -5013 0
0.5790963172912598 -5013 0
0.5855631828308105 -5013 0
0.5911004543304443 -5013 0
0.5983412265777588 -5013 0
0.60465407371521 -5013 0
0.6103134155273438 -5013 0
0.6169853210449219 -5013 0
0.6232912540435791 -5013 0
0.6290929317474365 -5013 0
0.6355502605438232 -5013 0
0.6411185264587402 -5013 0
0.6483423709869385 -5013 0
0.6548926830291748 -5013 0
0.6603317260742188 -5013 0
0.6665477752685547 -5013 0
0.6731348037719727 -5013 0
0.6789231300354004 -5013 0
0.685420036315918 -5013 0
0.6909232139587402 -5013 0
0.6979031562805176 -5013 0
0.7045037746429443 -5013 0
0.7101795673370361 -5013 0
0.7164480686187744 -5013 0
0.7229669094085693 -5013 0
0.7284448146820068 -5013 0
0.7353317737579346 -5013 0
0.7406306266784668 -5013 0
0.7471327781677246 -5013 0
0.7546453475952148 -5013 0
0.7603394985198975 -5013 0
0.7665350437164307 -5013 0
0.7730791568756104 -5013 0
0.778508186340332 -5013 0
0.7852728366851807 -5013 0
0.7905805110931396 -5013 0
0.797245979309082 -5013 0
0.8102490901947021 -5013 0
0.8165819644927979 -5013 0
0.8231587409973145 -5013 0
0.8285930156707764 -5013 0
0.835301399230957 -5013 0
0.8406219482421875 -5013 0
0.8471240997314453 -5013 0
0.8544883728027344 -5013 0
0.860170841217041 -5013 0
0.8664650917053223 -5013 0
0.873013973236084 -5013 0
0.8784294128417969 -5013 0
0.8853163719177246 -5013 0
0.8906087875366211 -5013 0
0.8971116542816162 -5013 0
0.9044528007507324 -5013 0
0.9101369380950928 -5013 0
0.9165759086608887 -5013 0
0.9231438636779785 -5013 0
0.9285457134246826 -5013 0
0.9353101253509521 -5013 0
0.9406018257141113 -5013 0
0.94710373878479 -5013 0
0.9580581188201904 -5013 0
0.9646553993225098 -5013 0
0.9703245162963867 -5013 0
0.9770801067352295 -5013 0
0.9837267398834229 -5013 0
0.9892787933349609 -5013 0
0.9956533908843994 -5013 0
7.724761962890625e-05 -5013 0
0.0068247318267822266 -5013 0
0.01257777214050293 -5013 0
0.018913984298706055 -5013 0
0.02453446388244629 -5013 2
0.03079843521118164 -5013 2
0.03848576545715332 -5013 2
0.04407548904418945 -5013 2
0.05034995079040527 -5013 6
0.056914329528808594 -5012 6
0.06253242492675781 -5012 12
0.07007050514221191 -5011 27
0.07661771774291992 -5011 27
0.08212566375732422 -5011 36
0.08960509300231934 -5011 36
0.09624552726745605 -5010 50
0.10190081596374512 -5010 52
0.1084747314453125 -5009 54
0.11405587196350098 -5009 57
0.1203451156616211 -5009 57
0.12711453437805176 -5008 60
0.13284873962402344 -5008 62
0.14023613929748535 -5007 62
0.1468644142150879 -5007 63
0.15248823165893555 -5007 63
0.15893983840942383 -5006 65
0.16452717781066895 -5006 66
0.17079782485961914 -5005 66
0.1773693561553955 -5005 67
0.18312597274780273 -5005 67
0.1905813217163086 -5004 68
0.19724631309509277 -5003 68
0.20294666290283203 -5003 68
0.2092435359954834 -5003 68
0.21557235717773438 -5002 67
0.22147798538208008 -5002 68
0.22823548316955566 -5001 69
0.23357152938842773 -5001 68
0.2407691478729248 -5001 68
0.24754571914672852 -5000 70
0.25327587127685547 -5000 69
0.2595500946044922 -4999 71
0.2661271095275879 -4999 71
0.27167606353759766 -4998 70
0.27845001220703125 -4998 71
0.2840309143066406 -4997 71
0.2912607192993164 -4997 70
0.2976338863372803 -4997 70
0.3033907413482666 -4996 70
0.31006598472595215 -4996 70
0.3166046142578125 -4995 70
0.322096586227417 -4995 70
0.3286268711090088 -4994 70
0.3341982364654541 -4994 70
0.341533899307251 -4993 70
0.3485274314880371 -4993 71
0.35881996154785156 -4992 70
0.364398717880249 -4992 71
0.37094759941101074 -4991 71
0.37801384925842285 -4991 70
0.3834810256958008 -4990 71
0.39072728157043457 -4990 70
0.39729762077331543 -4989 70
0.4030487537384033 -4989 71
0.40931224822998047 -4989 71
0.4159226417541504 -4988 70
0.42139720916748047 -4988 70
0.4283444881439209 -4987 69
0.43390893936157227 -4987 70
0.4411592483520508 -4987 70
0.4475898742675781 -4986 70
0.45332837104797363 -4985 70
0.4595966339111328 -4985 70
0.4662210941314697 -4985 70
0.4719054698944092 -4984 70
0.4786200523376465 -4984 70
0.48418283462524414 -4983 71
0.49192070960998535 -4983 71
0.49849724769592285 -4983 70
0.5040967464447021 -4982 71
0.5103724002838135 -4981 71
0.5169224739074707 -4981 71
0.5225424766540527 -4981 71
0.5289273262023926 -4980 71
0.5344762802124023 -4980 70
0.5415608882904053 -4979 71
0.5485167503356934 -4979 71
0.5540845394134521 -4978 70
0.5603768825531006 -4978 71
0.5669448375701904 -4977 71
0.5725798606872559 -4977 70
0.5789437294006348 -4977 70
0.5845019817352295 -4976 71
0.5920205116271973 -4975 71
0.5985422134399414 -4975 72
0.6041209697723389 -4975 72
0.6105711460113525 -4974 72
0.6172189712524414 -4974 71
0.6229496002197266 -4973 71
0.629256010055542 -4973 71
0.6355593204498291 -4973 71
0.6421248912811279 -4972 70
0.6487290859222412 -4971 71
0.6543090343475342 -4971 70
0.6605880260467529 -4971 70
0.6674199104309082 -4970 71
0.6731507778167725 -4970 71
0.6794428825378418 -4969 71
0.6859712600708008 -4969 72
0.6914622783660889 -4969 71
0.6989452838897705 -4968 71
0.7045559883117676 -4967 71
0.7108199596405029 -4967 71
0.7173891067504883 -4967 71
0.7230994701385498 -4966 71
0.7295246124267578 -4966 70
0.7361636161804199 -4965 71
0.7420380115509033 -4965 71
0.7493243217468262 -4964 71
0.759666919708252 -4964 70
0.766298770904541 -4963 71
0.7721211910247803 -4963 71
0.778801441192627 -4962 71
0.7843735218048096 -4962 71
0.7908077239990234 -4961 72
0.7985596656799316 -4961 71
0.8041563034057617 -4961 71
0.8104164600372314 -4960 71
0.817004919052124 -4959 71
0.8226003646850586 -4959 72
0.8289408683776855 -4959 72
0.8345074653625488 -4958 70
0.8407926559448242 -4958 71
0.8487186431884766 -4957 70
0.8543195724487305 -4957 70
0.860595703125 -4957 71
0.867387056350708 -4956 70
0.8731048107147217 -4955 71
0.8793892860412598 -4955 70
0.8859715461730957 -4955 70
0.8914403915405273 -4954 70
0.898827314376831 -4954 70
0.9044291973114014 -4953 71
0.9109270572662354 -4953 71
0.9174840450286865 -4953 70
0.9231972694396973 -4952 71
0.9294874668121338 -4951 71
0.9360978603363037 -4951 70
0.9415683746337891 -4951 70
0.9490723609924316 -4950 70
0.9546480178833008 -4950 69
0.9609470367431641 -4949 69
0.9676592350006104 -4949 70
0.9733784198760986 -4949 70
0.9796555042266846 -4948 70
0.9879179000854492 -4947 70
0.9933991432189941 -4947 70
8.797645568847656e-05 -4945 0
0.00608372688293457 -4945 0
0.012856721878051758 -4945 0
0.01816701889038086 -4944 2
0.02476191520690918 -4944 6
0.03132319450378418 -4943 14
0.037755727767944336 -4943 32
0.0440828800201416 -4943 32
0.05071234703063965 -4942 82
0.05657958984375 -4941 96
0.06400680541992188 -4941 83
0.0706031322479248 -4940 100
0.07605338096618652 -4939 106
0.08283591270446777 -4938 120
0.08955931663513184 -4937 126
0.09563755989074707 -4936 132
0.10212039947509766 -4935 136
0.10784435272216797 -4935 141
0.11413049697875977 -4934 143
0.12075519561767578 -4933 145
0.1265718936920166 -4931 150
0.13309264183044434 -4931 153
0.14048981666564941 -4930 155
0.14615130424499512 -4929 156
0.15657401084899902 -4927 159
0.16325998306274414 -4926 159
0.1688370704650879 -4925 159
0.17527484893798828 -4924 161
0.18216753005981445 -4923 162
0.18892240524291992 -4921 164
0.19521856307983398 -4921 165
0.20179152488708496 -4919 164
0.20755958557128906 -4919 164
0.2138814926147461 -4917 165
0.22046732902526855 -4917 165
0.22595787048339844 -4915 165
0.23271846771240234 -4914 168
0.2391357421875 -4913 166
0.24579095840454102 -4912 168
0.2521646022796631 -4911 166
0.25791382789611816 -4910 167
0.2644615173339844 -4909 167
0.2708780765533447 -4908 166
0.27657318115234375 -4907 168
0.2830641269683838 -4906 168
0.29047656059265137 -4905 167
0.29597926139831543 -4903 167
0.30295228958129883 -4903 167
0.30852317810058594 -4901 167
0.3150365352630615 -4901 168
0.32158756256103516 -4899 169
0.3272063732147217 -4899 167
0.3335602283477783 -4897 169
0.3410983085632324 -4896 168
0.3465723991394043 -4895 168
0.35309910774230957 -4894 169
0.35871315002441406 -4893 169
0.36513757705688477 -4892 170
0.3717477321624756 -4891 171
0.3774683475494385 -4890 170
0.3837754726409912 -4889 170
0.39140844345092773 -4887 170
0.39705848693847656 -4887 170
0.4034302234649658 -4885 171
0.4089851379394531 -4885 171
0.4152824878692627 -4883 172
0.42206573486328125 -4883 169
0.42777276039123535 -4881 169
0.4340946674346924 -4881 167
0.441800594329834 -4879 167
0.4475700855255127 -4878 169
0.4538586139678955 -4877 168
0.46046996116638184 -4876 170
0.46598052978515625 -4875 168
0.4727604389190674 -4874 168
0.4780893325805664 -4873 168
0.48480868339538574 -4872 166
0.4921684265136719 -4871 167
0.4979088306427002 -4870 168
0.5044741630554199 -4869 168
0.5108635425567627 -4868 168
0.516566276550293 -4866 168
0.5230960845947266 -4865 168
0.5287089347839355 -4864 168
0.5349948406219482 -4863 169
0.5428879261016846 -4862 170
0.5484669208526611 -4861 170
0.5576901435852051 -4859 168
0.5651040077209473 -4858 168
0.5720353126525879 -4857 168
0.5777482986450195 -4856 169
0.5844402313232422 -4855 169
0.5908653736114502 -4854 170
0.5975744724273682 -4853 168
0.6039936542510986 -4852 168
0.6105668544769287 -4851 168
0.6160752773284912 -4849 168
0.6228828430175781 -4849 169
0.6281914710998535 -4847 170
0.6347386837005615 -4847 172
0.6413421630859375 -4845 171
0.6479036808013916 -4844 169
8.630752563476562e-05 -4661 0
0.005921125411987305 -4661 0
0.012610435485839844 -4661 0
0.017946481704711914 -4660 2
0.024605751037597656 -4660 7
0.03141474723815918 -4659 16
0.037072181701660156 -4658 95
0.04442167282104492 -4658 32
0.05078411102294922 -4657 65
0.05649399757385254 -4655 142
0.06688427925109863 -4654 166
0.07341623306274414 -4653 172
0.0789954662322998 -4651 192
0.08583712577819824 -4650 194
0.09352350234985352 -4649 201
0.09944963455200195 -4647 210
0.10535526275634766 -4646 217
0.11192655563354492 -4644 226
0.11769533157348633 -4643 229
0.12401032447814941 -4641 233
0.13063716888427734 -4640 236
0.13608407974243164 -4638 239
0.14382481575012207 -4637 243
0.1504220962524414 -4635 244
0.15590596199035645 -4633 246
0.1628718376159668 -4632 249
0.16848230361938477 -4630 250
0.17478418350219727 -4629 253
0.18137550354003906 -4627 256
0.1870136260986328 -4625 256
0.19405794143676758 -4624 258
0.20068693161010742 -4622 259
0.20665788650512695 -4620 261
0.21310734748840332 -4619 259
0.2187206745147705 -4617 261
0.22501325607299805 -4615 262
0.23165345191955566 -4614 263
0.23740458488464355 -4612 262
0.2447681427001953 -4610 263
0.2513773441314697 -4609 263
0.25701141357421875 -4607 265
0.26353955268859863 -4605 267
0.26944756507873535 -4604 266
0.27547192573547363 -4602 267
0.281902551651001 -4601 268
0.28763365745544434 -4599 267
0.2952134609222412 -4597 267
0.3018794059753418 -4595 267
0.3076024055480957 -4593 267
0.31389832496643066 -4592 266
0.3205265998840332 -4591 267
0.32637476921081543 -4588 265
0.3328824043273926 -4587 264
0.3384592533111572 -4585 263
0.34571361541748047 -4583 266
0.35244131088256836 -4582 266
0.3588120937347412 -4580 267
0.36512017250061035 -4578 267
0.3717024326324463 -4577 266
0.3774995803833008 -4575 268
0.3839540481567383 -4573 267
0.39055395126342773 -4572 267
0.39736008644104004 -4569 268
0.4036834239959717 -4568 268
0.4100160598754883 -4567 268
0.41568636894226074 -4565 267
0.42260217666625977 -4563 268
0.42795753479003906 -4561 268
0.4345104694366455 -4560 269
0.4412219524383545 -4558 268
0.44777345657348633 -4556 267
0.45435428619384766 -4555 268
0.46077799797058105 -4552 268
0.4713890552520752 -4550 269
0.4770169258117676 -4548 267
0.4834897518157959 -4547 268
0.4894578456878662 -4545 267
0.4956936836242676 -4543 265
0.5033998489379883 -4541 266
0.5089528560638428 -4539 266
0.5152287483215332 -4538 265
0.5218596458435059 -4537 265
0.5275940895080566 -4535 267
0.5338866710662842 -4533 267
0.540468692779541 -4531 269
0.5470609664916992 -4529 269
0.554593563079834 -4528 268
0.5613265037536621 -4526 269
0.5669641494750977 -4524 269
0.5733692646026611 -4523 270
0.5789470672607422 -4521 269
0.5852062702178955 -4519 269
0.5917837619781494 -4517 270
0.5975260734558105 -4515 269
0.6047542095184326 -4514 266
0.6113259792327881 -4512 268
0.6169722080230713 -4511 268
0.6235005855560303 -4509 267
0.6290740966796875 -4507 268
0.6353514194488525 -4506 268
0.6418912410736084 -4504 267
0.6475965976715088 -4502 268
0.6548850536346436 -4501 268
0.6614751815795898 -4499 267
0.6671078205108643 -4497 265
0.6734485626220703 -4496 266
0.6790709495544434 -4494 266
0.6857237815856934 -4493 267
0.6924479007720947 -4491 266
0.6978623867034912 -4489 266
0.7051963806152344 -4487 267
0.7117843627929688 -4485 268
0.717534065246582 -4484 269
0.7238192558288574 -4482 269
0.7303991317749023 -4481 269
0.735853910446167 -4479 271
0.7427964210510254 -4477 270
0.748368501663208 -4475 270
0.7555203437805176 -4473 269
0.7619915008544922 -4472 268
0.767714262008667 -4470 268
0.774036169052124 -4469 267
0.7806236743927002 -4467 266
0.7860798835754395 -4465 266
0.7928402423858643 -4464 266
0.7983911037445068 -4462 265
0.8058359622955322 -4460 266
0.8128142356872559 -4459 266
0.8184201717376709 -4457 267
0.8247685432434082 -4455 268
0.8313751220703125 -4453 267
0.8370046615600586 -4452 267
0.8433656692504883 -4450 266
0.8489079475402832 -4449 267
0.8564169406890869 -4446 267
0.8631806373596191 -4444 267
0.8734161853790283 -4442 266
0.8790051937103271 -4441 268
0.8855001926422119 -4439 268
0.8924603462219238 -4437 267
0.8978822231292725 -4435 267
0.9051840305328369 -4433 271
0.9118025302886963 -4432 269
0.9175372123718262 -4430 270
0.9240648746490479 -4429 268
0.9306426048278809 -4427 267
0.936089277267456 -4425 268
0.9430100917816162 -4423 266
0.9486181735992432 -4422 266
0.9557802677154541 -4420 266
0.962507963180542 -4419 265
0.967921257019043 -4416 265
0.974463939666748 -4415 265
0.9811773300170898 -4413 265
0.9867513179779053 -4411 266
0.9931707382202148 -4410 268
0.9987401962280273 -4408 268
7.486343383789062e-05 -4396 0
0.005886554718017578 -4396 0
0.01251673698425293 -4395 2
0.018059968948364258 -4395 7
0.024434566497802734 -4394 17
0.031014442443847656 -4393 91
0.037438154220581055 -4392 35
0.043967247009277344 -4391 140
0.05126333236694336 -4390 180
0.05698704719543457 -4389 178
0.06325197219848633 -4387 200
0.06958746910095215 -4386 222
0.07549262046813965 -4383 244
0.08228087425231934 -4382 261
0.08899140357971191 -4380 272
0.09487199783325195 -4379 281
0.1015920639038086 -4377 289
0.1073760986328125 -4375 297
0.11389946937561035 -4373 298
0.12027740478515625 -4371 305
0.12598299980163574 -4369 315
0.13268446922302246 -4367 319
0.1401524543762207 -4365 326
0.14560437202453613 -4362 330
0.15238070487976074 -4361 336
0.15795588493347168 -4358 341
0.164290189743042 -4356 345
0.17085576057434082 -4353 347
0.1764991283416748 -4351 348
0.18285703659057617 -4349 349
0.19026947021484375 -4347 349
0.1962590217590332 -4345 353
0.20269322395324707 -4342 354
0.20824646949768066 -4340 354
0.21453356742858887 -4338 355
0.22112417221069336 -4336 358
0.22684431076049805 -4334 357
0.23327946662902832 -4331 358
0.2409496307373047 -4329 359
0.24654412269592285 -4327 359
0.25307631492614746 -4325 360
0.2590477466583252 -4321 360
0.2698194980621338 -4319 362
0.27544379234313965 -4315 364
0.2824392318725586 -4313 366
0.28986072540283203 -4311 365
0.2954988479614258 -4308 366
0.3022911548614502 -4307 367
0.3078773021697998 -4303 365
0.32065796852111816 -4299 365
0.3262779712677002 -4297 364
0.33318638801574707 -4295 363
0.3408513069152832 -4292 365
0.34650397300720215 -4290 363
0.353534460067749 -4288 364
0.3601517677307129 -4285 365
0.36601924896240234 -4283 365
0.37271690368652344 -4281 365
0.3783602714538574 -4278 365
0.38680362701416016 -4275 365
0.39415621757507324 -4273 367
0.4008023738861084 -4270 366
0.40644073486328125 -4268 366
0.41281795501708984 -4266 370
0.4183990955352783 -4264 368
0.4246954917907715 -4261 368
0.43143367767333984 -4259 368
0.4371654987335205 -4256 366
0.44440364837646484 -4254 364
0.4510045051574707 -4252 365
0.4566466808319092 -4250 364
0.4629955291748047 -4247 364
0.4685688018798828 -4245 365
0.47485995292663574 -4243 365
0.48146653175354004 -4241 365
0.48718929290771484 -4238 365
0.4947013854980469 -4236 366
0.5012843608856201 -4234 367
0.5070135593414307 -4231 369
0.5133028030395508 -4229 368
0.5198907852172852 -4227 367
0.525364875793457 -4225 366
0.5321173667907715 -4223 367
0.5375046730041504 -4220 370
0.544827938079834 -4217 368
0.5515389442443848 -4215 368
0.5572662353515625 -4213 368
0.5635321140289307 -4211 365
0.570152997970581 -4209 364
0.5755877494812012 -4206 365
0.5823986530303955 -4204 364
0.5880212783813477 -4201 363
0.595313549041748 -4199 363
0.6020221710205078 -4197 365
0.6074368953704834 -4194 367
0.6141479015350342 -4193 368
0.620873212814331 -4189 369
0.6265366077423096 -4187 369
0.6328837871551514 -4185 366
0.638474702835083 -4182 368
0.6461923122406006 -4180 368
0.6526618003845215 -4178 366
0.6582551002502441 -4174 365
0.6690373420715332 -4172 366
0.6753859519958496 -4169 367
0.6823501586914062 -4167 366
0.68790602684021 -4165 366
0.6953706741333008 -4163 365
0.7021255493164062 -4160 364
0.7074861526489258 -4157 364
0.7139976024627686 -4156 362
0.7205562591552734 -4153 364
0.7260308265686035 -4151 365
0.7327268123626709 -4149 366
0.7383968830108643 -4147 369
0.7458384037017822 -4143 368
0.7525298595428467 -4141 370
0.7581121921539307 -4139 370
0.7644307613372803 -4137 369
0.77097487449646 -4135 368
0.7765767574310303 -4133 367
0.782940149307251 -4130 365
0.7884833812713623 -4128 367
0.7961471080780029 -4125 365
0.8081281185150146 -4121 365
0.8144807815551758 -4119 367
0.8210487365722656 -4116 367
0.8267793655395508 -4114 366
0.8330540657043457 -4112 367
0.8389892578125 -4110 364
0.8462319374084473 -4107 366
0.8528697490692139 -4105 365
0.858414888381958 -4102 367
0.864687442779541 -4100 368
0.8712584972381592 -4098 370
0.8769874572753906 -4096 368
0.8834385871887207 -4093 369
0.8900706768035889 -4091 367
0.8967900276184082 -4088 367
0.9030921459197998 -4086 366
0.9090983867645264 -4084 364
0.9153974056243896 -4081 363
0.922142744064331 -4079 363
0.9274945259094238 -4077 364
0.9340033531188965 -4075 365
0.9405832290649414 -4072 367
0.9461491107940674 -4070 367
0.9533891677856445 -4068 367
0.9599716663360596 -4065 368
0.9654524326324463 -4063 367
0.9724678993225098 -4061 367
0.978065013885498 -4058 366
0.9843463897705078 -4056 368
0.9909212589263916 -4054 366
0.9965476989746094 -4051 367
8.988380432128906e-05 -4032 0
0.006069660186767578 -4032 0
0.01282358169555664 -4032 2
0.018454313278198242 -4031 14
0.024760961532592773 -4030 11
0.03141427040100098 -4029 29
0.03786492347717285 -4028 157
0.04440116882324219 -4027 195
0.050809383392333984 -4025 191
0.05652785301208496 -4023 256
0.06708550453186035 -4020 285
0.0736539363861084 -4018 294
0.07961249351501465 -4015 313
0.08706855773925781 -4013 331
0.0935521125793457 -4011 344
0.09911322593688965 -4009 360
0.105377197265625 -4007 373
0.11194300651550293 -4004 381
0.1176917552947998 -4002 391
0.12415528297424316 -3999 397
0.13075590133666992 -3996 401
0.13753199577331543 -3994 408
0.14383840560913086 -3991 415
0.15046095848083496 -3989 418
0.1559314727783203 -3986 422
0.16267943382263184 -3983 425
0.1680283546447754 -3980 430
0.17459368705749512 -3978 436
0.18129706382751465 -3975 443
0.1878368854522705 -3972 445
0.19411230087280273 -3969 447
0.20074057579040527 -3965 446
0.20659422874450684 -3963 446
0.21310091018676758 -3960 447
0.21868419647216797 -3957 448
0.22495436668395996 -3955 453
0.2315518856048584 -3952 453
0.23807525634765625 -3949 453
0.2447655200958252 -3946 455
0.25133800506591797 -3943 457
0.2569746971130371 -3940 459
0.2633366584777832 -3937 457
0.26892709732055664 -3935 459
0.27518415451049805 -3932 463
0.2817671298980713 -3929 462
0.28855443000793457 -3925 463
0.2948439121246338 -3923 463
0.30157947540283203 -3920 462
0.3071908950805664 -3917 460
0.31360459327697754 -3914 460
0.3195202350616455 -3911 460
0.32541465759277344 -3909 460
0.33212757110595703 -3906 462
0.3404419422149658 -3902 465
0.345966100692749 -3899 465
0.35271191596984863 -3897 464
0.35805535316467285 -3893 466
0.36474132537841797 -3891 464
0.3713719844818115 -3887 466
0.37700819969177246 -3885 466
0.3833737373352051 -3882 465
0.3908064365386963 -3879 467
0.3965308666229248 -3875 465
0.40308046340942383 -3873 465
0.40868043899536133 -3869 463
0.4149508476257324 -3867 460
0.42166948318481445 -3864 463
0.4274027347564697 -3861 463
0.43373584747314453 -3859 466
0.4413130283355713 -3855 466
0.44686269760131836 -3852 469
0.45328354835510254 -3849 469
0.4589712619781494 -3845 466
0.4695286750793457 -3842 467
0.4756746292114258 -3839 463
0.48275017738342285 -3836 467
0.4884023666381836 -3832 466
0.49575257301330566 -3829 465
0.5021665096282959 -3827 466
0.5078754425048828 -3824 463
0.5144515037536621 -3821 463
0.5208184719085693 -3819 463
0.5265326499938965 -3815 462
0.5330610275268555 -3812 467
0.5386438369750977 -3809 468
0.5460221767425537 -3805 469
0.5528388023376465 -3803 471
0.5581645965576172 -3800 470
0.564690351486206 -3798 468
0.5713694095611572 -3794 465
0.5769741535186768 -3791 465
0.5833389759063721 -3789 465
0.5889360904693604 -3785 464
0.5967249870300293 -3782 466
0.60333251953125 -3779 466
0.6088800430297852 -3777 466
0.6151971817016602 -3773 465
0.6217865943908691 -3771 465
0.6275207996368408 -3768 467
0.6338241100311279 -3765 465
0.6404612064361572 -3761 470
0.6470663547515869 -3759 471
0.6534125804901123 -3756 467
0.6589694023132324 -3753 469
0.6654045581817627 -3750 466
0.671952486038208 -3747 463
0.6776673793792725 -3745 463
0.6839778423309326 -3742 463
0.6906087398529053 -3738 465
0.6973068714141846 -3735 466
0.7035560607910156 -3733 466
0.709108829498291 -3730 467
0.715378999710083 -3727 465
0.7221367359161377 -3724 467
0.7278685569763184 -3721 466
0.7341179847717285 -3719 466
0.7407104969024658 -3715 467
0.7475361824035645 -3712 467
0.7538337707519531 -3709 468
0.7603895664215088 -3706 466
0.7658822536468506 -3703 464
0.7725765705108643 -3701 463
0.7780120372772217 -3697 462
0.7847094535827637 -3695 463
0.7913086414337158 -3691 464
0.7978136539459229 -3689 465
0.8040788173675537 -3686 468
0.8107070922851562 -3683 469
0.816152811050415 -3679 468
0.822943925857544 -3677 468
0.8285083770751953 -3674 466
0.8348350524902344 -3671 466
0.8415861129760742 -3668 466
0.8481087684631348 -3665 465
0.8548130989074707 -3662 467
0.8638532161712646 -3657 464
0.8715758323669434 -3654 465
0.8771939277648926 -3651 463
0.8836877346038818 -3649 464
0.8900609016418457 -3646 464
0.8959152698516846 -3642 466
0.9036529064178467 -3639 469
0.9095714092254639 -3637 469
0.9155960083007812 -3634 469
0.9220578670501709 -3631 469
0.9277710914611816 -3628 464
0.9340779781341553 -3625 467
0.940699577331543 -3623 465
0.9461565017700195 -3619 465
0.9537429809570312 -3616 465
0.9600753784179688 -3613 464
0.9659605026245117 -3609 465
0.9727175235748291 -3607 464
0.978055477142334 -3604 464
0.9847643375396729 -3601 464
0.9913637638092041 -3598 465
0.9970033168792725 -3595 467
8.606910705566406e-05 -3569 0
0.005943775177001953 -3568 2
0.01275491714477539 -3568 6
0.01805591583251953 -3567 36
0.02459120750427246 -3566 95
0.0311429500579834 -3565 130
0.03756260871887207 -3563 198
0.043807029724121094 -3562 217
0.05038309097290039 -3560 256
0.05616307258605957 -3557 292
0.06310105323791504 -3555 304
0.0686790943145752 -3553 336
0.07494688034057617 -3551 368
0.08155179023742676 -3548 388
0.08843851089477539 -3545 397
0.09473228454589844 -3543 422
0.10130810737609863 -3539 432
0.1068727970123291 -3537 448
0.11348605155944824 -3534 454
0.1190483570098877 -3531 465
0.12532734870910645 -3528 475
0.1318962574005127 -3524 483
0.13871407508850098 -3521 495
0.14502453804016113 -3518 503
0.15156245231628418 -3515 507
0.15718770027160645 -3512 513
0.1636345386505127 -3509 518
0.16953635215759277 -3506 522
0.17580056190490723 -3503 526
0.18216228485107422 -3498 528
0.1889026165008545 -3495 534
0.19535350799560547 -3492 535
0.20195460319519043 -3489 538
0.20771312713623047 -3485 537
0.214019775390625 -3482 541
0.220658540725708 -3479 543
0.22614765167236328 -3474 548
0.2330913543701172 -3471 552
0.2404639720916748 -3468 556
0.24596881866455078 -3463 556
0.25270915031433105 -3461 553
0.2629542350769043 -3455 551
0.26855969429016113 -3451 553
0.274996280670166 -3448 554
0.28169679641723633 -3444 556
0.2885134220123291 -3440 557
0.2949948310852051 -3437 559
0.30156540870666504 -3433 558
0.30721020698547363 -3430 562
0.3135550022125244 -3427 563
0.3191244602203369 -3423 564
0.32575559616088867 -3419 562
0.33324098587036133 -3415 563
0.34062623977661133 -3412 559
0.34609460830688477 -3407 559
0.35301923751831055 -3404 560
0.35860633850097656 -3401 558
0.36487555503845215 -3397 561
0.3714578151702881 -3394 562
0.3771021366119385 -3391 565
0.3834679126739502 -3387 564
0.3908267021179199 -3383 566
0.3965475559234619 -3379 564
0.4030795097351074 -3376 566
0.40865182876586914 -3370 565
0.41953539848327637 -3367 562
0.4255824089050293 -3363 560
0.43206000328063965 -3360 560
0.4377627372741699 -3355 561
0.4450697898864746 -3352 564
0.45183563232421875 -3349 566
0.45757579803466797 -3345 567
0.46387290954589844 -3342 564
0.4704604148864746 -3339 564
0.4760887622833252 -3334 563
0.48290038108825684 -3332 564
0.48847055435180664 -3327 565
0.49541139602661133 -3324 564
0.501955509185791 -3321 561
0.507697343826294 -3317 561
0.5140349864959717 -3314 561
0.5206377506256104 -3311 562
0.5261170864105225 -3306 562
0.5330419540405273 -3303 566
0.5386245250701904 -3299 568
0.5458505153656006 -3296 567
0.5525598526000977 -3292 564
0.5580079555511475 -3288 564
0.5645172595977783 -3285 565
0.5710940361022949 -3281 561
0.5765678882598877 -3277 562
0.5832579135894775 -3274 563
0.5888359546661377 -3271 562
0.621354341506958 -3253 567
0.6271078586578369 -3249 567
0.6334419250488281 -3246 565
0.6390285491943359 -3243 563
0.6464993953704834 -3238 561
0.6532614231109619 -3235 564
0.6633317470550537 -3229 564
0.6689260005950928 -3226 565
0.6753747463226318 -3222 565
0.6821610927581787 -3219 564
0.687903642654419 -3215 564
0.695209264755249 -3211 568
0.7017905712127686 -3207 566
0.707552433013916 -3204 568
0.7140755653381348 -3201 564
0.7207696437835693 -3197 563
0.7264766693115234 -3193 561
0.7330100536346436 -3189 562
0.7386231422424316 -3186 562
0.7458617687225342 -3183 566
0.7525677680969238 -3179 568
0.7579860687255859 -3175 566
0.7644965648651123 -3173 567
0.7708594799041748 -3168 563
0.7768235206604004 -3165 566
0.7832438945770264 -3161 565
0.7888617515563965 -3158 564
0.796128511428833 -3153 564
0.802945613861084 -3151 564
0.808539867401123 -3147 560
0.8148343563079834 -3143 563
0.8214361667633057 -3140 561
0.8271024227142334 -3137 567
0.833601713180542 -3133 566
0.8391439914703369 -3129 568
0.8467893600463867 -3125 566
0.853339433670044 -3122 565
0.8589005470275879 -3118 563
0.865192174911499 -3115 565
0.8717801570892334 -3111 565
0.8775365352630615 -3108 564
0.8838508129119873 -3105 562
0.8904399871826172 -3101 561
0.8960895538330078 -3097 562
0.9035830497741699 -3093 565
0.9091451168060303 -3090 567
0.9155685901641846 -3087 567
0.9220938682556152 -3083 568
0.9278347492218018 -3080 567
0.9341168403625488 -3077 565
0.9407434463500977 -3073 563
0.946399450302124 -3069 563
0.9539573192596436 -3065 563
0.9605391025543213 -3062 564
0.9660308361053467 -3057 562
0.9730548858642578 -3054 567
0.9786255359649658 -3051 563
0.9848883152008057 -3047 564
0.9914865493774414 -3044 568
0.997136116027832 -3039 570
8.7738037109375e-05 -3006 0
0.006087779998779297 -3006 0
0.01284646987915039 -3005 6
0.01850414276123047 -3004 14
0.024896621704101562 -3003 18
0.031472206115722656 -3002 164
0.037919044494628906 -2999 189
0.04469490051269531 -2998 266
0.051282644271850586 -2995 325
0.06191873550415039 -2992 363
0.0680546760559082 -2988 397
0.07477521896362305 -2987 417
0.08151960372924805 -2983 443
0.08809185028076172 -2979 460
0.09466361999511719 -2977 479
0.10134482383728027 -2973 498
0.10701203346252441 -2969 516
0.11337852478027344 -2966 528
0.11897778511047363 -2963 547
0.12523245811462402 -2959 554
0.13200044631958008 -2955 566
0.13884997367858887 -2951 577
0.14511823654174805 -2948 584
0.15172982215881348 -2944 593
0.15744924545288086 -2941 599
0.16390585899353027 -2937 601
0.1705009937286377 -2933 606
0.17598938941955566 -2929 608
0.1827552318572998 -2925 617
0.18913841247558594 -2921 622
0.19557404518127441 -2917 629
0.20206475257873535 -2913 632
0.2078094482421875 -2909 634
0.21410489082336426 -2906 633
0.2207181453704834 -2901 637
0.22658324241638184 -2897 637
0.23310089111328125 -2893 640
0.24048709869384766 -2889 643
0.2460002899169922 -2884 643
0.25278425216674805 -2881 646
0.2581140995025635 -2876 648
0.2647824287414551 -2873 654
0.2714099884033203 -2868 653
0.27707529067993164 -2864 654
0.28362083435058594 -2860 651
0.29117918014526367 -2855 650
0.29677534103393555 -2851 651
0.3032538890838623 -2847 652
0.30887269973754883 -2843 656
0.3151547908782959 -2838 658
0.32276368141174316 -2835 657
0.32811951637268066 -2830 659
0.33464503288269043 -2826 661
0.34213876724243164 -2822 662
0.3478388786315918 -2818 660
0.35410380363464355 -2814 658
0.3607325553894043 -2811 656
0.36615800857543945 -2805 656
0.3729734420776367 -2803 657
0.37857580184936523 -2797 661
0.38487696647644043 -2793 664
0.39275050163269043 -2789 663
0.3981006145477295 -2784 661
0.4047813415527344 -2781 662
0.41139721870422363 -2776 662
0.4170491695404053 -2772 659
0.42343831062316895 -2768 661
0.4290149211883545 -2764 657
0.43526482582092285 -2759 658
0.4429159164428711 -2756 660
0.44849514961242676 -2751 661
0.45481014251708984 -2744 666
0.46614575386047363 -2739 663
0.4731154441833496 -2735 663
0.47870469093322754 -2731 662
0.48516106605529785 -2727 661
0.49288201332092285 -2723 661
0.4981882572174072 -2718 658
0.5047063827514648 -2715 659
0.5113403797149658 -2710 659
0.5168890953063965 -2706 662
0.5235373973846436 -2702 666
0.5291059017181396 -2698 665
0.5353789329528809 -2694 664
0.5431420803070068 -2689 661
0.5487327575683594 -2685 661
0.5549943447113037 -2681 658
0.5615501403808594 -2677 662
0.5672166347503662 -2673 660
0.5735657215118408 -2669 662
0.5791347026824951 -2665 663
0.5858161449432373 -2661 664
0.593409538269043 -2655 667
0.5989923477172852 -2651 665
0.6052377223968506 -2647 665
0.6120295524597168 -2643 659
0.6177418231964111 -2639 660
0.6240637302398682 -2635 659
0.6306567192077637 -2631 661
0.6361124515533447 -2626 664
0.6438391208648682 -2622 663
0.6504840850830078 -2618 665
0.6561591625213623 -2613 663
0.6629214286804199 -2610 664
0.6684784889221191 -2605 665
0.6747515201568604 -2603 663
0.68135666847229 -2597 662
0.6869778633117676 -2593 658
0.6940956115722656 -2589 658
0.7007193565368652 -2584 662
0.7065751552581787 -2580 665
0.7131168842315674 -2576 666
0.718672513961792 -2572 665
0.7249464988708496 -2568 663
0.7315332889556885 -2564 663
0.7371370792388916 -2560 664
0.7435324192047119 -2556 661
0.7511487007141113 -2551 663
0.7567615509033203 -2547 659
0.7633507251739502 -2543 659
0.7689471244812012 -2539 664
0.7751955986022949 -2535 666
0.781944751739502 -2531 666
0.7877051830291748 -2527 665
0.7940096855163574 -2521 665
0.8015406131744385 -2517 662
0.8072264194488525 -2513 663
0.8135843276977539 -2509 661
0.8191404342651367 -2505 663
0.8257765769958496 -2501 662
0.8321740627288818 -2497 662
0.8379056453704834 -2493 662
0.844188928604126 -2488 668
0.8518450260162354 -2484 665
0.8617935180664062 -2477 666
0.8675436973571777 -2474 662
0.8739707469940186 -2470 660
0.8806025981903076 -2465 659
0.8865742683410645 -2461 662
0.8931007385253906 -2457 664
0.9001827239990234 -2453 665
0.9058711528778076 -2449 663
0.9128603935241699 -2445 667
0.9181859493255615 -2439 666
0.9247403144836426 -2437 666
0.9313170909881592 -2431 666
0.9368977546691895 -2427 659
0.9435350894927979 -2423 659
0.9510703086853027 -2418 660
0.9565820693969727 -2414 662
0.9631257057189941 -2410 665
0.9687385559082031 -2406 666
0.9750561714172363 -2402 664
0.981604814529419 -2398 663
0.9872589111328125 -2394 664
0.9936065673828125 -2390 664
7.724761962890625e-05 -2348 0
0.006909608840942383 -2348 0
0.01220703125 -2347 6
0.01871800422668457 -2347 34
0.02539825439453125 -2345 18
0.03101801872253418 -2344 198
0.03845834732055664 -2342 225
0.04486799240112305 -2340 293
0.0505983829498291 -2337 311
0.05711030960083008 -2335 361
0.06268048286437988 -2332 388
0.06895303726196289 -2329 443
0.07568788528442383 -2326 477
0.08143258094787598 -2322 492
0.08875632286071777 -2320 531
0.09549188613891602 -2315 544
0.10112500190734863 -2312 570
0.10747432708740234 -2308 581
0.11302995681762695 -2305 598
0.11928772926330566 -2301 611
0.12584948539733887 -2297 624
0.13158750534057617 -2291 638
0.13887548446655273 -2287 656
0.14545154571533203 -2283 662
0.15107178688049316 -2279 671
0.15758585929870605 -2275 684
0.16315054893493652 -2271 690
0.16947650909423828 -2267 695
0.17602777481079102 -2263 697
0.18174147605895996 -2257 699
0.18906688690185547 -2253 707
0.19570469856262207 -2249 709
0.2014307975769043 -2244 717
0.20787382125854492 -2240 724
0.21442842483520508 -2235 725
0.22008228302001953 -2229 730
0.22689223289489746 -2227 731
0.23244142532348633 -2221 733
0.23962640762329102 -2216 736
0.24606943130493164 -2212 735
0.2518179416656494 -2207 737
0.2618863582611084 -2199 742
0.2685575485229492 -2195 748
0.27539491653442383 -2189 749
0.2810831069946289 -2185 749
0.2886676788330078 -2181 749
0.2952244281768799 -2175 747
0.30077242851257324 -2170 749
0.3072507381439209 -2165 748
0.3145468235015869 -2161 751
0.3200106620788574 -2155 753
0.32675886154174805 -2152 755
0.33208179473876953 -2146 757
0.33980250358581543 -2141 758
0.34656810760498047 -2137 755
0.3519916534423828 -2132 754
0.35849571228027344 -2128 752
0.3648984432220459 -2122 754
0.3706033229827881 -2117 756
0.3771209716796875 -2113 756
0.38270139694213867 -2108 759
0.3899204730987549 -2103 760
0.39688754081726074 -2099 761
0.4022083282470703 -2093 760
0.408771276473999 -2090 757
0.4271988868713379 -2075 759
0.4328751564025879 -2070 760
0.4401257038116455 -2064 760
0.4469330310821533 -2061 761
0.4525146484375 -2055 763
0.45900774002075195 -2050 762
0.46574878692626953 -2046 758
0.47145915031433105 -2041 757
0.4777538776397705 -2037 755
0.4841485023498535 -2032 758
0.49086880683898926 -2026 761
0.49733996391296387 -2021 763
0.5028858184814453 -2017 764
0.509157657623291 -2012 762
0.5159156322479248 -2008 760
0.5216364860534668 -2003 758
0.5279643535614014 -1999 758
0.5346064567565918 -1994 757
0.5400621891021729 -1988 759
0.5475523471832275 -1983 763
0.5531351566314697 -1979 764
0.5593881607055664 -1973 763
0.5669310092926025 -1970 761
0.5725204944610596 -1964 759
0.5790152549743652 -1959 761
0.5855607986450195 -1955 759
0.5921337604522705 -1949 759
0.5988898277282715 -1944 758
0.6054890155792236 -1939 760
0.6111257076263428 -1935 765
0.6174759864807129 -1930 767
0.6230676174163818 -1925 764
0.6293494701385498 -1921 762
0.6361057758331299 -1917 761
0.6428349018096924 -1910 759
0.649172306060791 -1906 760
0.6558017730712891 -1898 760
0.6665534973144531 -1893 761
0.6719729900360107 -1887 765
0.6786885261535645 -1885 764
0.685375452041626 -1878 764
0.6910490989685059 -1872 760
0.6985595226287842 -1869 756
0.7051444053649902 -1863 757
0.7106525897979736 -1859 760
0.7172155380249023 -1854 763
0.7228326797485352 -1849 763
0.72934889793396 -1845 764
0.735969066619873 -1840 763
0.7417161464691162 -1834 763
0.7488875389099121 -1829 760
0.7556273937225342 -1825 758
0.7613871097564697 -1821 759
0.7676401138305664 -1816 759
0.7731988430023193 -1811 764
0.7794771194458008 -1807 766
0.7860324382781982 -1802 763
0.7917871475219727 -1796 762
0.79901123046875 -1791 761
0.8055949211120605 -1787 761
0.8112280368804932 -1783 759
0.8178410530090332 -1778 758
0.8241615295410156 -1773 758
0.8298664093017578 -1769 762
0.8362016677856445 -1764 763
0.8419122695922852 -1758 765
0.8492586612701416 -1753 761
0.856020450592041 -1749 759
0.8617465496063232 -1744 758
0.8680574893951416 -1740 761
0.874685525894165 -1735 760
0.8805699348449707 -1729 759
0.8870549201965332 -1725 761
0.8926777839660645 -1720 764
0.8998832702636719 -1715 765
0.9066393375396729 -1711 762
0.9120607376098633 -1705 759
0.9194204807281494 -1700 758
0.9259815216064453 -1695 759
0.9316983222961426 -1691 761
0.9381518363952637 -1687 761
0.9447715282440186 -1680 761
0.9515459537506104 -1676 765
0.9578149318695068 -1671 765
0.9641754627227783 -1667 764
0.9698574542999268 -1662 761
0.9764440059661865 -1657 758
0.9819416999816895 -1651 758
0.9886248111724854 -1649 759
0.9953610897064209 -1642 762
7.700920104980469e-05 -1593 0
0.00576329231262207 -1593 2
0.01199197769165039 -1593 6
0.018573284149169922 -1592 34
0.02444744110107422 -1591 18
0.03098130226135254 -1589 44
0.038665771484375 -1587 193
0.04430341720581055 -1584 291
0.05073142051696777 -1582 357
0.05663776397705078 -1577 427
0.06867170333862305 -1573 482
0.07479119300842285 -1570 506
0.08122539520263672 -1565 549
0.08912134170532227 -1562 577
0.09485244750976562 -1558 598
0.1011514663696289 -1554 624
0.10777425765991211 -1550 649
0.11351728439331055 -1545 670
0.12005496025085449 -1542 683
0.12565350532531738 -1536 699
0.13197088241577148 -1532 713
0.13966822624206543 -1527 724
0.1450939178466797 -1521 736
0.15181994438171387 -1518 749
0.15842175483703613 -1512 755
0.16404128074645996 -1507 770
0.17059612274169922 -1503 776
0.1761789321899414 -1498 785
0.1824333667755127 -1492 790
0.19019293785095215 -1487 792
0.19578289985656738 -1482 798
0.20206212997436523 -1477 804
0.20878911018371582 -1472 810
0.21451687812805176 -1467 816
0.2208108901977539 -1463 820
0.2271425724029541 -1457 822
0.23293113708496094 -1451 827
0.2403886318206787 -1446 825
0.2459862232208252 -1441 825
0.2522621154785156 -1436 828
0.2588498592376709 -1431 832
0.26459622383117676 -1426 838
0.27105045318603516 -1421 840
0.27767348289489746 -1416 840
0.2831428050994873 -1409 840
0.2906925678253174 -1404 841
0.29625391960144043 -1399 840
0.30291247367858887 -1392 842
0.3103775978088379 -1387 844
0.31595754623413086 -1382 849
0.32221531867980957 -1377 852
0.32897257804870605 -1372 850
0.33473753929138184 -1365 849
0.34207820892333984 -1360 850
0.3486354351043701 -1355 850
0.3542766571044922 -1350 849
0.36069536209106445 -1345 849
0.36626625061035156 -1339 855
0.3725428581237793 -1334 855
0.37909722328186035 -1329 858
0.38480663299560547 -1322 856
0.3924386501312256 -1317 851
0.39906978607177734 -1312 849
0.4048035144805908 -1307 855
0.4111030101776123 -1302 855
0.417755126953125 -1297 857
0.42319774627685547 -1290 859
0.4301457405090332 -1285 859
0.4357447624206543 -1279 857
0.44304966926574707 -1273 855
0.45002174377441406 -1269 853
0.4555842876434326 -1259 857
0.46665430068969727 -1254 861
0.4730844497680664 -1247 860
0.4800255298614502 -1243 858
0.485628604888916 -1237 857
0.49311256408691406 -1230 857
0.4999706745147705 -1226 855
0.5055334568023682 -1219 855
0.5119810104370117 -1214 857
0.5185363292694092 -1209 862
0.5241856575012207 -1204 862
0.5305655002593994 -1199 862
0.5361261367797852 -1194 858
0.5436060428619385 -1187 858
0.5501735210418701 -1182 855
0.5557637214660645 -1177 854
0.5622456073760986 -1171 857
0.5690147876739502 -1166 862
0.5747647285461426 -1161 862
0.5810599327087402 -1156 862
0.58766770362854 -1151 857
0.5944304466247559 -1144 856
0.6006965637207031 -1139 856
0.6062605381011963 -1133 857
0.6125164031982422 -1129 860
0.6190667152404785 -1123 862
0.6247832775115967 -1118 862
0.6312336921691895 -1113 863
0.6378440856933594 -1108 858
0.6445350646972656 -1101 853
0.650855541229248 -1096 856
0.6571712493896484 -1091 860
0.6627700328826904 -1085 860
0.6691946983337402 -1080 860
0.674931526184082 -1075 863
0.6812536716461182 -1070 861
0.6879010200500488 -1063 858
0.6939175128936768 -1058 856
0.7011570930480957 -1053 854
0.7078604698181152 -1048 857
0.7135453224182129 -1041 860
0.7201282978057861 -1035 863
0.7257022857666016 -1031 861
0.7319703102111816 -1025 860
0.7386159896850586 -1020 859
0.7442901134490967 -1013 858
0.7518315315246582 -1010 854
0.758399486541748 -1003 855
0.7640697956085205 -998 861
0.7704441547393799 -993 864
0.7760140895843506 -987 861
0.7822518348693848 -983 858
0.7888486385345459 -977 858
0.7946162223815918 -970 857
0.801828145980835 -967 857
0.8085653781890869 -960 857
0.8141942024230957 -955 863
0.8207228183746338 -950 863
0.8266301155090332 -945 864
0.8325223922729492 -939 860
0.8390753269195557 -934 857
0.844806432723999 -927 855
0.8521060943603516 -922 857
0.8586552143096924 -913 860
0.8691258430480957 -909 860
0.874871015548706 -903 864
0.8815655708312988 -898 862
0.8879423141479492 -891 859
0.893883228302002 -886 856
0.9010810852050781 -881 857
0.9077146053314209 -876 859
0.9131543636322021 -869 861
0.9199473857879639 -865 863
0.9255452156066895 -859 863
0.9319868087768555 -853 860
0.9385454654693604 -848 860
0.9441871643066406 -841 857
0.9516832828521729 -838 854
0.9582231044769287 -831 859
0.9638135433197021 -826 862
0.9702744483947754 -821 863
0.9758310317993164 -815 862
0.9820849895477295 -811 859
0.9887852668762207 -805 861
0.9945106506347656 -800 856
8.630752563476562e-05 -742 0
0.00592494010925293 -742 0
0.012577056884765625 -741 8
0.018010854721069336 -741 21
0.024844884872436523 -739 43
0.031403541564941406 -737 62
0.03781294822692871 -736 250
0.044080495834350586 -733 273
0.05071759223937988 -730 362
0.05659651756286621 -727 408
0.06309986114501953 -724 461
0.06869888305664062 -721 495
0.07498502731323242 -717 567
0.08170199394226074 -713 599
0.08855152130126953 -708 635
0.0948481559753418 -703 679
0.10143470764160156 -699 699
0.10709691047668457 -695 729
0.11343836784362793 -690 746
0.1190180778503418 -685 775
0.1252884864807129 -680 792
0.1319267749786377 -674 802
0.13873052597045898 -669 818
0.145125150680542 -664 832
0.15173649787902832 -659 846
0.15745806694030762 -653 859
0.16376996040344238 -648 870
0.17009925842285156 -643 878
0.17575860023498535 -637 887
0.1826038360595703 -630 893
0.18905329704284668 -625 896
0.19531989097595215 -619 902
0.2021036148071289 -614 909
0.20780324935913086 -608 917
0.2140824794769287 -603 922
0.22072887420654297 -597 924
0.22615551948547363 -590 928
0.23293638229370117 -584 931
0.2529752254486084 -565 941
0.2619805335998535 -556 948
0.26900434494018555 -550 949
0.2754404544830322 -545 950
0.28217506408691406 -539 949
0.2888765335083008 -531 951
0.29531121253967285 -523 954
0.3029787540435791 -519 958
0.30857157707214355 -512 962
0.3150668144226074 -506 962
0.3218092918395996 -500 959
0.3275566101074219 -495 958
0.3338327407836914 -487 959
0.3414473533630371 -481 963
0.3470757007598877 -475 965
0.3534390926361084 -469 967
0.359055757522583 -464 967
0.365339994430542 -458 966
0.37192797660827637 -452 965
0.3776521682739258 -447 964
0.38411712646484375 -439 966
0.39183950424194336 -433 968
0.3975703716278076 -427 970
0.4038255214691162 -421 970
0.4104583263397217 -415 969
0.4159419536590576 -409 965
0.4227128028869629 -404 964
0.4280426502227783 -396 969
0.4345560073852539 -392 973
0.44208359718322754 -384 972
0.44778919219970703 -379 971
0.45406079292297363 -373 967
0.4606645107269287 -367 966
0.46613550186157227 -359 968
0.47295069694519043 -355 971
0.4785447120666504 -347 974
0.4848597049713135 -341 973
0.4920628070831299 -336 970
0.4977710247039795 -330 970
0.5044722557067871 -324 970
0.5108461380004883 -316 970
0.5165479183197021 -311 970
0.5230686664581299 -305 972
0.5286843776702881 -299 976
0.5349636077880859 -293 972
0.5425758361816406 -287 969
0.5480048656463623 -279 971
0.5545313358306885 -275 970
0.5612921714782715 -268 975
0.566943883895874 -262 975
0.5734531879425049 -256 975
0.5790350437164307 -250 974
0.5852963924407959 -244 972
0.5931363105773926 -237 968
0.598726749420166 -231 971
0.6049976348876953 -225 975
0.6115474700927734 -219 977
0.6172027587890625 -213 975
0.6237051486968994 -207 974
0.6300795078277588 -201 970
0.635765790939331 -196 970
0.6431972980499268 -188 969
0.6488692760467529 -182 974
0.655127763748169 -176 978
0.6646490097045898 -167 976
0.6725277900695801 -161 972
0.6779284477233887 -153 970
0.6847836971282959 -147 969
0.6915056705474854 -141 972
0.6980664730072021 -133 976
0.7047922611236572 -127 976
0.7113757133483887 -122 976
0.7170131206512451 -116 972
0.7234010696411133 -110 969
0.7290017604827881 -104 972
0.7352771759033203 -98 971
0.7419984340667725 -91 973
0.7488162517547607 -85 976
0.7551100254058838 -79 975
0.761735200881958 -73 969
0.7674119472503662 -67 968
0.7736759185791016 -61 974
0.7796566486358643 -55 975
0.7856426239013672 -50 974
0.7920835018157959 -42 973
0.7988057136535645 -36 970
0.8052539825439453 -30 971
0.8118083477020264 -25 971
0.8175389766693115 -19 972
0.8238368034362793 -13 975
0.8304214477539062 -7 976
0.836073637008667 1 974
0.8428637981414795 7 971
0.8495993614196777 13 972
0.8555564880371094 18 968
0.8621258735656738 24 968
0.8679056167602539 30 973
0.8744602203369141 36 977
0.8808350563049316 42 976
0.8865885734558105 49 970
0.8930785655975342 55 970
0.9004936218261719 61 971
0.9060204029083252 69 972
0.9128732681274414 73 975
0.9184126853942871 81 973
0.9248640537261963 87 975
0.9314587116241455 92 973
0.9371497631072998 98 969
0.9434998035430908 104 970
0.9508631229400635 112 973
0.9565434455871582 117 974
0.9632575511932373 123 975
0.9688224792480469 129 974
0.9751064777374268 135 974
0.9818980693817139 141 970
0.9876284599304199 147 969
0.9939548969268799 155 972
