0 0 0
8.177757263183594e-05 -2803 0
0.005779743194580078 -2804 -3
0.01342630386352539 -2804 -8
0.02013373374938965 -2806 -23
0.030344009399414062 -2808 -137
0.036099910736083984 -2809 -166
0.04233241081237793 -2811 -278
0.048615455627441406 -2814 -299
0.05432915687561035 -2816 -377
0.06064438819885254 -2818 -405
0.06632328033447266 -2822 -449
0.07365942001342773 -2826 -489
0.08027935028076172 -2829 -527
0.08599328994750977 -2832 -553
0.09243488311767578 -2836 -586
0.09900140762329102 -2840 -602
0.10447835922241211 -2844 -624
0.11123347282409668 -2848 -641
0.11658191680908203 -2853 -655
0.12400460243225098 -2858 -676
0.13063597679138184 -2862 -692
0.13631296157836914 -2866 -702
0.14261436462402344 -2870 -714
0.1491718292236328 -2875 -728
0.15497088432312012 -2881 -738
0.16152596473693848 -2884 -745
0.1670975685119629 -2890 -753
0.17340898513793945 -2894 -759
0.18096709251403809 -2899 -763
0.186431884765625 -2904 -768
0.19268798828125 -2908 -774
0.19929909706115723 -2913 -784
0.20470333099365234 -2920 -790
0.21160054206848145 -2922 -793
0.21721935272216797 -2929 -795
0.22349143028259277 -2936 -797
0.2312791347503662 -2938 -799
0.23661065101623535 -2945 -799
0.24310731887817383 -2948 -802
0.24977469444274902 -2955 -806
0.2553985118865967 -2960 -813
0.2618064880371094 -2964 -814
0.2673938274383545 -2970 -815
0.2738044261932373 -2976 -813
0.2815399169921875 -2979 -813
0.2871401309967041 -2986 -813
0.2934458255767822 -2990 -814
0.3000071048736572 -2996 -818
0.30562901496887207 -3000 -819
0.31200456619262695 -3009 -824
0.32237887382507324 -3014 -823
0.33026766777038574 -3020 -819
0.3359956741333008 -3025 -818
0.3424105644226074 -3030 -818
0.34897589683532715 -3035 -821
0.3544199466705322 -3040 -824
0.3609740734100342 -3045 -827
0.36643528938293457 -3050 -826
0.37270665168762207 -3055 -824
0.3804504871368408 -3061 -822
0.386152982711792 -3066 -821
0.3925809860229492 -3071 -819
0.39921069145202637 -3076 -822
0.404649019241333 -3083 -825
0.4114058017730713 -3086 -829
0.4166982173919678 -3093 -828
0.42318201065063477 -3096 -824
0.43040943145751953 -3102 -823
0.43611907958984375 -3108 -823
0.4423820972442627 -3112 -822
0.4486672878265381 -3118 -823
0.45451879501342773 -3122 -825
0.4612553119659424 -3127 -830
0.46658921241760254 -3134 -830
0.4730825424194336 -3137 -829
0.4803915023803711 -3144 -825
0.48615503311157227 -3149 -823
0.4923992156982422 -3154 -823
0.4989938735961914 -3159 -824
0.5044536590576172 -3164 -827
0.5114264488220215 -3169 -826
0.5167343616485596 -3175 -830
0.5232653617858887 -3178 -829
0.5298981666564941 -3185 -826
0.5363912582397461 -3190 -823
0.5426690578460693 -3195 -822
0.5492806434631348 -3200 -823
0.5547006130218506 -3206 -826
0.561464786529541 -3210 -829
0.567000150680542 -3216 -829
0.5734422206878662 -3222 -827
0.5800082683563232 -3226 -828
0.5864551067352295 -3232 -824
0.5926904678344727 -3236 -824
0.5992910861968994 -3241 -822
0.6047165393829346 -3248 -823
0.6114752292633057 -3251 -826
0.617011547088623 -3258 -829
0.6232869625091553 -3261 -828
0.6300570964813232 -3268 -825
0.6366026401519775 -3274 -826
0.6432864665985107 -3278 -824
0.6498944759368896 -3284 -822
0.6554346084594727 -3289 -824
0.6618828773498535 -3294 -828
0.6674153804779053 -3299 -828
0.6736834049224854 -3304 -829
0.6802606582641602 -3309 -826
0.6870272159576416 -3316 -823
0.6934247016906738 -3320 -823
0.6999945640563965 -3326 -824
0.705610990524292 -3330 -827
0.7119569778442383 -3339 -827
0.7221865653991699 -3344 -830
0.7280938625335693 -3349 -828
0.7355115413665771 -3355 -823
0.7420296669006348 -3360 -823
0.7475912570953369 -3365 -823
0.75412917137146 -3370 -826
0.760573148727417 -3375 -828
0.7662746906280518 -3380 -827
0.7729980945587158 -3385 -828
0.7793760299682617 -3390 -828
0.7861275672912598 -3397 -826
0.7923994064331055 -3402 -822
0.7990226745605469 -3406 -823
0.8045194149017334 -3412 -822
0.8114583492279053 -3416 -826
0.8170130252838135 -3423 -830
0.8232731819152832 -3426 -827
0.829887866973877 -3433 -827
0.8363709449768066 -3438 -823
0.8426437377929688 -3443 -825
0.8492648601531982 -3448 -823
0.8547098636627197 -3454 -822
0.8614974021911621 -3458 -826
0.8670458793640137 -3464 -827
0.8734476566314697 -3470 -828
0.8806893825531006 -3474 -829
0.8874518871307373 -3481 -823
0.8937075138092041 -3486 -822
0.9004607200622559 -3491 -823
0.9061679840087891 -3496 -825
0.9124596118927002 -3501 -825
0.9190444946289062 -3506 -827
0.9245038032531738 -3511 -830
0.9314184188842773 -3516 -829
0.938154935836792 -3522 -826
0.9441728591918945 -3527 -821
0.9506289958953857 -3532 -821
0.9563264846801758 -3537 -822
0.9626035690307617 -3542 -825
0.9692130088806152 -3547 -829
0.9747240543365479 -3554 -827
0.9815022945404053 -3557 -827
0.9876365661621094 -3564 -827
0.9941718578338623 -3568 -823
1.000678539276123 -3574 -821
1.0063626766204834 -3578 -823
1.0126125812530518 -3583 -825
1.019179344177246 -3588 -827
1.024625301361084 -3595 -830
1.0315792560577393 -3598 -826
1.0371325016021729 -3605 -823
1.0443289279937744 -3610 -825
1.051131010055542 -3615 -823
1.056509017944336 -3620 -822
1.0630195140838623 -3624 -825
1.069389820098877 -3630 -825
1.0750477313995361 -3636 -829
1.0815203189849854 -3640 -829
1.0871121883392334 -3646 -827
1.0943360328674316 -3651 -824
1.1006791591644287 -3656 -822
1.1063673496246338 -3661 -823
1.1130201816558838 -3671 -824
1.1231119632720947 -3674 -826
1.1298224925994873 -3681 -827
1.1354084014892578 -3686 -826
1.1429760456085205 -3691 -826
1.1493148803710938 -3696 -821
1.1547133922576904 -3702 -821
1.161635160446167 -3707 -825
1.1671791076660156 -3712 -823
1.1736445426940918 -3717 -826
1.1801810264587402 -3722 -827
1.1857845783233643 -3727 -826
1.1931967735290527 -3732 -826
1.199763298034668 -3738 -824
1.205322027206421 -3744 -821
1.2117269039154053 -3748 -823
1.217292308807373 -3754 -826
1.2235119342803955 -3758 -830
1.2302360534667969 -3763 -828
1.2359354496002197 -3768 -827
1.243213176727295 -3773 -825
1.2497169971466064 -3780 -823
1.2551848888397217 -3785 -821
1.2616848945617676 -3790 -823
1.2672109603881836 -3794 -822
1.2734622955322266 -3800 -828
1.2800817489624023 -3805 -831
1.2856976985931396 -3810 -829
1.2932233810424805 -3814 -824
1.2998278141021729 -3821 -824
1.3053765296936035 -3826 -823
1.311755657196045 -3831 -824
1.317331075668335 -3836 -825
1.3235979080200195 -3841 -827
1.3301186561584473 -3846 -826
1.3357510566711426 -3851 -828
1.342078685760498 -3856 -829
1.3493967056274414 -3862 -822
1.3552958965301514 -3867 -822
1.3617265224456787 -3872 -824
1.3672935962677002 -3877 -824
1.373542070388794 -3882 -826
1.3800852298736572 -3887 -828
1.3856604099273682 -3892 -826
1.3919777870178223 -3897 -825
1.3993926048278809 -3902 -824
1.4050941467285156 -3908 -821
1.4117786884307861 -3914 -821
1.417374849319458 -3918 -825
1.4237658977508545 -3924 -828
1.430366039276123 -3928 -828
1.4360923767089844 -3934 -828
1.4423446655273438 -3938 -823
1.4499025344848633 -3945 -824
1.456275224685669 -3950 -822
1.4625847339630127 -3955 -822
1.4691600799560547 -3960 -825
1.4747157096862793 -3966 -826
1.4814691543579102 -3970 -829
1.4870247840881348 -3976 -829
1.4932951927185059 -3981 -825
1.5006248950958252 -3986 -822
1.506300926208496 -3991 -823
1.512547254562378 -3996 -825
1.5239253044128418 -4006 -827
1.5309641361236572 -4011 -827
1.5364270210266113 -4018 -827
1.5431239604949951 -4022 -825
1.55067777633667 -4028 -822
1.5563552379608154 -4032 -820
1.5626206398010254 -4037 -821
1.5692105293273926 -4042 -825
1.5746428966522217 -4049 -826
1.581366777420044 -4052 -827
1.5866646766662598 -4059 -826
1.59330153465271 -4064 -827
1.600646734237671 -4069 -822
1.6063127517700195 -4074 -822
1.6125855445861816 -4078 -821
1.6191673278808594 -4084 -822
1.62461256980896 -4090 -826
1.6314046382904053 -4094 -827
1.6367015838623047 -4100 -827
1.6432456970214844 -4104 -824
1.6510517597198486 -4110 -822
1.656466007232666 -4115 -822
1.662698745727539 -4120 -821
1.669257640838623 -4125 -823
1.6746807098388672 -4131 -821
1.6815824508666992 -4135 -827
1.6871616840362549 -4141 -829
1.6934144496917725 -4146 -827
1.7005975246429443 -4151 -822
1.7062976360321045 -4156 -822
1.71270751953125 -4161 -822
1.7193000316619873 -4166 -823
1.7247076034545898 -4172 -825
1.7314374446868896 -4176 -824
1.7426681518554688 -4186 -826
1.7503080368041992 -4192 -825
1.7560505867004395 -4197 -821
1.7623214721679688 -4202 -819
1.7686266899108887 -4207 -823
1.7745552062988281 -4212 -825
1.7812745571136475 -4217 -826
1.7866008281707764 -4224 -827
1.7931156158447266 -4227 -824
1.7996788024902344 -4234 -825
1.8062615394592285 -4238 -823
1.8126819133758545 -4244 -821
1.8192789554595947 -4248 -820
1.8247215747833252 -4255 -824
1.8316614627838135 -4260 -827
1.8372447490692139 -4265 -826
1.8434994220733643 -4270 -825
1.8501052856445312 -4275 -823
1.85652756690979 -4280 -821
1.8630337715148926 -4285 -822
1.8693897724151611 -4290 -822
1.8750991821289062 -4296 -825
1.8822603225708008 -4301 -826
1.8886158466339111 -4306 -829
1.8944766521453857 -4311 -828
1.901158094406128 -4318 -825
1.9076356887817383 -4322 -821
1.9138743877410889 -4328 -824
1.9234898090362549 -4336 -825
1.9313304424285889 -4341 -825
1.936636209487915 -4348 -827
1.9434494972229004 -4352 -827
1.9502644538879395 -4357 -825
1.957000494003296 -4364 -823
1.963256597518921 -4367 -821
1.969860315322876 -4374 -820
1.9754984378814697 -4379 -825
1.9818642139434814 -4384 -827
1.9874334335327148 -4388 -826
1.993690013885498 -4394 -823
2.0002951622009277 -4398 -826
2.006974935531616 -4405 -824
2.0134241580963135 -4410 -822
2.019981861114502 -4415 -820
2.025599241256714 -4420 -822
2.0319666862487793 -4425 -824
2.0375149250030518 -4430 -826
2.0438270568847656 -4435 -826
2.050396680831909 -4440 -825
2.0571930408477783 -4446 -822
2.0634396076202393 -4451 -821
2.0702145099639893 -4456 -822
2.075899362564087 -4461 -822
2.0821313858032227 -4466 -823
2.087705373764038 -4471 -827
2.093947172164917 -4476 -829
2.100515842437744 -4481 -825
2.107297658920288 -4488 -824
2.1135189533233643 -4492 -820
2.120103120803833 -4498 -824
2.1256823539733887 -4502 -825
2.132143259048462 -4507 -825
2.1376748085021973 -4512 -826
2.1438989639282227 -4517 -828
2.150496482849121 -4522 -826
2.1572206020355225 -4529 -823
2.1636669635772705 -4534 -822
2.1702349185943604 -4539 -819
2.175957441329956 -4544 -823
2.1821839809417725 -4548 -826
2.1881189346313477 -4554 -828
2.194343090057373 -4558 -825
2.2012782096862793 -4564 -827
2.207681179046631 -4570 -826
2.2139382362365723 -4575 -825
2.2205231189727783 -4580 -819
2.2262418270111084 -4585 -822
2.2325470447540283 -4590 -823
2.2391276359558105 -4595 -827
2.2445850372314453 -4602 -829
2.2514843940734863 -4605 -828
2.2570486068725586 -4611 -824
2.2641499042510986 -4616 -822
2.2706029415130615 -4621 -823
2.2762978076934814 -4626 -822
2.282589912414551 -4631 -823
2.2892091274261475 -4636 -826
2.2946949005126953 -4643 -828
2.301445960998535 -4646 -829
2.3070218563079834 -4652 -825
2.3143227100372314 -4658 -821
2.324227809906006 -4666 -823
2.331264019012451 -4671 -822
2.3365845680236816 -4677 -823
2.3432703018188477 -4680 -825
2.3500208854675293 -4687 -828
2.3556582927703857 -4692 -826
2.3629937171936035 -4697 -823
2.3693761825561523 -4704 -821
2.3753275871276855 -4708 -820
2.3817553520202637 -4714 -824
2.387345314025879 -4718 -825
2.3936257362365723 -4724 -828
2.400197982788086 -4728 -828
2.4059038162231445 -4735 -828
2.4131860733032227 -4738 -826
2.41972279548645 -4745 -823
2.4253122806549072 -4750 -820
2.431962251663208 -4755 -821
2.4375314712524414 -4760 -825
2.4437601566314697 -4765 -828
2.4503469467163086 -4770 -828
2.4560811519622803 -4774 -825
2.463493585586548 -4781 -821
2.4700303077697754 -4786 -822
2.475649356842041 -4791 -822
2.4819869995117188 -4796 -822
2.4875295162200928 -4801 -822
2.4939377307891846 -4806 -826
2.5005135536193848 -4811 -828
2.506242513656616 -4816 -826
2.513660430908203 -4822 -824
2.520279884338379 -4828 -820
2.525975227355957 -4832 -822
2.532238721847534 -4837 -824
2.538196563720703 -4842 -823
2.544133186340332 -4847 -824
2.5511114597320557 -4852 -825
2.556525945663452 -4859 -826
2.564732074737549 -4865 -824
2.5714972019195557 -4868 -821
2.5770604610443115 -4875 -819
2.5833120346069336 -4878 -822
2.5901005268096924 -4885 -823
2.5956859588623047 -4890 -827
2.6020243167877197 -4895 -825
2.607603073120117 -4900 -825
2.6153206825256348 -4906 -826
2.621771812438965 -4915 -821
2.632598400115967 -4920 -820
2.6391971111297607 -4926 -822
2.6455821990966797 -4931 -827
2.6520752906799316 -4936 -830
2.657599925994873 -4941 -828
2.665382146835327 -4948 -824
2.672091484069824 -4953 -824
2.677659273147583 -4958 -824
2.6839113235473633 -4962 -823
2.6905112266540527 -4968 -824
2.6962571144104004 -4972 -825
2.7025465965270996 -4978 -829
2.709104299545288 -4982 -829
2.7156691551208496 -4992 -822
2.7262167930603027 -4997 -822
2.7329816818237305 -5002 -822
2.739363193511963 -5009 -823
2.745323657989502 -5014 -825
2.751889705657959 -5019 -827
2.7574234008789062 -5024 -826
2.7636876106262207 -5030 -825
2.7714345455169678 -5034 -823
2.776963710784912 -5040 -821
2.783252477645874 -5044 -821
2.7899677753448486 -5050 -825
2.795605421066284 -5055 -827
2.8019962310791016 -5060 -826
2.8075671195983887 -5065 -827
2.813795328140259 -5072 -826
2.821506977081299 -5075 -823
2.8270440101623535 -5082 -822
2.8333516120910645 -5086 -822
2.8399291038513184 -5091 -824
2.8455357551574707 -5096 -828
2.852081060409546 -5101 -830
2.8576483726501465 -5106 -827
2.8638951778411865 -5113 -824
2.8715062141418457 -5116 -824
2.878145933151245 -5123 -823
2.883981227874756 -5128 -822
2.890540361404419 -5132 -825
2.896268129348755 -5138 -824
2.902552843093872 -5142 -828
2.909106969833374 -5148 -828
2.914708375930786 -5154 -826
2.922217607498169 -5159 -823
2.9281373023986816 -5164 -822
2.9339895248413086 -5169 -822
2.940509557723999 -5174 -824
2.946234703063965 -5179 -827
2.952538251876831 -5184 -827
2.9590659141540527 -5189 -827
2.964540958404541 -5194 -825
2.97219181060791 -5200 -825
2.9781320095062256 -5205 -823
2.984334945678711 -5210 -819
2.990703582763672 -5215 -822
2.9963905811309814 -5220 -827
