0 0 0
0.00014925003051757812 -10966 0
0.0070343017578125 -10966 0
0.012396812438964844 -10965 3
0.019031524658203125 -10964 77
0.027312040328979492 -10963 41
0.035105228424072266 -10962 166
0.04050898551940918 -10960 133
0.04727458953857422 -10958 227
0.05279183387756348 -10956 270
0.05902433395385742 -10955 283
0.06551671028137207 -10952 313
0.07094120979309082 -10950 338
0.07742905616760254 -10948 373
0.08449602127075195 -10945 394
0.09036040306091309 -10942 400
0.09725451469421387 -10940 416
0.10279607772827148 -10936 430
0.10903358459472656 -10934 441
0.11556529998779297 -10931 451
0.12107324600219727 -10928 462
0.12754154205322266 -10923 481
0.13838601112365723 -10920 488
0.1449730396270752 -10916 492
0.15091991424560547 -10913 498
0.15753483772277832 -10910 502
0.16313791275024414 -10907 506
0.1693875789642334 -10904 517
0.17587733268737793 -10900 519
0.18147706985473633 -10898 527
0.1888110637664795 -10894 529
0.1951453685760498 -10891 531
0.20079541206359863 -10887 531
0.20743751525878906 -10884 529
0.21298503875732422 -10880 533
0.21921086311340332 -10877 536
0.22594141960144043 -10874 537
0.23154211044311523 -10870 540
0.23894929885864258 -10867 542
0.24544882774353027 -10863 542
0.2508845329284668 -10860 546
0.2573668956756592 -10858 546
0.2629213333129883 -10853 549
0.26932406425476074 -10850 550
0.27582383155822754 -10846 549
0.28141045570373535 -10843 549
0.28850436210632324 -10840 548
0.29514384269714355 -10836 547
0.30051517486572266 -10832 546
0.30726027488708496 -10830 551
0.31278085708618164 -10826 552
0.31903910636901855 -10823 555
0.3257904052734375 -10819 555
0.3313727378845215 -10816 557
0.33846449851989746 -10812 557
0.345034122467041 -10809 554
0.35050463676452637 -10804 557
0.357403039932251 -10801 555
0.36293649673461914 -10798 555
0.3692033290863037 -10794 554
0.37575316429138184 -10791 553
0.38136816024780273 -10788 551
0.388843297958374 -10784 553
0.3951680660247803 -10781 554
0.4008316993713379 -10777 556
0.4073309898376465 -10774 559
0.41284871101379395 -10770 558
0.41910862922668457 -10768 555
0.4256455898284912 -10763 556
0.43118953704833984 -10760 557
0.4375598430633545 -10756 555
0.4448697566986084 -10753 557
0.4504380226135254 -10749 553
0.45720648765563965 -10746 555
0.46250104904174805 -10742 554
0.4690237045288086 -10740 556
0.4755263328552246 -10736 556
0.48095035552978516 -10732 561
0.48758888244628906 -10729 560
0.49481630325317383 -10726 561
0.5002615451812744 -10722 559
0.5071022510528564 -10719 557
0.5124015808105469 -10714 553
0.5188953876495361 -10712 554
0.5254673957824707 -10708 555
0.5356259346008301 -10702 556
0.542149543762207 -10699 557
0.5488073825836182 -10696 555
0.5551741123199463 -10691 556
0.5610551834106445 -10688 560
0.5676364898681641 -10684 559
0.5731701850891113 -10681 560
0.5794491767883301 -10678 558
0.5860519409179688 -10674 556
0.5924587249755859 -10670 554
0.5989456176757812 -10668 551
0.605445384979248 -10663 554
0.6108932495117188 -10660 553
0.6175639629364014 -10656 559
0.6231095790863037 -10653 559
0.6294972896575928 -10650 559
0.6360573768615723 -10646 557
0.6427879333496094 -10642 557
0.6490650177001953 -10640 557
0.6556425094604492 -10635 560
0.66115403175354 -10632 558
0.6675670146942139 -10628 556
0.6781535148620605 -10621 554
0.6883156299591064 -10616 553
0.6959817409515381 -10612 561
0.7055072784423828 -10606 558
0.715043306350708 -10603 559
0.721733570098877 -10598 559
0.7282872200012207 -10593 555
0.7370643615722656 -10590 556
0.7433910369873047 -10586 556
0.7499661445617676 -10582 555
0.7587985992431641 -10578 555
0.7651605606079102 -10574 555
0.7711021900177002 -10570 556
0.7788002490997314 -10567 558
0.7863941192626953 -10563 559
0.7920663356781006 -10558 561
0.802128791809082 -10554 559
0.8088283538818359 -10550 557
0.8152041435241699 -10547 554
0.8228926658630371 -10542 554
0.8292529582977295 -10538 555
0.8357908725738525 -10535 555
0.8414220809936523 -10530 558
0.8494911193847656 -10526 556
0.8572866916656494 -10524 558
0.8664417266845703 -10518 556
0.8722660541534424 -10514 559
0.8821873664855957 -10508 558
0.8909239768981934 -10504 552
0.8982000350952148 -10500 551
0.904515266418457 -10497 553
0.910163402557373 -10489 557
0.9255709648132324 -10485 559
0.931105375289917 -10479 557
0.9431428909301758 -10475 557
0.9508450031280518 -10470 557
0.9574787616729736 -10467 557
0.9663853645324707 -10462 558
0.9720525741577148 -10458 556
0.9793961048126221 -10454 554
0.986356258392334 -10449 553
0.9962482452392578 -10444 558
1.0030477046966553 -10440 559
1.0119094848632812 -10437 560
1.0181686878204346 -10434 558
1.0244591236114502 -10430 556
1.0322375297546387 -10424 556
1.0389246940612793 -10422 557
1.0456082820892334 -10418 556
1.0581855773925781 -10409 555
1.0683276653289795 -10406 554
1.076085090637207 -10401 556
1.0839662551879883 -10397 559
1.0899088382720947 -10393 562
1.096362590789795 -10389 560
1.1030628681182861 -10386 554
1.1179518699645996 -10376 553
1.126335620880127 -10372 557
1.1356868743896484 -10368 555
1.1413118839263916 -10364 556
1.1479058265686035 -10359 556
1.1574816703796387 -10354 558
1.1664073467254639 -10350 559
1.1756086349487305 -10345 559
1.1831676959991455 -10341 560
1.1921496391296387 -10336 555
1.1988167762756348 -10332 554
1.2068746089935303 -10328 555
1.2170417308807373 -10323 555
1.2223587036132812 -10318 558
1.2315573692321777 -10313 560
1.2392230033874512 -10310 558
1.247169017791748 -10306 559
1.2589704990386963 -10300 559
1.2656891345977783 -10293 555
1.2760581970214844 -10290 557
1.2817351818084717 -10286 553
1.2881443500518799 -10283 555
1.2958385944366455 -10278 555
1.3022665977478027 -10273 561
1.3113656044006348 -10270 560
1.317678689956665 -10266 563
1.323176383972168 -10263 560
1.3294258117675781 -10257 557
1.339486837387085 -10254 555
1.3462855815887451 -10250 557
1.3519632816314697 -10246 556
1.359433889389038 -10243 556
1.3660974502563477 -10240 555
1.371762990951538 -10236 557
1.377964973449707 -10233 556
1.383493423461914 -10229 558
1.3896822929382324 -10226 561
1.396359920501709 -10222 562
1.4020264148712158 -10218 560
1.409463882446289 -10215 556
1.4160490036010742 -10212 556
1.4217166900634766 -10208 555
1.4279165267944336 -10205 555
1.4334385395050049 -10202 556
1.4396932125091553 -10198 558
1.4462475776672363 -10195 556
1.453381061553955 -10190 558
1.4604392051696777 -10186 558
1.4673490524291992 -10184 560
1.472895622253418 -10179 560
1.4791343212127686 -10177 561
1.4856946468353271 -10172 559
1.4912123680114746 -10169 557
1.4975996017456055 -10166 554
1.5031538009643555 -10162 555
1.510361909866333 -10158 553
1.5170629024505615 -10156 556
1.5223743915557861 -10151 559
1.5290820598602295 -10149 558
1.535583257675171 -10144 559
1.5411438941955566 -10141 558
1.5475361347198486 -10138 559
1.5530567169189453 -10134 560
1.5603234767913818 -10131 560
1.567018985748291 -10128 557
1.5723416805267334 -10124 557
1.578779697418213 -10121 555
1.5851449966430664 -10117 555
1.5909454822540283 -10114 553
1.597391128540039 -10111 556
1.6029338836669922 -10107 559
1.610018253326416 -10103 562
1.6164195537567139 -10100 562
1.6220972537994385 -10096 560
1.6283445358276367 -10093 557
1.6348674297332764 -10090 556
1.640279769897461 -10086 558
1.6472008228302002 -10083 555
1.6524913311004639 -10079 558
1.660125732421875 -10076 554
1.666445016860962 -10072 556
1.67307710647583 -10068 556
1.6792759895324707 -10064 558
1.6858065128326416 -10061 558
1.6914000511169434 -10058 561
1.6977226734161377 -10054 562
1.7032802104949951 -10051 561
1.7109270095825195 -10046 556
1.717386245727539 -10044 553
1.7229366302490234 -10040 555
1.7292096614837646 -10036 557
1.738436222076416 -10031 556
1.7460978031158447 -10028 558
1.751755714416504 -10024 555
1.7581734657287598 -10020 558
1.7660322189331055 -10016 559
1.7717180252075195 -10013 561
1.7779285907745361 -10010 561
1.7834672927856445 -10006 559
1.7899878025054932 -10003 557
1.7964160442352295 -10000 553
1.8020825386047363 -9996 554
1.8083255290985107 -9992 552
1.815906286239624 -9988 557
1.8214678764343262 -9985 558
1.8279049396514893 -9982 558
1.8333954811096191 -9978 558
1.839656114578247 -9975 559
1.8462755680084229 -9972 559
1.8519408702850342 -9968 558
1.8581645488739014 -9964 558
1.8764023780822754 -9955 555
1.8821280002593994 -9950 554
1.891125202178955 -9946 554
1.8977470397949219 -9943 554
1.9033055305480957 -9940 560
1.912968635559082 -9934 559
1.9195454120635986 -9930 560
1.9263110160827637 -9927 557
1.9320073127746582 -9923 557
1.9394755363464355 -9918 556
1.9473702907562256 -9916 558
1.9544548988342285 -9912 556
1.9601342678070068 -9907 555
1.9700891971588135 -9902 554
1.9769184589385986 -9899 555
1.982274055480957 -9895 556
1.991058111190796 -9890 561
1.9977147579193115 -9887 560
2.003274917602539 -9884 561
2.0098962783813477 -9878 556
2.019221305847168 -9875 554
2.0257999897003174 -9872 553
2.0313878059387207 -9868 555
2.0384440422058105 -9865 557
2.046250104904175 -9860 557
2.0519134998321533 -9856 557
2.059260845184326 -9851 559
2.067856550216675 -9848 560
2.075758457183838 -9844 560
2.0813701152801514 -9839 562
2.0890486240386963 -9837 557
2.0959038734436035 -9831 556
2.1034367084503174 -9828 553
2.109956979751587 -9824 556
2.1178038120269775 -9819 557
2.126373052597046 -9816 559
2.1320908069610596 -9810 560
2.142226219177246 -9806 558
2.1499648094177246 -9802 557
2.1569254398345947 -9798 558
2.165144681930542 -9793 558
2.1720337867736816 -9790 556
2.178450107574463 -9784 555
2.1873531341552734 -9782 553
2.192923069000244 -9778 553
2.199162244796753 -9773 558
2.2075929641723633 -9770 560
2.215738296508789 -9766 561
2.222264528274536 -9761 559
2.2314836978912354 -9756 557
2.237975597381592 -9753 555
2.243917465209961 -9750 556
2.2502808570861816 -9744 555
2.259355306625366 -9741 557
2.266040325164795 -9738 555
2.2744858264923096 -9733 555
2.280357599258423 -9728 557
2.288050889968872 -9725 561
2.294475793838501 -9721 562
2.3025119304656982 -9716 559
2.3093249797821045 -9713 556
2.3160040378570557 -9708 554
2.324500799179077 -9705 556
2.3301544189453125 -9702 554
2.3369317054748535 -9698 555
2.345146417617798 -9694 555
2.3507752418518066 -9690 556
2.357321262359619 -9686 558
2.3658335208892822 -9682 558
2.372325897216797 -9678 558
2.378810405731201 -9675 562
2.3861238956451416 -9670 558
2.3939452171325684 -9666 557
2.399899482727051 -9663 554
2.4063169956207275 -9660 551
2.412014961242676 -9655 553
2.4192798137664795 -9652 558
2.427048921585083 -9648 558
2.432358980178833 -9644 560
2.4390101432800293 -9642 559
2.445539951324463 -9637 559
2.4509644508361816 -9634 557
2.4574320316314697 -9630 556
2.4629783630371094 -9627 558
2.4691972732543945 -9624 556
2.476745128631592 -9620 557
2.482224941253662 -9616 554
2.4888393878936768 -9614 555
2.4951913356781006 -9610 554
2.500908851623535 -9606 557
2.508021354675293 -9602 560
2.51387882232666 -9599 560
2.519946336746216 -9595 559
2.527552843093872 -9592 558
2.5331127643585205 -9587 556
2.543870449066162 -9582 556
2.550170421600342 -9579 556
2.55707049369812 -9576 558
2.5623741149902344 -9572 554
2.5691306591033936 -9568 556
2.5764517784118652 -9565 555
2.582125186920166 -9562 556
2.5883703231811523 -9558 559
2.594942569732666 -9554 562
2.6003506183624268 -9551 560
2.6072263717651367 -9548 561
2.612743377685547 -9544 558
2.61904239654541 -9541 555
2.6263322830200195 -9537 555
2.6320323944091797 -9534 555
2.6383070945739746 -9530 556
2.644887685775757 -9527 557
2.6503429412841797 -9524 559
2.657058000564575 -9520 559
2.6623623371124268 -9516 557
2.669071912765503 -9512 560
2.677455425262451 -9508 562
2.683018922805786 -9504 560
2.689251661300659 -9501 559
2.6959385871887207 -9498 558
2.7015492916107178 -9494 555
2.707873821258545 -9491 554
2.713393211364746 -9488 553
2.719632148742676 -9484 556
2.7274293899536133 -9480 558
2.7329864501953125 -9476 558
2.7392141819000244 -9473 561
2.7458012104034424 -9470 558
2.75138258934021 -9466 558
2.7576916217803955 -9463 558
2.763193368911743 -9460 559
2.769456624984741 -9456 559
2.776015281677246 -9453 556
2.7824625968933105 -9449 556
2.7891499996185303 -9446 553
2.7956955432891846 -9442 553
2.8012077808380127 -9439 554
2.8075995445251465 -9436 557
2.8131675720214844 -9432 559
2.8194339275360107 -9428 560
2.826256513595581 -9424 559
2.8329625129699707 -9421 558
2.8392086029052734 -9418 556
2.845918893814087 -9414 555
2.8514692783355713 -9411 557
2.8577795028686523 -9408 556
2.8633193969726562 -9404 557
2.869518518447876 -9401 555
2.876106023788452 -9398 556
2.8829121589660645 -9393 556
2.8891844749450684 -9390 559
2.89573335647583 -9386 560
2.9013209342956543 -9383 562
2.907810926437378 -9380 560
2.9133126735687256 -9376 558
2.9195220470428467 -9373 557
2.926093578338623 -9370 554
2.932857036590576 -9365 554
2.9428584575653076 -9360 554
2.9492688179016113 -9356 556
2.9562504291534424 -9353 557
2.9619321823120117 -9350 556
2.9684269428253174 -9346 555
2.975020170211792 -9343 560
2.981708288192749 -9338 561
2.9879519939422607 -9335 558
2.993475914001465 -9332 557
2.9996790885925293 -9328 553
