0 0 0
8.535385131835938e-05 -13421 0
0.010035514831542969 -13421 0
0.017920732498168945 -13420 6
0.027520418167114258 -13420 6
0.033768415451049805 -13418 94
0.04104208946228027 -13418 18
0.047780513763427734 -13417 118
0.0530703067779541 -13415 160
0.059601545333862305 -13414 183
0.06611776351928711 -13412 189
0.07154989242553711 -13411 208
0.07802343368530273 -13410 222
0.08360838890075684 -13408 243
0.09107542037963867 -13406 259
0.09795999526977539 -13405 272
0.10349917411804199 -13402 282
0.10980224609375 -13400 294
0.11635541915893555 -13399 295
0.12192773818969727 -13397 306
0.12823486328125 -13395 311
0.13384389877319336 -13393 320
0.14137506484985352 -13390 322
0.14802169799804688 -13388 328
0.15357184410095215 -13386 331
0.16387724876403809 -13383 335
0.17032337188720703 -13381 338
0.1770315170288086 -13379 338
0.18271112442016602 -13377 341
0.18934106826782227 -13374 344
0.19673562049865723 -13372 345
0.20246171951293945 -13370 347
0.20891523361206055 -13368 349
0.21543550491333008 -13366 351
0.22086644172668457 -13364 352
0.22779345512390137 -13361 352
0.23308801651000977 -13358 353
0.23958683013916016 -13356 354
0.24689912796020508 -13354 356
0.25255560874938965 -13352 357
0.2587864398956299 -13350 359
0.26508140563964844 -13348 359
0.27094435691833496 -13345 360
0.27765822410583496 -13344 361
0.2829735279083252 -13340 358
0.2894766330718994 -13338 359
0.29675865173339844 -13336 358
0.30251407623291016 -13334 356
0.3087592124938965 -13332 357
0.31510162353515625 -13330 357
0.3207356929779053 -13328 359
0.3276090621948242 -13326 359
0.3329124450683594 -13323 360
0.3393564224243164 -13320 362
0.3467233180999756 -13318 361
0.3524281978607178 -13316 361
0.3588573932647705 -13314 363
0.36540699005126953 -13312 361
0.370866060256958 -13310 360
0.3775324821472168 -13308 359
0.38289856910705566 -13304 362
0.3896059989929199 -13302 361
0.39698100090026855 -13300 362
0.40268850326538086 -13298 363
0.4089374542236328 -13296 362
0.4155106544494629 -13294 360
0.42092370986938477 -13292 359
0.4276299476623535 -13290 359
0.4329211711883545 -13287 358
0.43938446044921875 -13285 358
0.44686341285705566 -13282 359
0.45253753662109375 -13280 361
0.4588027000427246 -13278 362
0.4653773307800293 -13276 363
0.47081542015075684 -13274 362
0.4774491786956787 -13271 362
0.48279333114624023 -13268 364
0.4894530773162842 -13267 362
0.4966771602630615 -13264 361
0.5023391246795654 -13262 362
0.5087368488311768 -13260 361
0.5150556564331055 -13258 360
0.5206971168518066 -13255 362
0.527031660079956 -13253 362
0.5327153205871582 -13251 360
0.5389633178710938 -13249 361
0.5455694198608398 -13246 360
0.5521342754364014 -13244 359
0.5623111724853516 -13240 359
0.5689053535461426 -13238 360
0.5754342079162598 -13236 361
0.5810198783874512 -13233 360
0.5879251956939697 -13232 363
0.5934834480285645 -13228 364
0.6007437705993652 -13226 363
0.6070618629455566 -13224 363
0.612724781036377 -13222 365
0.6193585395812988 -13220 362
0.6257095336914062 -13217 362
0.6315522193908691 -13215 360
0.6380319595336914 -13213 360
0.6435883045196533 -13210 360
0.6507353782653809 -13208 359
0.6570994853973389 -13206 361
0.6628391742706299 -13204 360
0.6690666675567627 -13202 361
0.675631046295166 -13200 362
0.6810731887817383 -13197 362
0.6879799365997314 -13195 362
0.6935317516326904 -13192 360
0.7008419036865234 -13190 363
0.7075247764587402 -13188 363
0.7129111289978027 -13186 361
0.7193894386291504 -13184 363
0.7257459163665771 -13182 362
0.7313766479492188 -13179 364
0.7385046482086182 -13176 363
0.7440400123596191 -13174 363
0.7517886161804199 -13172 360
0.7581751346588135 -13169 359
0.7637615203857422 -13167 357
0.7700417041778564 -13165 357
0.7766540050506592 -13163 358
0.7823367118835449 -13160 358
0.7886130809783936 -13158 361
0.7944960594177246 -13156 361
0.8016870021820068 -13153 363
0.8083090782165527 -13151 362
0.8138408660888672 -13149 362
0.8200595378875732 -13147 362
0.8266394138336182 -13144 363
0.8323650360107422 -13142 362
0.8385720252990723 -13140 362
0.8444769382476807 -13138 362
0.8516819477081299 -13135 363
0.858159065246582 -13133 362
0.8637170791625977 -13131 362
0.8701434135437012 -13129 361
0.8768658638000488 -13126 360
0.882537841796875 -13124 361
0.8888142108917236 -13122 359
0.8953232765197754 -13120 360
0.9007256031036377 -13117 359
0.9082610607147217 -13115 359
0.9137957096099854 -13113 361
0.9200344085693359 -13111 363
0.9268476963043213 -13108 362
0.9325261116027832 -13106 364
0.9387862682342529 -13104 366
0.9453728199005127 -13102 365
0.9508802890777588 -13099 363
0.9583680629730225 -13096 363
0.9686183929443359 -13093 361
0.9745111465454102 -13091 360
0.9806914329528809 -13089 361
0.9876613616943359 -13087 362
0.9929733276367188 -13084 359
0.9994869232177734 -13082 360
1.0069353580474854 -13080 361
1.0126233100891113 -13078 359
1.0188751220703125 -13075 361
1.0254247188568115 -13073 361
1.0308740139007568 -13071 360
1.0375003814697266 -13069 360
1.0428664684295654 -13066 360
1.049485206604004 -13064 362
1.0566792488098145 -13062 364
1.062345027923584 -13059 365
1.0685443878173828 -13057 364
1.0740609169006348 -13055 364
1.0802679061889648 -13053 363
1.0868279933929443 -13050 361
1.0924954414367676 -13048 360
1.0987200736999512 -13046 358
1.1064388751983643 -13043 358
1.11203932762146 -13041 360
1.1183626651763916 -13039 361
1.123889684677124 -13037 361
1.1301145553588867 -13035 362
1.136845350265503 -13032 361
1.1425387859344482 -13030 363
1.1488096714019775 -13028 361
1.1550707817077637 -13025 362
1.161802053451538 -13023 361
1.168330430984497 -13021 362
1.1738977432250977 -13019 363
1.1800785064697266 -13016 362
1.1866209506988525 -13014 363
1.192319393157959 -13012 363
1.1985445022583008 -13010 364
1.2044601440429688 -13007 363
1.2115318775177002 -13005 361
1.218024730682373 -13003 361
1.2235479354858398 -13001 360
1.2299649715423584 -12998 359
1.2364661693572998 -12996 358
1.2420177459716797 -12994 359
1.2483184337615967 -12992 360
1.2538340091705322 -12990 361
1.2610893249511719 -12987 363
1.2679646015167236 -12985 364
1.2735087871551514 -12982 363
1.2797768115997314 -12980 364
1.2864902019500732 -12978 362
1.292067527770996 -12976 362
1.2983477115631104 -12974 363
1.3038976192474365 -12972 362
1.311326265335083 -12969 363
1.3178596496582031 -12967 363
1.3233509063720703 -12964 362
1.3295814990997314 -12963 361
1.3360741138458252 -12960 361
1.3415029048919678 -12958 361
1.348179578781128 -12956 360
1.3537225723266602 -12954 359
1.3640272617340088 -12949 358
1.3716588020324707 -12947 361
1.37823486328125 -12945 360
1.383803129196167 -12943 363
1.3901827335357666 -12940 363
1.396902322769165 -12938 363
1.4026072025299072 -12936 365
1.4090359210968018 -12933 364
1.4164619445800781 -12931 363
1.4220333099365234 -12929 362
1.4283735752105713 -12927 362
1.433894157409668 -12924 361
1.4401276111602783 -12922 360
1.4466917514801025 -12920 361
1.4523541927337646 -12918 360
1.458597183227539 -12916 360
1.4663231372833252 -12913 361
1.471900463104248 -12911 360
1.4782288074493408 -12909 361
1.483870029449463 -12906 361
1.490084171295166 -12904 361
1.496626853942871 -12902 362
1.502305507659912 -12900 361
1.50852632522583 -12898 362
1.5160653591156006 -12895 362
1.5215015411376953 -12893 364
1.528172492980957 -12890 364
1.5337471961975098 -12888 364
1.5399863719940186 -12886 364
1.5465342998504639 -12884 362
1.5521140098571777 -12882 359
1.5583736896514893 -12880 358
1.565720796585083 -12878 359
1.5713341236114502 -12875 358
1.5778570175170898 -12873 359
1.5833463668823242 -12870 360
1.5897579193115234 -12868 361
1.5962884426116943 -12866 362
1.60190749168396 -12864 363
1.6082181930541992 -12862 363
1.6155219078063965 -12860 363
1.6209337711334229 -12857 363
1.6275477409362793 -12855 362
1.6329612731933594 -12852 363
1.6394202709197998 -12851 362
1.6457641124725342 -12848 363
1.6516456604003906 -12846 362
1.6582062244415283 -12844 362
1.6655776500701904 -12841 362
1.6710069179534912 -12838 361
1.6777465343475342 -12837 360
1.683051347732544 -12834 360
1.6895318031311035 -12833 359
1.6960294246673584 -12830 358
1.7014696598052979 -12828 358
1.7081787586212158 -12826 359
1.715489149093628 -12823 360
1.7209250926971436 -12821 362
1.7276244163513184 -12819 363
1.7399158477783203 -12814 365
1.7465429306030273 -12812 363
1.7521376609802246 -12810 364
1.7584574222564697 -12805 361
1.769819736480713 -12803 360
1.7765653133392334 -12801 359
1.7822458744049072 -12799 362
1.7887566089630127 -12796 362
1.7950162887573242 -12794 361
1.800910472869873 -12792 361
1.8076319694519043 -12790 359
1.8129494190216064 -12786 360
1.8240242004394531 -12784 359
1.830583095550537 -12782 359
1.8369975090026855 -12779 360
1.8426930904388428 -12777 361
1.8489446640014648 -12775 363
1.8555853366851807 -12772 364
1.86100172996521 -12770 365
1.8685715198516846 -12768 364
1.8744678497314453 -12766 364
1.8803443908691406 -12763 361
1.887035608291626 -12761 361
1.8926899433135986 -12759 359
1.8989474773406982 -12757 360
1.90553879737854 -12754 359
1.9109816551208496 -12752 359
1.9186999797821045 -12750 361
1.9250085353851318 -12747 360
1.9305622577667236 -12745 362
1.9370019435882568 -12743 362
1.9427039623260498 -12741 363
1.9493529796600342 -12739 361
1.9556851387023926 -12736 362
1.9610552787780762 -12734 362
1.9678001403808594 -12732 361
1.974534273147583 -12729 363
1.9803614616394043 -12727 364
1.98691725730896 -12725 365
1.9925947189331055 -12723 365
1.9988718032836914 -12720 362
2.005448579788208 -12718 364
2.0119340419769287 -12716 361
2.0182690620422363 -12713 359
2.02561354637146 -12711 358
2.031031608581543 -12708 358
2.037750720977783 -12707 359
2.043083429336548 -12704 359
2.049787759780884 -12702 362
2.056367874145508 -12700 360
2.0619699954986572 -12698 363
2.0684590339660645 -12695 363
2.0757598876953125 -12693 362
2.0814201831817627 -12690 364
2.0879218578338623 -12688 362
2.0934767723083496 -12686 363
2.099694013595581 -12684 363
2.1062281131744385 -12682 362
2.1118040084838867 -12679 364
2.118257999420166 -12677 363
2.125643014907837 -12675 361
2.1314570903778076 -12672 362
2.1379315853118896 -12670 360
2.143493890762329 -12668 361
2.1497726440429688 -12666 358
2.156332015991211 -12664 359
2.161971092224121 -12660 359
2.172921657562256 -12657 359
2.179666042327881 -12656 360
2.186461925506592 -12652 362
2.1920669078826904 -12650 366
2.1985323429107666 -12648 364
2.204049587249756 -12646 362
2.21028208732605 -12644 363
2.2168099880218506 -12642 364
2.2234957218170166 -12639 362
2.229783058166504 -12636 360
2.236316204071045 -12634 359
2.2419044971466064 -12632 359
2.2483937740325928 -12630 361
2.2539334297180176 -12628 361
2.2601568698883057 -12626 362
2.2667086124420166 -12624 361
2.2730751037597656 -12621 360
2.2796072959899902 -12619 359
2.2861168384552 -12616 360
2.2915358543395996 -12614 361
2.2980260848999023 -12612 359
2.303598642349243 -12610 363
2.3100616931915283 -12608 362
2.316650867462158 -12606 364
2.322338342666626 -12602 362
2.3296585083007812 -12601 365
2.3362300395965576 -12598 363
2.341897964477539 -12596 361
2.3482351303100586 -12594 363
2.353756904602051 -12592 360
2.359999895095825 -12590 360
2.3666653633117676 -12588 359
2.3723671436309814 -12584 360
2.3796703815460205 -12583 359
2.3862364292144775 -12580 360
2.3919074535369873 -12578 362
2.39827299118042 -12576 360
2.4037845134735107 -12574 361
2.410029649734497 -12572 362
2.4165661334991455 -12569 363
2.4222660064697266 -12566 362
2.429513454437256 -12565 362
2.4361953735351562 -12562 362
2.4417803287506104 -12560 362
2.4481518268585205 -12558 362
2.453756093978882 -12556 365
2.4600861072540283 -12553 364
2.4666903018951416 -12551 362
2.4723706245422363 -12548 361
2.479564905166626 -12547 360
2.4862380027770996 -12544 360
2.49177885055542 -12542 358
2.4981420040130615 -12540 359
2.503744125366211 -12538 358
2.5099995136260986 -12535 360
2.5165092945098877 -12533 364
2.5220673084259033 -12531 362
2.529409170150757 -12529 363
2.5357422828674316 -12526 364
2.541391372680664 -12524 363
2.5481035709381104 -12522 364
2.553619861602783 -12519 362
2.559842109680176 -12517 363
2.5687384605407715 -12514 362
2.576737642288208 -12511 362
2.58335018157959 -12508 361
2.589780330657959 -12506 360
2.5964608192443848 -12504 361
2.602050542831421 -12502 359
2.6094439029693604 -12500 360
2.6157779693603516 -12498 358
2.621434450149536 -12495 359
2.627951145172119 -12492 360
2.635059356689453 -12490 361
2.6406877040863037 -12488 361
2.647014617919922 -12486 363
2.6526682376861572 -12484 364
2.658956289291382 -12482 364
2.6655101776123047 -12480 366
2.6710703372955322 -12476 362
2.6777727603912354 -12474 362
2.6844875812530518 -12472 361
2.690528154373169 -12470 361
2.6974337100982666 -12468 361
2.702749252319336 -12466 359
2.7089996337890625 -12464 360
2.7155892848968506 -12462 361
2.7209935188293457 -12458 360
2.727959156036377 -12456 360
2.7362217903137207 -12454 359
2.7419395446777344 -12451 361
2.7482399940490723 -12449 360
2.7538461685180664 -12447 360
2.760056257247925 -12445 362
2.766568660736084 -12443 361
2.772160530090332 -12440 363
2.7785098552703857 -12438 363
2.7862462997436523 -12436 364
2.7917823791503906 -12433 363
2.798154830932617 -12431 362
2.8037400245666504 -12429 362
2.809962034225464 -12427 362
2.8164689540863037 -12424 360
2.8220224380493164 -12422 359
2.828519344329834 -12420 359
2.8360767364501953 -12417 358
2.8415040969848633 -12415 359
2.8481791019439697 -12413 360
2.8537611961364746 -12411 360
2.8600521087646484 -12409 362
2.8665735721588135 -12406 363
2.8722527027130127 -12404 363
2.878477096557617 -12402 363
2.8857791423797607 -12400 363
2.8914599418640137 -12397 363
2.8979299068450928 -12396 362
2.9034810066223145 -12393 362
2.9098916053771973 -12390 364
2.916454792022705 -12388 362
2.9220404624938965 -12386 364
2.928330898284912 -12384 363
2.935654640197754 -12382 361
2.941046714782715 -12379 359
2.9477920532226562 -12378 359
2.9530608654022217 -12374 360
2.959674119949341 -12373 358
2.970065116882324 -12369 360
2.976842164993286 -12367 360
2.982506275177002 -12364 363
2.98978590965271 -12362 363
2.996476888656616 -12360 365
