0 0 0
8.034706115722656e-05 -2551 0
0.006156206130981445 -2550 3
0.014379024505615234 -2550 21
0.022226333618164062 -2548 23
0.030384302139282227 -2546 171
0.037688255310058594 -2544 228
0.04315042495727539 -2542 252
0.0498509407043457 -2540 362
0.055405616760253906 -2536 396
0.0616459846496582 -2534 452
0.0683748722076416 -2526 566
0.08040094375610352 -2522 594
0.08593630790710449 -2518 635
0.09231925010681152 -2514 667
0.09906196594238281 -2510 695
0.10472941398620605 -2505 710
0.11101388931274414 -2500 734
0.11753988265991211 -2496 755
0.12312436103820801 -2490 779
0.13075590133666992 -2485 795
0.13706564903259277 -2480 809
0.1426105499267578 -2475 824
0.14905142784118652 -2470 838
0.15471887588500977 -2464 846
0.16098499298095703 -2460 854
0.1675722599029541 -2454 860
0.17301440238952637 -2449 871
0.18056368827819824 -2442 878
0.1860976219177246 -2436 888
0.19260907173156738 -2431 898
0.19902539253234863 -2426 900
0.20470190048217773 -2420 905
0.21102499961853027 -2415 908
0.21758556365966797 -2409 907
0.22299742698669434 -2404 911
0.23050689697265625 -2396 919
0.23607540130615234 -2391 926
0.24230480194091797 -2385 928
0.24904179573059082 -2380 928
0.2547187805175781 -2374 930
0.26099395751953125 -2368 931
0.2675638198852539 -2363 934
0.27298712730407715 -2357 937
0.2797555923461914 -2350 941
0.2860836982727051 -2344 943
0.29233765602111816 -2338 943
0.29896998405456543 -2332 941
0.30468082427978516 -2327 943
0.31107020378112793 -2321 945
0.317629337310791 -2316 946
0.32303738594055176 -2308 951
0.3297569751739502 -2302 953
0.33611321449279785 -2296 952
0.34232640266418457 -2291 947
0.3488914966583252 -2285 947
0.3546006679534912 -2280 949
0.360842227935791 -2274 953
0.36714625358581543 -2268 956
0.3730449676513672 -2260 957
0.37995052337646484 -2254 955
0.3865835666656494 -2249 954
0.3924260139465332 -2243 951
0.3989436626434326 -2238 953
0.40459465980529785 -2232 957
0.4108102321624756 -2226 960
0.41709160804748535 -2220 960
0.4226384162902832 -2214 957
0.4295477867126465 -2207 957
0.43595147132873535 -2201 956
0.44219422340393066 -2195 955
0.44875168800354004 -2190 959
0.4544494152069092 -2184 962
0.4606952667236328 -2178 964
0.4666426181793213 -2172 959
0.4777545928955078 -2160 957
0.48499608039855957 -2153 957
0.4917638301849365 -2149 960
0.4984593391418457 -2142 962
0.5040662288665771 -2136 964
0.5105292797088623 -2130 964
0.5160787105560303 -2124 960
0.5222945213317871 -2118 957
0.5288970470428467 -2112 959
0.5355701446533203 -2105 962
0.541837215423584 -2099 964
0.5485379695892334 -2093 964
0.5541648864746094 -2088 961
0.5611567497253418 -2082 959
0.5677564144134521 -2076 957
0.5731618404388428 -2068 958
0.5798685550689697 -2064 964
0.5865309238433838 -2057 964
0.5924170017242432 -2051 962
0.598952054977417 -2045 962
0.6046514511108398 -2040 961
0.6110842227935791 -2034 957
0.617699146270752 -2028 957
0.6231112480163574 -2020 959
0.6298427581787109 -2016 964
0.6365535259246826 -2009 966
0.6428191661834717 -2003 963
0.6494824886322021 -1997 959
0.6548466682434082 -1992 959
0.661088228225708 -1986 959
0.6677415370941162 -1978 961
0.673553466796875 -1972 963
0.6800620555877686 -1966 965
0.685621976852417 -1960 962
0.6927745342254639 -1955 959
0.6991398334503174 -1949 957
0.7048084735870361 -1944 959
0.7110390663146973 -1938 963
0.7175915241241455 -1932 964
0.7230057716369629 -1924 965
0.7299156188964844 -1920 964
0.7354235649108887 -1912 962
0.742302656173706 -1907 957
0.7488315105438232 -1901 958
0.7545230388641357 -1895 964
0.7607693672180176 -1890 964
0.7670469284057617 -1884 963
0.772885799407959 -1878 962
0.7794809341430664 -1872 959
0.7848546504974365 -1864 958
0.7922260761260986 -1859 958
0.7987732887268066 -1853 962
0.8044641017913818 -1847 967
0.8107085227966309 -1841 964
0.8170292377471924 -1836 963
0.8225669860839844 -1830 961
0.8290445804595947 -1824 959
0.8347115516662598 -1816 961
0.842005729675293 -1810 962
0.8486754894256592 -1805 964
0.8543605804443359 -1799 963
0.8605706691741943 -1793 960
0.8660893440246582 -1788 956
0.874953031539917 -1778 961
0.8828964233398438 -1772 965
0.8904204368591309 -1764 965
0.8960106372833252 -1758 962
0.9027996063232422 -1753 961
0.9097671508789062 -1747 961
0.9150593280792236 -1740 958
0.9215683937072754 -1736 959
0.9281296730041504 -1728 965
0.9335665702819824 -1722 966
0.940032958984375 -1716 962
0.9471592903137207 -1710 960
0.952775239944458 -1705 957
0.9591095447540283 -1699 961
0.9647417068481445 -1693 963
0.971402645111084 -1688 963
0.9777302742004395 -1682 967
0.9831421375274658 -1674 964
0.9898898601531982 -1668 959
0.997023344039917 -1662 957
1.00258207321167 -1656 961
1.0089690685272217 -1651 965
1.0146772861480713 -1645 965
1.020960807800293 -1639 964
1.0274670124053955 -1634 963
1.0330724716186523 -1626 961
1.0398035049438477 -1620 959
1.0461599826812744 -1614 959
1.052351713180542 -1608 963
1.0588841438293457 -1603 964
1.0645477771759033 -1597 966
1.0707650184631348 -1591 964
1.07706880569458 -1586 961
1.0827829837799072 -1580 959
1.089681625366211 -1572 958
1.0960197448730469 -1566 961
1.1022911071777344 -1560 967
1.1088097095489502 -1554 965
1.114490032196045 -1549 963
1.1207094192504883 -1543 960
1.126622200012207 -1537 960
1.132563591003418 -1532 959
1.1389546394348145 -1526 961
1.1457054615020752 -1518 965
1.1521031856536865 -1512 965
1.158851146697998 -1506 964
1.1645307540893555 -1501 960
1.1707842350006104 -1495 958
1.1770625114440918 -1489 959
1.1826040744781494 -1484 961
1.1890709400177002 -1478 963
1.195760726928711 -1470 964
1.201958179473877 -1464 963
1.208653450012207 -1458 962
1.214329481124878 -1452 960
1.2205915451049805 -1447 959
1.2261192798614502 -1441 962
1.2323341369628906 -1435 964
1.2388842105865479 -1430 964
1.2445669174194336 -1422 961
1.2518305778503418 -1416 961
1.2583539485931396 -1410 960
1.2638561725616455 -1404 962
1.2703919410705566 -1395 965
1.2806026935577393 -1389 965
1.286118507385254 -1383 965
1.2927920818328857 -1376 960
1.3003840446472168 -1370 958
1.3059298992156982 -1364 960
1.3121628761291504 -1358 960
1.31870698928833 -1352 964
1.3243818283081055 -1347 964
1.3308038711547852 -1341 965
1.3371129035949707 -1335 960
1.3426616191864014 -1328 958
1.350193738937378 -1322 958
1.355760097503662 -1316 963
1.3619749546051025 -1310 964
1.368511438369751 -1304 965
1.3740935325622559 -1299 964
1.3803787231445312 -1293 962
1.3859148025512695 -1287 958
1.3923370838165283 -1282 958
1.4000778198242188 -1274 961
1.4056422710418701 -1268 965
1.4118564128875732 -1262 965
1.4185905456542969 -1256 962
1.4241995811462402 -1250 960
1.4305074214935303 -1245 958
1.4360036849975586 -1239 958
1.4422311782836914 -1233 960
1.4501285552978516 -1226 964
1.455693244934082 -1220 967
1.461961269378662 -1214 964
1.4684727191925049 -1208 960
1.4740707874298096 -1202 958
1.4804065227508545 -1197 959
1.4859685897827148 -1191 962
1.4921863079071045 -1185 962
1.4987475872039795 -1179 964
1.5054833889007568 -1172 965
1.511847972869873 -1166 958
1.518388032913208 -1160 959
1.5239720344543457 -1154 960
1.5303375720977783 -1148 961
1.535888910293579 -1143 964
1.542128562927246 -1137 965
1.5488331317901611 -1129 962
1.5570764541625977 -1124 962
1.562652826309204 -1118 957
1.5695347785949707 -1112 960
1.5748822689056396 -1106 962
1.5811026096343994 -1100 966
1.5877349376678467 -1095 967
1.5931425094604492 -1087 963
1.5998804569244385 -1081 962
1.6065313816070557 -1076 960
1.61238431930542 -1070 959
1.6189320087432861 -1064 961
1.624584436416626 -1058 965
1.6309771537780762 -1052 966
1.6375415325164795 -1046 964
1.642972469329834 -1039 960
1.6497530937194824 -1033 961
1.6559898853302002 -1028 960
1.6622288227081299 -1022 962
1.6687679290771484 -1016 962
1.6789674758911133 -1006 966
1.6846754550933838 -1000 962
1.6914079189300537 -995 958
1.697782039642334 -987 959
1.7047033309936523 -981 961
1.7110469341278076 -976 963
1.7176132202148438 -970 964
1.723053216934204 -962 962
1.7298438549041748 -958 963
1.7351176738739014 -950 960
1.741577386856079 -946 957
1.7482175827026367 -939 962
1.7546682357788086 -933 962
1.7609386444091797 -927 966
1.7674508094787598 -922 962
1.772883415222168 -916 962
1.779165506362915 -910 962
1.784855604171753 -904 961
1.7910842895507812 -898 957
1.802922010421753 -885 963
1.8105988502502441 -879 964
1.8161237239837646 -874 963
1.8223507404327393 -868 964
1.8288817405700684 -862 966
1.8345975875854492 -856 963
1.8408267498016357 -850 957
1.847106695175171 -844 959
1.8527429103851318 -837 963
1.8603322505950928 -831 966
1.8658695220947266 -825 963
1.8722844123840332 -820 961
1.8788423538208008 -814 960
1.884521484375 -808 959
1.890768051147461 -802 960
1.8970537185668945 -796 962
1.902620553970337 -789 965
1.9103102684020996 -783 965
1.915818214416504 -777 961
1.9220373630523682 -772 958
1.928708553314209 -766 959
1.9344158172607422 -760 960
1.940809965133667 -754 963
1.9470386505126953 -748 965
1.9525864124298096 -740 967
1.9601364135742188 -735 963
1.9657478332519531 -729 957
1.9719948768615723 -723 960
1.9785113334655762 -718 962
1.984088659286499 -712 965
1.9905815124511719 -706 963
1.9961140155792236 -700 960
2.002326250076294 -694 959
2.0099737644195557 -688 959
2.0155186653137207 -681 960
2.0217835903167725 -675 965
2.028386116027832 -669 965
2.033963680267334 -664 961
2.040289878845215 -658 960
2.0458695888519287 -652 960
2.0522828102111816 -646 963
2.0599474906921387 -640 964
2.065495252609253 -633 965
2.0718765258789062 -625 962
2.081092357635498 -618 960
2.088757038116455 -612 956
2.0944125652313232 -606 959
2.1008527278900146 -600 963
2.1074411869049072 -592 965
2.11438250541687 -586 966
2.120614528656006 -581 961
2.126106023788452 -575 959
2.132302761077881 -569 959
2.1388702392578125 -564 959
2.1445488929748535 -558 961
2.150826930999756 -552 966
2.1570723056793213 -544 967
2.1637909412384033 -538 961
2.1703245639801025 -533 958
2.1758880615234375 -527 957
2.1821129322052 -521 959
2.1886703968048096 -516 961
2.1943910121917725 -510 963
2.20076584815979 -504 966
2.2070295810699463 -496 962
2.213794708251953 -490 961
2.2202141284942627 -485 958
2.2258026599884033 -479 959
2.2322070598602295 -473 961
2.2387356758117676 -467 964
2.2443807125091553 -462 964
2.2506303787231445 -456 962
2.2561614513397217 -450 961
2.2637431621551514 -442 958
2.2701454162597656 -436 958
2.2756848335266113 -431 961
2.2819554805755615 -425 966
2.2886407375335693 -419 965
2.294321298599243 -414 961
2.3005237579345703 -408 962
2.3060200214385986 -402 960
2.3134422302246094 -394 960
2.3199477195739746 -390 960
2.325455904006958 -382 962
2.331857681274414 -377 964
2.338411331176758 -371 965
2.3440160751342773 -365 962
2.3505125045776367 -360 959
2.3560497760772705 -354 959
2.3634955883026123 -346 958
2.3699913024902344 -342 961
2.3755576610565186 -334 965
2.3818142414093018 -329 965
2.3883848190307617 -323 962
2.3940064907073975 -317 957
2.4003047943115234 -312 958
2.405827760696411 -306 960
2.412203788757324 -298 962
2.4199538230895996 -294 964
2.425539255142212 -286 963
2.431764841079712 -282 959
2.438300132751465 -275 958
2.444700241088867 -269 958
2.451003074645996 -264 961
2.457552671432495 -258 963
2.4631381034851074 -250 963
2.4708657264709473 -244 962
2.480238914489746 -234 959
2.4875447750091553 -229 959
2.4931328296661377 -221 958
2.500030517578125 -215 963
2.505600929260254 -210 965
2.5119619369506836 -204 965
2.519688129425049 -198 961
2.5250000953674316 -190 958
2.5316691398620605 -186 961
2.538179636001587 -179 960
2.5435962677001953 -173 959
2.5500686168670654 -167 966
2.5570926666259766 -162 963
2.5627737045288086 -154 959
2.5702311992645264 -148 959
2.5758237838745117 -142 959
2.5820770263671875 -136 959
2.5887908935546875 -131 960
2.59452486038208 -125 963
2.6007769107818604 -119 965
2.6071488857269287 -113 963
2.612790107727051 -106 959
2.620211362838745 -100 957
2.6258010864257812 -94 960
2.632071018218994 -88 964
2.638570785522461 -82 964
2.64411997795105 -77 963
2.6505913734436035 -71 961
2.6561200618743896 -65 960
2.662332057952881 -60 959
2.6700141429901123 -54 957
2.6755921840667725 -46 960
2.6818525791168213 -40 964
2.688401460647583 -34 965
2.693974494934082 -29 964
2.7002809047698975 -23 964
2.7058489322662354 -17 961
2.7121968269348145 -12 957
2.7200751304626465 -4 960
2.725642681121826 2 962
2.7318472862243652 8 967
2.738415479660034 14 965
2.744009017944336 20 961
2.75032901763916 25 959
2.755836009979248 31 959
2.7620651721954346 37 961
2.7688207626342773 42 961
2.77543568611145 50 965
2.7816548347473145 54 965
2.7881553173065186 62 964
2.7936129570007324 68 958
2.800079345703125 73 958
2.805577516555786 79 962
2.8118183612823486 85 962
2.818345069885254 91 966
2.824878692626953 98 965
2.831493377685547 102 963
2.8378117084503174 108 959
2.8434102535247803 116 960
2.850090742111206 122 961
2.8556299209594727 127 962
2.8618571758270264 133 964
2.8683769702911377 139 963
2.8748767375946045 148 961
2.8851394653320312 156 956
2.891887903213501 162 959
2.8985753059387207 168 963
2.904306173324585 174 966
2.9106812477111816 179 966
2.916569232940674 185 965
2.923734664916992 192 962
2.9301681518554688 198 962
2.9357404708862305 204 958
2.9419467449188232 210 959
2.9486162662506104 216 961
2.954197645187378 222 965
2.9605069160461426 227 965
2.966036796569824 233 963
2.9734554290771484 241 960
2.9801106452941895 246 959
2.9856326580047607 252 958
2.9918737411499023 258 962
2.998685121536255 264 966
