0 0 0
0.00014400482177734375 -14208 0
0.005503654479980469 -14208 3
0.013021707534790039 -14208 3
0.021193265914916992 -14207 7
0.0307161808013916 -14207 17
0.036351919174194336 -14206 75
0.04260516166687012 -14205 34
0.04932665824890137 -14204 97
0.05502891540527344 -14204 127
0.061302900314331055 -14202 150
0.06786394119262695 -14201 166
0.07354521751403809 -14200 173
0.08102965354919434 -14198 190
0.0865325927734375 -14197 199
0.09273314476013184 -14196 196
0.09932684898376465 -14195 205
0.10501408576965332 -14194 212
0.1112666130065918 -14192 217
0.11778831481933594 -14191 223
0.12318849563598633 -14189 230
0.1308884620666504 -14188 231
0.13644075393676758 -14186 235
0.14264678955078125 -14184 239
0.1491832733154297 -14183 242
0.1548764705657959 -14182 244
0.16126322746276855 -14180 245
0.16782736778259277 -14178 248
0.17328166961669922 -14176 249
0.18082618713378906 -14175 251
0.18639850616455078 -14174 253
0.19281291961669922 -14172 254
0.19934678077697754 -14170 256
0.205031156539917 -14169 257
0.21128392219543457 -14167 258
0.2178330421447754 -14166 260
0.22330021858215332 -14164 261
0.23082590103149414 -14162 261
0.23637866973876953 -14160 261
0.24259734153747559 -14159 261
0.24931693077087402 -14157 262
0.2549881935119629 -14156 260
0.2612111568450928 -14154 261
0.26747941970825195 -14152 260
0.27306127548217773 -14151 260
0.280658483505249 -14149 260
0.28621649742126465 -14148 259
0.2924976348876953 -14146 260
0.2991180419921875 -14144 261
0.30481624603271484 -14143 262
0.31124019622802734 -14141 263
0.31751084327697754 -14140 262
0.3231489658355713 -14138 263
0.33070921897888184 -14136 264
0.33625292778015137 -14134 264
0.34249353408813477 -14132 265
0.3490254878997803 -14131 264
0.3546328544616699 -14130 265
0.3609619140625 -14128 263
0.37108492851257324 -14125 264
0.377422571182251 -14123 263
0.3844757080078125 -14122 263
0.3909726142883301 -14120 265
0.3965167999267578 -14118 265
0.403003454208374 -14117 264
0.4094564914703369 -14115 265
0.4151313304901123 -14114 264
0.4214022159576416 -14112 265
0.4279506206512451 -14110 263
0.43486571311950684 -14108 261
0.4412665367126465 -14107 262
0.447831392288208 -14105 262
0.4532959461212158 -14104 261
0.4599294662475586 -14102 261
0.465301513671875 -14100 262
0.4715425968170166 -14099 262
0.47811055183410645 -14097 262
0.4847731590270996 -14095 264
0.49115991592407227 -14094 264
0.49745774269104004 -14092 265
0.5032041072845459 -14090 266
0.509523868560791 -14089 266
0.5152041912078857 -14087 265
0.5214846134185791 -14086 265
0.5280952453613281 -14084 265
0.5347075462341309 -14082 264
0.540961742401123 -14080 264
0.5464828014373779 -14079 264
0.5529608726501465 -14077 261
0.5594139099121094 -14076 264
0.5651116371154785 -14074 264
0.5715453624725342 -14072 263
0.5781121253967285 -14071 262
0.5848255157470703 -14069 264
0.5910825729370117 -14067 265
0.5969746112823486 -14066 264
0.6028251647949219 -14064 263
0.6095130443572998 -14062 262
0.6152200698852539 -14061 262
0.6214683055877686 -14059 263
0.6280434131622314 -14058 262
0.634598970413208 -14056 261
0.6409158706665039 -14054 263
0.6464745998382568 -14052 265
0.6526772975921631 -14051 263
0.6592016220092773 -14049 264
0.6649198532104492 -14048 263
0.6713573932647705 -14046 264
0.6779394149780273 -14044 266
0.6833927631378174 -14042 265
0.69085693359375 -14041 265
0.6963834762573242 -14039 267
0.7027859687805176 -14038 266
0.7093331813812256 -14036 263
0.7149825096130371 -14034 264
0.7212603092193604 -14033 261
0.7277982234954834 -14031 262
0.7334268093109131 -14029 262
0.7408759593963623 -14028 261
0.7464277744293213 -14026 261
0.7526059150695801 -14024 263
0.7602763175964355 -14023 263
0.7658023834228516 -14020 264
0.7761156558990479 -14018 262
0.782503604888916 -14016 265
0.7905404567718506 -14014 265
0.7960715293884277 -14013 264
0.8025262355804443 -14011 265
0.8091342449188232 -14010 265
0.8148531913757324 -14008 263
0.8210878372192383 -14006 265
0.8270082473754883 -14005 263
0.8331568241119385 -14003 263
0.8406379222869873 -14001 265
0.8462297916412354 -14000 264
0.8526768684387207 -13998 267
0.8592135906219482 -13996 264
0.864926815032959 -13995 265
0.8711850643157959 -13993 265
0.8775053024291992 -13992 265
0.8831555843353271 -13990 263
0.8905508518218994 -13988 263
0.896111249923706 -13986 262
0.9023516178131104 -13985 262
0.9090547561645508 -13983 262
0.9147360324859619 -13982 261
0.9209587574005127 -13980 261
0.9264905452728271 -13978 263
0.9327373504638672 -13977 263
0.940434455871582 -13975 263
0.9460091590881348 -13973 262
0.9522521495819092 -13972 267
0.9589531421661377 -13970 266
0.9645981788635254 -13968 265
0.9710748195648193 -13967 266
0.9770090579986572 -13965 265
0.982837438583374 -13964 264
0.9905569553375244 -13962 265
0.996121883392334 -13960 262
1.0023398399353027 -13958 262
1.0088658332824707 -13957 264
1.0144364833831787 -13955 264
1.0207552909851074 -13954 264
1.0262501239776611 -13952 263
1.032627820968628 -13950 263
1.0391547679901123 -13949 265
1.045558214187622 -13947 264
1.05204439163208 -13946 263
1.0585505962371826 -13944 263
1.0640130043029785 -13942 263
1.0704920291900635 -13940 263
1.0760717391967773 -13939 261
1.082308292388916 -13937 263
1.0890138149261475 -13936 263
1.095541000366211 -13934 262
1.1019914150238037 -13932 262
1.1085262298583984 -13930 264
1.1139400005340576 -13929 262
1.1204276084899902 -13928 265
1.1259818077087402 -13926 266
1.1322104930877686 -13924 265
1.138777732849121 -13922 266
1.1452898979187012 -13920 264
1.1519510746002197 -13919 267
1.1582279205322266 -13918 267
1.1638972759246826 -13915 264
1.1730034351348877 -13913 261
1.180720329284668 -13912 264
1.186272144317627 -13910 262
1.1938602924346924 -13908 262
1.2004756927490234 -13906 261
1.206019401550293 -13904 262
1.2124032974243164 -13903 263
1.2191250324249268 -13902 263
1.2248146533966064 -13900 263
1.231022596359253 -13898 262
1.2365326881408691 -13896 264
1.2439241409301758 -13894 263
1.2504289150238037 -13894 265
1.2559828758239746 -13891 264
1.2622318267822266 -13890 265
1.2689290046691895 -13888 264
1.2745835781097412 -13886 263
1.280895471572876 -13885 263
1.286433458328247 -13884 263
1.2926502227783203 -13881 264
1.3003716468811035 -13880 266
1.3059463500976562 -13878 265
1.3121898174285889 -13876 264
1.3187615871429443 -13875 266
1.3242685794830322 -13873 267
1.3308205604553223 -13872 265
1.336378574371338 -13870 265
1.3425805568695068 -13868 262
1.350466012954712 -13866 263
1.3560240268707275 -13865 262
1.3622839450836182 -13864 261
1.3688468933105469 -13862 260
1.3744392395019531 -13860 261
1.3807504177093506 -13859 261
1.3863041400909424 -13857 261
1.3927137851715088 -13855 263
1.4003982543945312 -13854 263
1.4059388637542725 -13852 265
1.4121723175048828 -13851 266
1.41872239112854 -13848 264
1.4242498874664307 -13847 264
1.430628776550293 -13846 263
1.4362058639526367 -13844 264
1.4424858093261719 -13842 266
1.450361728668213 -13841 264
1.4559142589569092 -13838 264
1.462172031402588 -13838 262
1.4693152904510498 -13835 266
1.4750208854675293 -13834 264
1.4814839363098145 -13832 263
1.4880900382995605 -13830 265
1.493509292602539 -13828 263
1.500988483428955 -13827 265
1.5065369606018066 -13825 265
1.5130479335784912 -13824 262
1.5194728374481201 -13822 263
1.5251688957214355 -13820 263
1.5313973426818848 -13819 262
1.5379667282104492 -13818 261
1.543403148651123 -13816 262
1.5508558750152588 -13814 260
1.5563745498657227 -13812 263
1.5626220703125 -13810 263
1.5732874870300293 -13808 263
1.5801773071289062 -13806 264
1.5854806900024414 -13804 265
1.5921506881713867 -13803 266
1.5998854637145996 -13801 265
1.6052813529968262 -13799 267
1.6119108200073242 -13798 266
1.6184444427490234 -13796 264
1.6239337921142578 -13794 265
1.6306078433990479 -13792 264
1.6361684799194336 -13791 264
1.642486810684204 -13790 263
1.6490530967712402 -13788 262
1.655524492263794 -13786 262
1.6619925498962402 -13785 262
1.6685168743133545 -13782 262
1.673949956893921 -13781 263
1.680450439453125 -13780 262
1.6860082149505615 -13778 262
1.6923797130584717 -13776 263
1.6989068984985352 -13775 264
1.7055244445800781 -13772 263
1.7119996547698975 -13772 262
1.718493938446045 -13770 264
1.7239289283752441 -13768 262
1.7304162979125977 -13767 261
1.7421071529388428 -13764 265
1.748884677886963 -13762 264
1.7562031745910645 -13760 265
1.762481451034546 -13758 265
1.7691068649291992 -13756 265
1.7748279571533203 -13754 266
1.781069278717041 -13753 265
1.7869222164154053 -13752 266
1.7927746772766113 -13750 265
1.7993736267089844 -13748 263
1.8060979843139648 -13746 262
1.812532663345337 -13744 263
1.8190720081329346 -13743 262
1.824777603149414 -13742 260
1.8310084342956543 -13740 261
1.8365342617034912 -13737 262
1.8478896617889404 -13736 263
1.8533790111541748 -13734 262
1.8608100414276123 -13732 263
1.8663480281829834 -13730 264
1.8734610080718994 -13728 264
1.880418300628662 -13727 264
1.885974645614624 -13725 265
1.892251968383789 -13724 264
1.8987843990325928 -13722 265
1.9043996334075928 -13720 265
1.9115495681762695 -13719 262
1.9181408882141113 -13717 263
1.9235541820526123 -13715 264
1.9304416179656982 -13714 263
1.936021089553833 -13712 263
1.942265510559082 -13710 265
1.9488060474395752 -13709 265
1.9544129371643066 -13707 266
1.961547613143921 -13706 265
1.9681296348571777 -13703 262
1.9781765937805176 -13701 263
1.9839837551116943 -13699 263
1.9907677173614502 -13698 262
1.9963371753692627 -13696 261
2.0028083324432373 -13694 261
2.0104782581329346 -13692 261
2.0160698890686035 -13691 261
2.022343397140503 -13689 262
2.029465913772583 -13688 261
2.0351457595825195 -13686 264
2.0414035320281982 -13684 264
2.0480146408081055 -13683 265
2.0535593032836914 -13681 264
2.060955047607422 -13679 264
2.066495418548584 -13678 266
2.0727429389953613 -13676 265
2.0793161392211914 -13674 265
2.0849905014038086 -13673 265
2.0912156105041504 -13671 264
2.097491502761841 -13670 264
2.1032283306121826 -13668 262
2.110867977142334 -13666 263
2.1164088249206543 -13664 263
2.1227121353149414 -13663 263
2.1294732093811035 -13661 264
2.1351568698883057 -13660 263
2.1414120197296143 -13658 261
2.1479721069335938 -13656 263
2.1533846855163574 -13655 262
2.1609106063842773 -13653 262
2.1664321422576904 -13651 261
2.1728200912475586 -13650 262
2.1793410778045654 -13648 263
2.1849963665008545 -13646 263
2.1912808418273926 -13645 263
2.197801351547241 -13644 262
2.2032275199890137 -13642 266
2.2106246948242188 -13640 263
2.2162532806396484 -13638 265
2.2225048542022705 -13636 264
2.2292838096618652 -13635 265
2.2349753379821777 -13633 267
2.2412140369415283 -13632 265
2.2475507259368896 -13630 265
2.2531778812408447 -13628 264
2.259976863861084 -13626 262
2.2663722038269043 -13625 264
2.2725822925567627 -13623 263
2.279186248779297 -13622 261
2.284883737564087 -13620 261
2.2912662029266357 -13618 263
2.2978110313415527 -13617 261
2.3032383918762207 -13616 262
2.3098974227905273 -13613 262
2.3163719177246094 -13612 264
2.3225808143615723 -13610 263
2.3291525840759277 -13608 263
2.3348958492279053 -13607 264
2.3412153720855713 -13606 263
2.347489595413208 -13604 263
2.3532769680023193 -13602 264
2.3599274158477783 -13600 264
2.3663432598114014 -13598 263
2.376516103744507 -13596 264
2.3830103874206543 -13594 265
2.3901305198669434 -13593 264
2.3954362869262695 -13590 263
2.40208101272583 -13590 265
2.4087295532226562 -13588 266
2.415269613265991 -13586 265
2.421518564224243 -13584 264
2.4281086921691895 -13582 264
2.4335453510284424 -13580 264
2.4403114318847656 -13580 263
2.44585919380188 -13578 262
2.452078342437744 -13576 260
2.4585928916931152 -13574 260
2.465053081512451 -13573 261
2.471463918685913 -13571 261
2.47804856300354 -13570 260
2.483455181121826 -13568 261
2.490208625793457 -13566 264
2.4954824447631836 -13564 264
2.50197696685791 -13563 264
2.5084893703460693 -13561 264
2.513941526412964 -13560 266
2.521369457244873 -13558 265
2.5278985500335693 -13556 265
2.533541679382324 -13554 264
2.540266990661621 -13553 264
2.545563220977783 -13551 265
2.552112102508545 -13550 264
2.5586791038513184 -13548 263
2.564244508743286 -13546 263
2.571410655975342 -13545 263
2.5779707431793213 -13543 264
2.5833919048309326 -13542 263
2.590305805206299 -13540 264
2.5958337783813477 -13538 263
2.6021246910095215 -13537 263
2.6086630821228027 -13535 264
2.6142055988311768 -13533 262
2.6212971210479736 -13532 261
2.6278445720672607 -13530 261
2.633294105529785 -13528 262
2.63981032371521 -13527 262
2.645254373550415 -13525 262
2.6519765853881836 -13524 261
2.658456563949585 -13522 263
2.663933038711548 -13520 264
2.67118501663208 -13518 263
2.6775364875793457 -13517 264
2.6831493377685547 -13515 266
2.689516544342041 -13514 267
2.6951842308044434 -13512 266
2.7014448642730713 -13510 265
2.7080254554748535 -13509 265
2.7138171195983887 -13507 264
2.721092939376831 -13505 263
2.7270262241363525 -13504 263
2.732959270477295 -13502 262
2.7394556999206543 -13500 263
2.7451231479644775 -13499 263
2.751406669616699 -13497 264
2.7588632106781006 -13495 262
2.7644808292388916 -13493 261
2.7719790935516357 -13490 263
2.7823891639709473 -13489 264
2.7890937328338623 -13487 262
2.794788122177124 -13486 262
2.80114483833313 -13484 264
2.807436466217041 -13482 263
2.812999725341797 -13481 263
2.8206138610839844 -13479 263
2.826221227645874 -13477 264
2.8326103687286377 -13476 265
2.8391685485839844 -13474 263
2.844888210296631 -13472 265
2.8511850833892822 -13471 264
2.8574979305267334 -13469 267
2.8632140159606934 -13468 267
2.869898796081543 -13466 266
2.876336097717285 -13464 265
2.8825719356536865 -13462 264
2.889286518096924 -13461 263
2.894972801208496 -13459 264
2.901214599609375 -13458 262
2.9075639247894287 -13456 261
2.9133973121643066 -13454 261
2.920126438140869 -13452 262
2.9264132976531982 -13451 261
2.9327239990234375 -13449 261
2.9392640590667725 -13448 262
2.944962739944458 -13446 264
2.951366901397705 -13444 262
2.957923412322998 -13443 263
2.9633877277374268 -13441 264
2.9700820446014404 -13439 264
2.976353645324707 -13438 264
2.982576847076416 -13436 265
2.9891650676727295 -13434 264
2.994863986968994 -13433 264
