0 0 0
0.005504 0 3
0.013022 0 3
0.021193 1 7
0.030716 1 17
0.036352 2 75
0.042605 3 34
0.049327 4 97
0.055029 4 127
0.061303 6 150
0.067864 7 166
0.073545 8 173
0.081030 10 190
0.086533 11 199
0.092733 12 196
0.099327 13 205
0.105014 14 212
0.111267 16 217
0.117788 17 223
0.123188 19 230
0.130888 20 231
0.136441 22 235
0.142647 24 239
0.149183 25 242
0.154876 26 244
0.161263 28 245
0.167827 30 248
0.173282 32 249
0.180826 33 251
0.186399 34 253
0.192813 36 254
0.199347 38 256
0.205031 39 257
0.211284 41 258
0.217833 42 260
0.223300 44 261
0.230826 46 261
0.236379 48 261
0.242597 49 261
0.249317 51 262
0.254988 52 260
0.261211 54 261
0.267479 56 260
0.273061 57 260
0.280658 59 260
0.286216 60 259
0.292498 62 260
0.299118 64 261
0.304816 65 262
0.311240 67 263
0.317511 68 262
0.323149 70 263
0.330709 72 264
0.336253 74 264
0.342494 76 265
0.349025 77 264
0.354633 78 265
0.360962 80 263
0.371085 83 264
0.377423 85 263
0.384476 86 263
0.390973 88 265
0.396517 90 265
0.403003 91 264
0.409456 93 265
0.415131 94 264
0.421402 96 265
0.427951 98 263
0.434866 100 261
0.441267 101 262
0.447831 103 262
0.453296 104 261
0.459929 106 261
0.465302 108 262
0.471543 109 262
0.478111 111 262
0.484773 113 264
0.491160 114 264
0.497458 116 265
0.503204 118 266
0.509524 119 266
0.515204 121 265
0.521485 122 265
0.528095 124 265
0.534708 126 264
0.540962 128 264
0.546483 129 264
0.552961 131 261
0.559414 132 264
0.565112 134 264
0.571545 136 263
0.578112 137 262
0.584826 139 264
0.591083 141 265
0.596975 142 264
0.602825 144 263
0.609513 146 262
0.615220 147 262
0.621468 149 263
0.628043 150 262
0.634599 152 261
0.640916 154 263
0.646475 156 265
0.652677 157 263
0.659202 159 264
0.664920 160 263
0.671357 162 264
0.677939 164 266
0.683393 166 265
0.690857 167 265
0.696383 169 267
0.702786 170 266
0.709333 172 263
0.714983 174 264
0.721260 175 261
0.727798 177 262
0.733427 179 262
0.740876 180 261
0.746428 182 261
0.752606 184 263
0.760276 185 263
0.765802 188 264
0.776116 190 262
0.782504 192 265
0.790540 194 265
0.796072 195 264
0.802526 197 265
0.809134 198 265
0.814853 200 263
0.821088 202 265
0.827008 203 263
0.833157 205 263
0.840638 207 265
0.846230 208 264
0.852677 210 267
0.859214 212 264
0.864927 213 265
0.871185 215 265
0.877505 216 265
0.883156 218 263
0.890551 220 263
0.896111 222 262
0.902352 223 262
0.909055 225 262
0.914736 226 261
0.920959 228 261
0.926491 230 263
0.932737 231 263
0.940434 233 263
0.946009 235 262
0.952252 236 267
0.958953 238 266
0.964598 240 265
0.971075 241 266
0.977009 243 265
0.982837 244 264
0.990557 246 265
0.996122 248 262
1.002340 250 262
1.008866 251 264
1.014436 253 264
1.020755 254 264
1.026250 256 263
1.032628 258 263
1.039155 259 265
1.045558 261 264
1.052044 262 263
1.058551 264 263
1.064013 266 263
1.070492 268 263
1.076072 269 261
1.082308 271 263
1.089014 272 263
1.095541 274 262
1.101991 276 262
1.108526 278 264
1.113940 279 262
1.120428 280 265
1.125982 282 266
1.132210 284 265
1.138778 286 266
1.145290 288 264
1.151951 289 267
1.158228 290 267
1.163897 293 264
1.173003 295 261
1.180720 296 264
1.186272 298 262
1.193860 300 262
1.200476 302 261
1.206019 304 262
1.212403 305 263
1.219125 306 263
1.224815 308 263
1.231023 310 262
1.236533 312 264
1.243924 314 263
1.250429 314 265
1.255983 317 264
1.262232 318 265
1.268929 320 264
1.274584 322 263
1.280895 323 263
1.286433 324 263
1.292650 327 264
1.300372 328 266
1.305946 330 265
1.312190 332 264
1.318762 333 266
1.324269 335 267
1.330821 336 265
1.336379 338 265
1.342581 340 262
1.350466 342 263
1.356024 343 262
1.362284 344 261
1.368847 346 260
1.374439 348 261
1.380750 349 261
1.386304 351 261
1.392714 353 263
1.400398 354 263
1.405939 356 265
1.412172 357 266
1.418722 360 264
1.424250 361 264
1.430629 362 263
1.436206 364 264
1.442486 366 266
1.450362 367 264
1.455914 370 264
1.462172 370 262
1.469315 373 266
1.475021 374 264
1.481484 376 263
1.488090 378 265
1.493509 380 263
1.500988 381 265
1.506537 383 265
1.513048 384 262
1.519473 386 263
1.525169 388 263
1.531397 389 262
1.537967 390 261
1.543403 392 262
1.550856 394 260
1.556375 396 263
1.562622 398 263
1.573287 400 263
1.580177 402 264
1.585481 404 265
1.592151 405 266
1.599885 407 265
1.605281 409 267
1.611911 410 266
1.618444 412 264
1.623934 414 265
1.630608 416 264
1.636168 417 264
1.642487 418 263
1.649053 420 262
1.655524 422 262
1.661993 423 262
1.668517 426 262
1.673950 427 263
1.680450 428 262
1.686008 430 262
1.692380 432 263
1.698907 433 264
1.705524 436 263
1.712000 436 262
1.718494 438 264
1.723929 440 262
1.730416 441 261
1.742107 444 265
1.748885 446 264
1.756203 448 265
1.762481 450 265
1.769107 452 265
1.774828 454 266
1.781069 455 265
1.786922 456 266
1.792775 458 265
1.799374 460 263
1.806098 462 262
1.812533 464 263
1.819072 465 262
1.824778 466 260
1.831008 468 261
1.836534 471 262
1.847890 472 263
1.853379 474 262
1.860810 476 263
1.866348 478 264
1.873461 480 264
1.880418 481 264
1.885975 483 265
1.892252 484 264
1.898784 486 265
1.904400 488 265
1.911550 489 262
1.918141 491 263
1.923554 493 264
1.930442 494 263
1.936021 496 263
1.942266 498 265
1.948806 499 265
1.954413 501 266
1.961548 502 265
1.968130 505 262
1.978177 507 263
1.983984 509 263
1.990768 510 262
1.996337 512 261
2.002808 514 261
2.010478 516 261
2.016070 517 261
2.022343 519 262
2.029466 520 261
2.035146 522 264
2.041404 524 264
2.048015 525 265
2.053559 527 264
2.060955 529 264
2.066495 530 266
2.072743 532 265
2.079316 534 265
2.084991 535 265
2.091216 537 264
2.097492 538 264
2.103228 540 262
2.110868 542 263
2.116409 544 263
2.122712 545 263
2.129473 547 264
2.135157 548 263
2.141412 550 261
2.147972 552 263
2.153385 553 262
2.160911 555 262
2.166432 557 261
2.172820 558 262
2.179341 560 263
2.184996 562 263
2.191281 563 263
2.197801 564 262
2.203228 566 266
2.210625 568 263
2.216253 570 265
2.222505 572 264
2.229284 573 265
2.234975 575 267
2.241214 576 265
2.247551 578 265
2.253178 580 264
2.259977 582 262
2.266372 583 264
2.272582 585 263
2.279186 586 261
2.284884 588 261
2.291266 590 263
2.297811 591 261
2.303238 592 262
2.309897 595 262
2.316372 596 264
2.322581 598 263
2.329153 600 263
2.334896 601 264
2.341215 602 263
2.347490 604 263
2.353277 606 264
2.359927 608 264
2.366343 610 263
2.376516 612 264
2.383010 614 265
2.390131 615 264
2.395436 618 263
2.402081 618 265
2.408730 620 266
2.415270 622 265
2.421519 624 264
2.428109 626 264
2.433545 628 264
2.440311 628 263
2.445859 630 262
2.452078 632 260
2.458593 634 260
2.465053 635 261
2.471464 637 261
2.478049 638 260
2.483455 640 261
2.490209 642 264
2.495482 644 264
2.501977 645 264
2.508489 647 264
2.513942 648 266
2.521369 650 265
2.527899 652 265
2.533542 654 264
2.540267 655 264
2.545563 657 265
2.552112 658 264
2.558679 660 263
2.564245 662 263
2.571411 663 263
2.577971 665 264
2.583392 666 263
2.590306 668 264
2.595834 670 263
2.602125 671 263
2.608663 673 264
2.614206 675 262
2.621297 676 261
2.627845 678 261
2.633294 680 262
2.639810 681 262
2.645254 683 262
2.651977 684 261
2.658457 686 263
2.663933 688 264
2.671185 690 263
2.677536 691 264
2.683149 693 266
2.689517 694 267
2.695184 696 266
2.701445 698 265
2.708025 699 265
2.713817 701 264
2.721093 703 263
2.727026 704 263
2.732959 706 262
2.739456 708 263
2.745123 709 263
2.751407 711 264
2.758863 713 262
2.764481 715 261
2.771979 718 263
2.782389 719 264
2.789094 721 262
2.794788 722 262
2.801145 724 264
2.807436 726 263
2.813000 727 263
2.820614 729 263
2.826221 731 264
2.832610 732 265
2.839169 734 263
2.844888 736 265
2.851185 737 264
2.857498 739 267
2.863214 740 267
2.869899 742 266
2.876336 744 265
2.882572 746 264
2.889287 747 263
2.894973 749 264
2.901215 750 262
2.907564 752 261
2.913397 754 261
2.920126 756 262
2.926413 757 261
2.932724 759 261
2.939264 760 262
2.944963 762 264
2.951367 764 262
2.957923 765 263
2.963388 767 264
2.970082 769 264
2.976354 770 264
2.982577 772 265
2.989165 774 264
2.994864 775 264
