0 0 0
0.008870 0 0
0.016944 0 0
0.025131 0 0
0.031980 0 0
0.037257 0 2
0.043895 0 2
0.050533 1 6
0.056144 1 6
0.062477 1 13
0.068079 1 13
0.075294 2 23
0.082013 2 23
0.087305 2 41
0.093765 3 46
0.100313 3 50
0.105836 3 50
0.112471 4 57
0.118038 4 58
0.125663 5 58
0.132213 5 60
0.137772 5 60
0.144005 5 61
0.150548 6 63
0.156116 7 63
0.162529 7 63
0.168096 7 63
0.175719 8 66
0.182288 8 65
0.187860 9 65
0.194113 9 67
0.200662 9 67
0.206250 10 66
0.212591 10 67
0.218104 11 68
0.225331 11 67
0.232277 11 67
0.237816 12 68
0.244088 13 68
0.250780 13 68
0.256347 13 68
0.262710 14 68
0.268240 14 68
0.275717 15 68
0.282224 15 69
0.287690 15 69
0.294137 16 68
0.300724 16 69
0.306307 17 68
0.312602 17 68
0.318125 17 69
0.325377 18 69
0.332135 18 69
0.337440 19 70
0.343951 19 70
0.350586 20 68
0.356142 20 69
0.362521 21 68
0.368119 21 68
0.375235 21 68
0.382149 22 69
0.387684 22 69
0.393974 23 69
0.403192 23 69
0.410991 24 69
0.416672 24 69
0.423054 25 70
0.430829 25 70
0.436405 26 69
0.442744 26 70
0.448302 27 70
0.454515 27 69
0.461065 27 69
0.466804 28 70
0.473242 29 69
0.480781 29 69
0.486376 29 70
0.492684 29 70
0.498254 30 70
0.504460 31 70
0.511167 31 69
0.516832 31 69
0.523094 32 69
0.530826 32 70
0.536392 33 71
0.542685 33 71
0.548236 33 71
0.554448 34 71
0.561049 35 70
0.566765 35 70
0.573018 35 70
0.580527 36 69
0.586056 36 70
0.592606 37 70
0.598084 37 69
0.604347 37 70
0.610881 38 70
0.616585 38 70
0.622832 39 71
0.630325 39 71
0.635795 40 70
0.642466 40 70
0.647995 41 70
0.654379 41 70
0.660914 41 70
0.666497 42 70
0.672893 42 69
0.680371 43 69
0.685820 43 69
0.692298 43 69
0.697823 44 69
0.704092 45 69
0.710798 45 70
0.716354 45 70
0.722668 46 69
0.728169 46 70
0.735273 47 70
0.741959 47 69
0.747277 47 69
0.753745 48 70
0.760097 48 70
0.765716 49 71
0.772367 49 71
0.777920 50 69
0.785033 50 70
0.791417 51 69
0.797092 51 69
0.807242 52 70
0.813884 52 70
0.821253 53 69
0.826965 53 69
0.834504 54 70
0.841058 54 70
0.846723 55 69
0.852942 55 70
0.858823 55 70
0.864650 56 70
0.871218 56 71
0.876866 57 71
0.884082 57 70
0.890795 57 70
0.896355 58 68
0.902860 59 68
0.908376 59 69
0.914621 59 69
0.921158 60 69
0.926827 60 70
0.934124 61 69
0.940714 61 69
0.946310 61 69
0.952775 62 69
0.958326 62 70
0.964529 63 70
0.971087 63 70
0.976795 63 71
0.984082 64 70
0.990682 65 69
0.996269 65 69
1.002567 65 69
1.008118 66 69
1.014475 66 70
1.021044 67 69
1.026686 67 69
1.033101 68 70
1.043157 68 70
1.050393 69 71
1.055810 69 71
1.062271 69 70
1.067808 70 70
1.074214 71 70
1.080714 71 70
1.087216 71 70
1.093439 72 70
1.100086 72 70
1.105709 73 70
1.112203 73 70
1.117438 73 70
1.123888 74 70
1.130567 75 69
1.137155 75 71
1.143397 75 71
1.149953 76 70
1.155358 76 70
1.162263 77 71
1.167773 77 70
1.173981 77 70
1.180469 78 71
1.186030 79 71
1.193386 79 71
1.199973 79 70
1.210130 80 70
1.216016 81 69
1.222630 81 69
1.228133 81 69
1.234490 82 70
1.242237 82 69
1.247722 83 70
1.254117 83 70
1.260646 83 70
1.266135 84 70
1.272560 85 69
1.278113 85 70
1.284304 85 70
1.292131 86 69
1.297443 86 70
1.304245 87 69
1.311015 87 69
1.316669 87 69
1.323054 88 68
1.329344 88 68
1.335234 89 69
1.342772 89 69
1.348305 90 68
1.354691 90 69
1.361220 91 69
1.366867 91 69
1.373264 91 69
1.379806 92 69
1.385244 92 69
1.392745 93 70
1.398287 93 70
1.404519 94 70
1.411035 94 70
1.416703 95 69
1.423105 95 69
1.429397 95 69
1.435200 96 68
1.442745 96 68
1.448262 97 69
1.454489 97 69
1.461043 97 69
1.466689 98 69
1.472935 98 69
1.478840 99 70
1.484840 99 70
1.492412 100 69
1.498003 100 70
1.504240 101 70
1.510746 101 70
1.516325 101 70
1.522626 102 70
1.528139 102 69
1.534393 103 69
1.540919 103 69
1.547408 104 69
1.554094 104 70
1.560696 105 69
1.566298 105 70
1.572605 105 70
1.578115 106 70
1.584348 106 70
1.590945 107 70
1.597440 107 69
1.607410 108 70
1.614188 108 70
1.620860 109 70
1.626464 109 71
1.632922 109 69
1.638437 110 70
1.645885 111 69
1.652371 111 69
1.657902 111 69
1.664119 112 69
1.670849 112 69
1.676393 113 69
1.682847 113 69
1.688357 113 70
1.695781 114 70
1.702301 114 69
1.707924 115 70
1.714192 115 70
1.720705 116 69
1.726279 116 70
1.732755 117 70
1.738314 117 70
1.744526 117 70
1.752257 118 70
1.757834 119 69
1.764061 119 69
1.770604 119 69
1.776108 120 69
1.782497 120 70
1.794344 121 69
1.802141 121 69
1.807438 122 70
1.814108 122 70
1.821338 123 71
1.827022 123 71
1.833259 123 71
1.839803 124 70
1.845245 125 70
1.852913 125 69
1.858798 125 69
1.864639 126 69
1.871212 126 69
1.876849 127 69
1.883081 127 69
1.889342 127 70
1.894872 128 69
1.905052 129 70
1.912986 129 70
1.918909 129 70
1.924824 130 70
1.931262 131 70
1.936928 131 69
1.943312 131 69
1.950804 132 69
1.956395 132 69
1.962714 133 69
1.968249 133 69
1.974619 133 69
1.981194 134 69
1.986877 134 68
1.993103 135 69
1.999366 135 69
2.010781 136 69
2.016376 137 70
2.022842 137 68
2.028384 137 68
2.035027 138 70
2.041369 138 69
2.047057 139 70
2.054411 139 71
2.061956 139 71
2.067288 140 69
2.073940 140 69
2.080427 141 68
2.085854 141 68
2.092521 142 69
2.098101 142 69
2.105237 143 70
2.111853 143 69
2.117224 143 69
2.123677 144 70
2.129991 144 69
2.135403 145 70
2.142132 145 70
2.147403 145 70
2.155094 146 70
2.161423 147 70
2.167074 147 70
2.173341 147 70
2.179929 148 70
2.185351 148 69
2.192103 149 69
2.197378 149 70
2.204937 149 70
2.211823 150 70
2.217159 151 70
2.223382 151 69
2.229964 151 69
2.235385 152 69
2.242144 152 69
2.247418 153 70
2.254604 153 70
2.261240 153 71
2.266966 154 71
2.273368 154 69
2.279924 155 69
2.285353 155 69
2.292094 155 68
2.297414 156 69
2.303889 157 69
2.311231 157 69
2.316933 157 69
2.323197 158 70
2.329737 158 69
2.335371 159 70
2.342131 159 70
2.347395 159 70
2.353893 160 70
2.361261 161 69
2.366968 161 69
2.373254 161 69
2.379772 162 69
2.385227 162 68
2.392118 163 69
2.397386 163 68
2.403838 164 68
2.414526 164 69
2.421194 165 68
2.426845 165 69
2.433227 165 69
2.439805 166 69
2.445366 167 69
2.452269 167 68
2.459355 167 68
2.465178 168 69
2.471853 168 69
2.477228 169 69
2.483717 169 69
2.490036 169 69
2.495663 170 69
2.502154 170 69
2.507438 171 69
2.514844 171 69
2.521281 171 69
2.526962 172 69
2.533198 173 69
2.539700 173 69
2.545144 173 69
2.551440 173 70
2.557105 174 69
2.564373 175 69
2.571077 175 70
2.576758 175 70
2.583054 176 69
2.589349 176 70
2.595176 177 69
2.601857 177 69
2.607226 178 70
2.614514 178 68
2.621046 179 69
2.626685 179 69
2.633050 179 69
2.639340 180 69
2.644895 180 69
2.651331 181 69
2.657005 181 69
2.664251 181 69
2.670789 182 69
2.676363 183 70
2.682654 183 70
2.688182 183 70
2.694573 184 71
2.701153 184 71
2.706844 185 69
2.714118 185 69
2.720827 185 69
2.726420 186 68
2.732717 186 68
2.738266 187 68
2.744491 187 68
2.751195 187 69
2.756867 188 69
2.764153 189 69
2.770679 189 70
2.776255 189 70
2.782588 190 69
2.788126 190 70
2.794359 191 69
2.800922 191 69
2.806580 192 69
2.818418 192 70
2.824916 193 69
2.831786 193 69
2.837141 194 69
2.843771 194 70
2.850100 195 69
2.855891 195 70
2.862350 195 70
2.869349 196 69
2.875175 196 70
2.881818 197 69
2.887149 197 69
2.893391 197 70
2.900012 198 70
2.905406 199 69
2.912154 199 70
2.918854 199 70
2.924707 200 69
2.931408 200 69
2.937053 201 69
2.943314 201 69
2.949869 201 69
2.955310 202 69
2.962016 203 69
2.968324 203 69
2.974552 203 69
2.981256 204 69
2.986964 204 69
2.993400 205 69
2.999969 205 69
