0 0 0
0.007212 0 2
0.015390 1 7
0.022501 2 47
0.030892 3 20
0.036291 5 159
0.043935 6 196
0.050326 7 201
0.056005 9 225
0.062284 11 256
0.068834 12 282
0.074275 14 290
0.081186 16 309
0.086497 19 325
0.093658 21 345
0.100369 23 357
0.106079 25 369
0.112337 28 380
0.118901 30 386
0.124312 33 393
0.130943 35 398
0.136297 38 403
0.143558 41 409
0.150141 43 412
0.155821 46 416
0.162272 49 422
0.168818 51 425
0.174254 54 430
0.180889 56 434
0.186250 60 434
0.193499 63 440
0.200079 65 441
0.205772 68 443
0.212179 71 446
0.218448 73 446
0.224309 76 448
0.230940 79 448
0.236367 82 448
0.243632 85 447
0.250174 87 448
0.255870 90 448
0.262181 93 450
0.268756 96 454
0.274147 99 454
0.280934 101 457
0.286299 104 457
0.293617 107 458
0.300195 110 457
0.305905 113 457
0.312134 116 455
0.318407 119 455
0.323969 121 455
0.330390 124 457
0.336075 127 456
0.343605 132 456
0.353807 135 454
0.360484 138 455
0.366167 141 458
0.372827 143 458
0.379197 146 460
0.384856 149 463
0.391313 153 461
0.398395 155 461
0.404222 158 457
0.410900 161 458
0.416244 163 457
0.422476 166 457
0.429114 169 457
0.434538 173 457
0.441280 175 458
0.448010 178 458
0.453925 181 459
0.460501 183 458
0.466200 186 457
0.472929 189 459
0.479450 193 461
0.484904 195 462
0.491406 198 462
0.498542 201 460
0.504174 204 456
0.510507 207 458
0.516183 210 456
0.522850 212 457
0.529202 215 459
0.534850 219 457
0.541333 220 461
0.548419 224 460
0.554024 227 461
0.560461 229 461
0.566123 232 459
0.572378 235 459
0.578961 238 461
0.584525 241 460
0.591245 243 463
0.597517 247 459
0.604203 250 458
0.610542 253 456
0.616208 255 455
0.622431 258 457
0.628978 261 457
0.634395 265 461
0.641340 266 460
0.647493 270 462
0.653728 273 464
0.660273 275 462
0.665986 278 460
0.672263 281 461
0.678825 284 459
0.684278 287 460
0.690886 289 461
0.696270 293 459
0.703676 297 460
0.711332 299 456
0.716848 302 455
0.723111 304 459
0.729825 308 458
0.735439 311 461
0.741808 315 463
0.752499 318 463
0.759076 321 463
0.764973 324 461
0.771625 327 459
0.777174 330 456
0.783592 333 458
0.790129 335 458
0.795797 339 458
0.803148 341 460
0.809829 345 458
0.815423 347 459
0.821895 350 460
0.827413 353 460
0.833618 355 461
0.840189 358 461
0.845900 361 462
0.853220 365 462
0.859951 367 462
0.865579 370 459
0.871939 373 457
0.877481 376 455
0.884015 379 456
0.890435 381 457
0.896142 384 458
0.903466 388 461
0.910091 391 461
0.915785 393 462
0.922039 396 459
0.927907 399 460
0.933763 401 461
0.940512 404 461
0.946183 407 461
0.953521 411 460
0.960146 413 459
0.965849 416 460
0.972075 419 456
0.977994 422 456
0.983975 425 457
0.990879 427 455
0.996244 431 461
1.003588 434 460
1.010230 437 462
1.015918 439 464
1.022141 442 460
1.028413 445 460
1.034256 447 459
1.040884 450 460
1.046257 453 459
1.052471 457 459
1.060276 459 458
1.065968 462 459
1.072206 465 457
1.078486 468 458
1.084120 471 457
1.090456 473 457
1.096175 476 459
1.102419 480 461
1.110048 483 463
1.115752 485 462
1.122140 488 461
1.128433 491 462
1.133972 493 458
1.140403 496 458
1.146065 501 456
1.157094 505 459
1.163482 507 458
1.170202 510 458
1.175890 513 459
1.182459 515 459
1.189078 518 458
1.194481 522 461
1.201231 524 459
1.207530 527 461
1.213757 530 462
1.220318 533 461
1.225970 536 462
1.232234 539 460
1.238801 541 458
1.244395 545 458
1.251290 547 455
1.257431 551 458
1.263677 553 459
1.270262 556 460
1.275962 559 464
1.282196 561 460
1.288444 564 460
1.294001 567 460
1.300939 570 460
1.306311 573 461
1.313556 576 459
1.320119 579 459
1.325846 582 458
1.332068 585 458
1.337979 587 457
1.343808 590 457
1.350323 593 455
1.356020 597 458
1.363421 599 460
1.369916 602 461
1.375497 605 462
1.381972 607 464
1.387496 610 462
1.393708 613 460
1.400305 616 458
1.405968 619 460
1.413246 622 458
1.419928 625 458
1.425544 628 459
1.431847 631 458
1.437370 633 458
1.443625 636 457
1.450145 639 458
1.455853 641 461
1.463163 644 460
1.469745 648 463
1.475341 651 463
1.481846 653 462
1.487385 657 463
1.493598 659 461
1.500156 662 458
1.505862 665 458
1.513345 668 457
1.519879 671 458
1.525486 674 458
1.531807 677 458
1.537342 679 460
1.543712 682 460
1.553947 687 460
1.560782 690 460
1.567287 693 460
1.573675 696 460
1.580436 699 463
1.586088 701 463
1.592354 704 460
1.598904 707 459
1.604505 711 457
1.611258 713 456
1.617455 716 457
1.623688 719 457
1.630250 721 461
1.635933 725 461
1.642360 727 462
1.648873 730 460
1.654305 733 463
1.661192 736 461
1.667911 739 460
1.673742 742 458
1.680268 745 461
1.685932 747 462
1.692154 750 459
1.698472 753 458
1.704239 757 457
1.711690 759 456
1.718967 762 456
1.724537 766 457
1.731314 767 460
1.742517 773 464
1.749136 776 464
1.754793 779 462
1.761286 781 458
1.768030 785 459
1.774212 788 459
1.781055 791 459
1.786396 795 460
1.796920 799 460
1.803246 802 458
1.809788 805 457
1.815398 807 460
1.822407 810 459
1.829011 813 462
1.834452 817 461
1.841399 818 461
1.846966 822 465
1.853242 825 462
1.859798 827 460
1.865398 830 458
1.872485 833 455
1.879079 836 457
1.884486 839 457
1.891250 841 457
1.896770 845 460
1.903203 848 460
1.909824 851 459
1.915431 853 459
1.922425 856 460
1.929022 859 460
1.934440 863 462
1.941183 864 461
1.946491 869 462
1.956923 873 460
1.963462 875 459
1.971339 878 454
1.976887 881 456
1.983339 885 455
1.989893 887 458
1.995469 890 460
2.001760 893 459
2.009079 895 461
2.014498 899 461
2.022174 902 462
2.028489 905 460
2.034350 907 459
2.041043 910 461
2.046394 914 459
2.052888 916 459
2.059209 919 459
2.064885 922 459
2.072063 925 456
2.078406 927 457
2.084240 930 457
2.090855 933 460
2.096271 936 460
2.102495 939 460
2.109083 941 461
2.114506 945 463
2.121253 948 461
2.127965 951 460
2.133803 953 458
2.140481 956 459
2.146137 959 458
2.152406 962 459
2.158981 965 459
2.164791 968 458
2.171314 971 458
2.178442 973 459
2.184026 976 458
2.190439 979 459
2.196109 982 462
2.202533 985 462
2.209146 987 464
2.214537 991 462
2.221238 994 460
2.227926 997 458
2.233792 999 457
2.240364 1002 457
2.246036 1005 456
2.252330 1007 458
2.258890 1011 457
2.264501 1014 459
2.271236 1017 461
2.277909 1019 460
2.283805 1022 459
2.290480 1025 459
2.296162 1028 460
2.302406 1031 462
2.308972 1033 460
2.314387 1037 461
2.321318 1040 459
2.328418 1043 459
2.333982 1045 457
2.340425 1048 455
2.346089 1053 457
2.356349 1056 458
2.362984 1058 460
2.369622 1062 462
2.375172 1065 460
2.382864 1067 463
2.389198 1070 462
2.394857 1074 461
2.401340 1076 461
2.406930 1079 460
2.413179 1082 461
2.419894 1085 460
2.425495 1089 458
2.432879 1091 458
2.439225 1094 457
2.445106 1097 456
2.451545 1099 457
2.457083 1102 457
2.463324 1105 460
2.469884 1108 464
2.475463 1111 461
2.482800 1113 463
2.489166 1116 460
2.494842 1120 459
2.501483 1123 461
2.507031 1125 459
2.513257 1128 460
2.519802 1131 459
2.525443 1134 460
2.532464 1137 459
2.539104 1139 458
2.544518 1143 459
2.551479 1145 459
2.557042 1149 459
2.563476 1151 463
2.570034 1154 464
2.575703 1158 462
2.582924 1159 463
2.589449 1162 461
2.594906 1166 460
2.601394 1168 456
2.607041 1171 455
2.613299 1174 458
2.619989 1177 459
2.625690 1180 459
2.632969 1183 461
2.639494 1186 460
2.644930 1189 461
2.651407 1191 460
2.656968 1195 460
2.663212 1197 459
2.669781 1200 462
2.675381 1203 463
2.682832 1205 460
2.689225 1208 459
2.694878 1212 460
2.701354 1214 456
2.707977 1217 456
2.713923 1220 456
2.720366 1223 457
2.726067 1225 461
2.733382 1229 460
2.740060 1232 462
2.745757 1235 459
2.755750 1239 461
2.762137 1242 459
2.768433 1245 460
2.774262 1248 461
2.781179 1251 461
2.788406 1254 459
2.793964 1257 459
2.800926 1260 455
2.806293 1263 456
2.812943 1265 458
2.819466 1268 458
2.824910 1271 460
2.831383 1275 462
2.838807 1277 463
2.844252 1280 461
2.850864 1283 462
2.856246 1287 461
2.862899 1288 458
2.869447 1292 457
2.874914 1295 459
2.881416 1297 459
2.888788 1300 459
2.894231 1303 458
2.900538 1306 458
2.906210 1309 460
2.912450 1311 457
2.919033 1314 460
2.924883 1317 462
2.931364 1321 462
2.938461 1323 465
2.944306 1326 461
2.951087 1329 461
2.956400 1333 458
2.962893 1334 458
2.969221 1337 457
2.974881 1341 456
2.981553 1343 458
2.988852 1346 460
2.994288 1349 459
