0 0 0
0.007034 0 0
0.012397 1 3
0.019032 2 77
0.027312 3 41
0.035105 4 166
0.040509 6 133
0.047275 8 227
0.052792 10 270
0.059024 11 283
0.065517 14 313
0.070941 16 338
0.077429 18 373
0.084496 21 394
0.090360 24 400
0.097255 26 416
0.102796 30 430
0.109034 32 441
0.115565 35 451
0.121073 38 462
0.127542 43 481
0.138386 46 488
0.144973 50 492
0.150920 53 498
0.157535 56 502
0.163138 59 506
0.169388 62 517
0.175877 66 519
0.181477 68 527
0.188811 72 529
0.195145 75 531
0.200795 79 531
0.207438 82 529
0.212985 86 533
0.219211 89 536
0.225941 92 537
0.231542 96 540
0.238949 99 542
0.245449 103 542
0.250885 106 546
0.257367 108 546
0.262921 113 549
0.269324 116 550
0.275824 120 549
0.281410 123 549
0.288504 126 548
0.295144 130 547
0.300515 134 546
0.307260 136 551
0.312781 140 552
0.319039 143 555
0.325790 147 555
0.331373 150 557
0.338464 154 557
0.345034 157 554
0.350505 162 557
0.357403 165 555
0.362936 168 555
0.369203 172 554
0.375753 175 553
0.381368 178 551
0.388843 182 553
0.395168 185 554
0.400832 189 556
0.407331 192 559
0.412849 196 558
0.419109 198 555
0.425646 203 556
0.431190 206 557
0.437560 210 555
0.444870 213 557
0.450438 217 553
0.457206 220 555
0.462501 224 554
0.469024 226 556
0.475526 230 556
0.480950 234 561
0.487589 237 560
0.494816 240 561
0.500262 244 559
0.507102 247 557
0.512402 252 553
0.518895 254 554
0.525467 258 555
0.535626 264 556
0.542150 267 557
0.548807 270 555
0.555174 275 556
0.561055 278 560
0.567636 282 559
0.573170 285 560
0.579449 288 558
0.586052 292 556
0.592459 296 554
0.598946 298 551
0.605445 303 554
0.610893 306 553
0.617564 310 559
0.623110 313 559
0.629497 316 559
0.636057 320 557
0.642788 324 557
0.649065 326 557
0.655643 331 560
0.661154 334 558
0.667567 338 556
0.678154 345 554
0.688316 350 553
0.695982 354 561
0.705507 360 558
0.715043 363 559
0.721734 368 559
0.728287 373 555
0.737064 376 556
0.743391 380 556
0.749966 384 555
0.758799 388 555
0.765161 392 555
0.771102 396 556
0.778800 399 558
0.786394 403 559
0.792066 408 561
0.802129 412 559
0.808828 416 557
0.815204 419 554
0.822893 424 554
0.829253 428 555
0.835791 431 555
0.841422 436 558
0.849491 440 556
0.857287 442 558
0.866442 448 556
0.872266 452 559
0.882187 458 558
0.890924 462 552
0.898200 466 551
0.904515 469 553
0.910163 477 557
0.925571 481 559
0.931105 487 557
0.943143 491 557
0.950845 496 557
0.957479 499 557
0.966385 504 558
0.972053 508 556
0.979396 512 554
0.986356 517 553
0.996248 522 558
1.003048 526 559
1.011909 529 560
1.018169 532 558
1.024459 536 556
1.032238 542 556
1.038925 544 557
1.045608 548 556
1.058186 557 555
1.068328 560 554
1.076085 565 556
1.083966 569 559
1.089909 573 562
1.096363 577 560
1.103063 580 554
1.117952 590 553
1.126336 594 557
1.135687 598 555
1.141312 602 556
1.147906 607 556
1.157482 612 558
1.166407 616 559
1.175609 621 559
1.183168 625 560
1.192150 630 555
1.198817 634 554
1.206875 638 555
1.217042 643 555
1.222359 648 558
1.231557 653 560
1.239223 656 558
1.247169 660 559
1.258970 666 559
1.265689 673 555
1.276058 676 557
1.281735 680 553
1.288144 683 555
1.295839 688 555
1.302267 693 561
1.311366 696 560
1.317679 700 563
1.323176 703 560
1.329426 709 557
1.339487 712 555
1.346286 716 557
1.351963 720 556
1.359434 723 556
1.366097 726 555
1.371763 730 557
1.377965 733 556
1.383493 737 558
1.389682 740 561
1.396360 744 562
1.402026 748 560
1.409464 751 556
1.416049 754 556
1.421717 758 555
1.427917 761 555
1.433439 764 556
1.439693 768 558
1.446248 771 556
1.453381 776 558
1.460439 780 558
1.467349 782 560
1.472896 787 560
1.479134 789 561
1.485695 794 559
1.491212 797 557
1.497600 800 554
1.503154 804 555
1.510362 808 553
1.517063 810 556
1.522374 815 559
1.529082 817 558
1.535583 822 559
1.541144 825 558
1.547536 828 559
1.553057 832 560
1.560323 835 560
1.567019 838 557
1.572342 842 557
1.578780 845 555
1.585145 849 555
1.590945 852 553
1.597391 855 556
1.602934 859 559
1.610018 863 562
1.616420 866 562
1.622097 870 560
1.628345 873 557
1.634867 876 556
1.640280 880 558
1.647201 883 555
1.652491 887 558
1.660126 890 554
1.666445 894 556
1.673077 898 556
1.679276 902 558
1.685807 905 558
1.691400 908 561
1.697723 912 562
1.703280 915 561
1.710927 920 556
1.717386 922 553
1.722937 926 555
1.729210 930 557
1.738436 935 556
1.746098 938 558
1.751756 942 555
1.758173 946 558
1.766032 950 559
1.771718 953 561
1.777929 956 561
1.783467 960 559
1.789988 963 557
1.796416 966 553
1.802083 970 554
1.808326 974 552
1.815906 978 557
1.821468 981 558
1.827905 984 558
1.833395 988 558
1.839656 991 559
1.846276 994 559
1.851941 998 558
1.858165 1002 558
1.876402 1011 555
1.882128 1016 554
1.891125 1020 554
1.897747 1023 554
1.903306 1026 560
1.912969 1032 559
1.919545 1036 560
1.926311 1039 557
1.932007 1043 557
1.939476 1048 556
1.947370 1050 558
1.954455 1054 556
1.960134 1059 555
1.970089 1064 554
1.976918 1067 555
1.982274 1071 556
1.991058 1076 561
1.997715 1079 560
2.003275 1082 561
2.009896 1088 556
2.019221 1091 554
2.025800 1094 553
2.031388 1098 555
2.038444 1101 557
2.046250 1106 557
2.051913 1110 557
2.059261 1115 559
2.067857 1118 560
2.075758 1122 560
2.081370 1127 562
2.089049 1129 557
2.095904 1135 556
2.103437 1138 553
2.109957 1142 556
2.117804 1147 557
2.126373 1150 559
2.132091 1156 560
2.142226 1160 558
2.149965 1164 557
2.156925 1168 558
2.165145 1173 558
2.172034 1176 556
2.178450 1182 555
2.187353 1184 553
2.192923 1188 553
2.199162 1193 558
2.207593 1196 560
2.215738 1200 561
2.222265 1205 559
2.231484 1210 557
2.237976 1213 555
2.243917 1216 556
2.250281 1222 555
2.259355 1225 557
2.266040 1228 555
2.274486 1233 555
2.280358 1238 557
2.288051 1241 561
2.294476 1245 562
2.302512 1250 559
2.309325 1253 556
2.316004 1258 554
2.324501 1261 556
2.330154 1264 554
2.336932 1268 555
2.345146 1272 555
2.350775 1276 556
2.357321 1280 558
2.365834 1284 558
2.372326 1288 558
2.378810 1291 562
2.386124 1296 558
2.393945 1300 557
2.399899 1303 554
2.406317 1306 551
2.412015 1311 553
2.419280 1314 558
2.427049 1318 558
2.432359 1322 560
2.439010 1324 559
2.445540 1329 559
2.450964 1332 557
2.457432 1336 556
2.462978 1339 558
2.469197 1342 556
2.476745 1346 557
2.482225 1350 554
2.488839 1352 555
2.495191 1356 554
2.500909 1360 557
2.508021 1364 560
2.513879 1367 560
2.519946 1371 559
2.527553 1374 558
2.533113 1379 556
2.543870 1384 556
2.550170 1387 556
2.557070 1390 558
2.562374 1394 554
2.569131 1398 556
2.576452 1401 555
2.582125 1404 556
2.588370 1408 559
2.594943 1412 562
2.600351 1415 560
2.607226 1418 561
2.612743 1422 558
2.619042 1425 555
2.626332 1429 555
2.632032 1432 555
2.638307 1436 556
2.644888 1439 557
2.650343 1442 559
2.657058 1446 559
2.662362 1450 557
2.669072 1454 560
2.677455 1458 562
2.683019 1462 560
2.689252 1465 559
2.695939 1468 558
2.701549 1472 555
2.707874 1475 554
2.713393 1478 553
2.719632 1482 556
2.727429 1486 558
2.732986 1490 558
2.739214 1493 561
2.745801 1496 558
2.751383 1500 558
2.757692 1503 558
2.763193 1506 559
2.769457 1510 559
2.776015 1513 556
2.782463 1517 556
2.789150 1520 553
2.795696 1524 553
2.801208 1527 554
2.807600 1530 557
2.813168 1534 559
2.819434 1538 560
2.826257 1542 559
2.832963 1545 558
2.839209 1548 556
2.845919 1552 555
2.851469 1555 557
2.857780 1558 556
2.863319 1562 557
2.869519 1565 555
2.876106 1568 556
2.882912 1573 556
2.889184 1576 559
2.895733 1580 560
2.901321 1583 562
2.907811 1586 560
2.913313 1590 558
2.919522 1593 557
2.926094 1596 554
2.932857 1601 554
2.942858 1606 554
2.949269 1610 556
2.956250 1613 557
2.961932 1616 556
2.968427 1620 555
2.975020 1623 560
2.981708 1628 561
2.987952 1631 558
2.993476 1634 557
2.999679 1638 553
