0 0 0
0.009455 0 0
0.015485 0 0
0.021836 0 0
0.029938 0 0
0.035577 0 0
0.045674 0 0
0.052042 0 0
0.058568 0 0
0.064117 0 0
0.071040 0 0
0.078133 0 0
0.083635 0 0
0.089989 0 0
0.095616 0 0
0.101808 0 0
0.107729 0 0
0.113502 0 0
0.120161 0 0
0.126792 0 0
0.133174 0 0
0.139792 0 0
0.145430 0 0
0.151598 0 0
0.157090 0 0
0.163283 0 0
0.169785 0 0
0.175430 0 0
0.182522 0 0
0.188827 0 0
0.194599 0 0
0.201025 0 0
0.206244 0 0
0.212720 0 0
0.219186 0 0
0.224638 0 0
0.231822 0 0
0.237721 0 0
0.243508 0 0
0.250167 0 0
0.255799 0 0
0.262010 0 0
0.268465 0 0
0.273831 0 0
0.281299 0 0
0.286827 0 0
0.293040 0 0
0.299563 0 0
0.305095 0 0
0.311558 0 0
0.317021 0 0
0.323187 0 0
0.330920 0 0
0.336179 0 0
0.342598 0 0
0.348892 0 0
0.354494 0 0
0.360946 0 0
0.366480 0 0
0.372874 0 0
0.379579 0 0
0.386040 0 0
0.392209 0 0
0.398748 0 0
0.404125 0 0
0.410782 0 0
0.416043 0 0
0.422212 0 0
0.428752 0 0
0.435602 0 0
0.445761 0 0
0.452139 0 0
0.458684 0 0
0.464210 0 0
0.471039 0 0
0.476485 0 0
0.483675 0 0
0.490243 0 0
0.495854 0 0
0.502066 0 0
0.508548 0 0
0.514099 0 0
0.520795 0 0
0.526052 0 0
0.533142 0 0
0.539754 0 0
0.545303 0 0
0.551729 0 0
0.557228 0 0
0.563402 0 0
0.569922 0 0
0.575568 0 0
0.581730 0 0
0.589271 0 0
0.594684 0 0
0.601115 0 0
0.606613 0 0
0.612962 0 0
0.619466 0 0
0.624928 0 0
0.631272 0 0
0.638449 0 0
0.644023 0 0
0.650653 0 0
0.655969 0 0
0.662133 0 0
0.668671 0 0
0.674196 0 0
0.681604 0 0
0.688793 0 0
0.694163 0 0
0.700830 0 0
0.706088 0 0
0.712514 0 0
0.718819 0 0
0.724186 0 0
0.731039 0 0
0.737740 0 0
0.743484 0 0
0.750026 0 0
0.755633 0 0
0.761804 0 0
0.767683 0 0
0.773828 0 0
0.780114 0 0
0.785738 0 0
0.793176 0 0
0.799812 0 0
0.805452 0 0
0.811650 0 0
0.817102 0 0
0.823272 0 0
0.829823 0 0
0.835459 0 0
0.846500 0 0
0.852991 0 0
0.859635 0 0
0.865160 0 0
0.871590 0 0
0.877089 0 0
0.883277 0 0
0.890792 0 0
0.896066 0 0
0.902623 0 0
0.908916 0 0
0.914655 0 0
0.921081 0 0
0.926582 0 0
0.932830 0 0
0.940087 0 0
0.945740 0 0
0.951976 0 0
0.958448 0 0
0.963736 0 0
0.970599 0 0
0.975932 0 0
0.982092 0 0
0.988595 0 0
0.995209 0 0
1.001485 0 0
1.006996 0 0
1.013150 0 0
1.019621 0 0
1.025159 0 0
1.031613 0 0
1.037071 0 0
1.044170 0 0
1.050849 0 0
1.056138 0 0
1.062534 0 0
1.068779 0 0
1.074143 0 0
1.080794 0 0
1.086090 0 0
1.093510 0 0
1.099991 0 0
1.105622 0 0
1.111887 0 0
1.118100 0 0
1.123494 0 0
1.129996 0 0
1.135603 0 0
1.142849 0 0
1.149553 0 0
1.155126 0 0
1.161538 0 0
1.167023 0 0
1.173191 0 0
1.179651 0 0
1.185142 0 0
1.191402 0 0
1.198771 0 0
1.204138 0 0
1.210955 0 0
1.216188 0 0
1.222589 0 0
1.228890 0 0
1.234480 0 0
1.240927 0 0
1.251902 0 0
1.258108 0 0
1.263886 0 0
1.270757 0 0
1.276024 0 0
1.282186 0 0
1.288725 0 0
1.295491 0 0
1.301727 0 0
1.307220 0 0
1.313407 0 0
1.319885 0 0
1.325522 0 0
1.331860 0 0
1.337726 0 0
1.343513 0 0
1.351089 0 0
1.356586 0 0
1.362755 0 0
1.369201 0 0
1.374578 0 0
1.380982 0 0
1.386221 0 0
1.392800 0 0
1.401117 0 0
1.406667 0 0
1.412864 0 0
1.419525 0 0
1.425099 0 0
1.431385 0 0
1.436871 0 0
1.443089 0 0
1.450823 0 0
1.456092 0 0
1.462528 0 0
1.468800 0 0
1.474155 0 0
1.480875 0 0
1.486103 0 0
1.492613 0 0
1.499860 0 0
1.505519 0 0
1.511887 0 0
1.517725 0 0
1.523482 0 0
1.530013 0 0
1.535613 0 0
1.541797 0 0
1.547652 0 0
1.554923 0 0
1.561243 0 0
1.566721 0 0
1.573146 0 0
1.579641 0 0
1.585155 0 0
1.591423 0 0
1.596927 0 0
1.604141 0 0
1.610805 0 0
1.616053 0 0
1.622220 0 0
1.628752 0 0
1.634520 0 0
1.640937 0 0
1.652016 0 0
1.658504 0 0
1.664044 0 0
1.670857 0 0
1.677030 0 0
1.689703 0 0
1.695293 0 0
1.702590 0 0
1.708885 0 0
1.714204 0 0
1.720860 0 0
1.726090 0 0
1.732592 0 0
1.738891 0 0
1.744215 0 0
1.751067 0 0
1.757688 0 0
1.763457 0 0
1.770009 0 0
1.775614 0 0
1.781788 0 0
1.787608 0 0
1.793363 0 0
1.799864 0 0
1.806141 0 0
1.812758 0 0
1.819207 0 0
1.824630 0 0
1.831067 0 0
