0 0 0
7.343292236328125e-05 0 0
0.015344381332397461 0 8
0.02497124671936035 2 98
0.030280590057373047 3 44
0.03679943084716797 4 37
0.043131351470947266 7 238
0.04900622367858887 9 292
0.055877685546875 12 399
0.06476712226867676 15 429
0.07017636299133301 18 479
0.07640600204467773 24 530
0.08583950996398926 28 554
0.09175801277160645 31 594
0.09762191772460938 35 617
0.10416793823242188 39 642
0.10983896255493164 44 664
0.11730027198791504 50 696
0.12584257125854492 55 709
0.13135623931884766 59 734
0.13760709762573242 66 751
0.14527463912963867 68 762
0.15236449241638184 75 775
0.15783119201660156 81 783
0.16550302505493164 88 799
0.17403960227966309 92 810
0.17977404594421387 98 818
0.18607640266418457 102 825
0.19362711906433105 109 832
0.1991276741027832 114 840
0.20635247230529785 123 844
0.21510577201843262 126 844
0.22040128707885742 133 852
0.22697710990905762 136 861
0.23471522331237793 144 866
0.24013352394104004 150 869
0.2474045753479004 158 870
0.2552018165588379 161 872
0.2635915279388428 170 873
0.26912760734558105 175 875
0.2755434513092041 180 879
0.2828671932220459 186 886
0.28827548027038574 194 886
0.2984333038330078 204 887
0.3073561191558838 209 885
0.3140525817871094 216 888
0.3227109909057617 221 888
0.32834649085998535 228 896
0.3352012634277344 234 898
0.34226560592651367 239 899
0.34775233268737793 244 893
0.3544337749481201 250 893
0.3602633476257324 255 895
0.36673617362976074 260 895
0.37306642532348633 266 897
0.3787209987640381 273 901
0.3852262496948242 279 904
0.3923203945159912 284 905
0.39777326583862305 290 898
0.4043290615081787 295 897
0.4100215435028076 300 897
0.41642165184020996 306 899
0.4230360984802246 311 901
0.4284541606903076 318 905
0.43539881706237793 324 904
0.44246840476989746 329 903
0.44809842109680176 334 903
0.45444703102111816 340 899
0.4601151943206787 345 899
0.46639418601989746 351 902
0.4730210304260254 356 906
0.478804349899292 364 908
0.4852774143218994 367 906
0.4923977851867676 374 905
0.4978625774383545 380 905
0.5043792724609375 385 901
0.5100460052490234 390 899
0.5163345336914062 396 901
0.5229322910308838 402 907
0.528322696685791 409 905
0.5407125949859619 423 905
0.5524351596832275 432 902
0.5629487037658691 440 903
0.5688385963439941 445 906
0.5753092765808105 448 910
0.5836963653564453 458 908
0.5892746448516846 465 904
0.5968587398529053 468 902
0.6043567657470703 476 905
0.610058069229126 496 908
0.6312987804412842 505 907
0.6439080238342285 514 902
0.6549854278564453 523 904
0.66127610206604 530 908
0.6729485988616943 538 910
0.6836037635803223 548 907
0.6900520324707031 563 901
0.705390453338623 570 908
0.7155880928039551 579 911
0.7255303859710693 588 908
0.7342720031738281 594 906
0.7409787178039551 602 903
0.753990650177002 612 908
0.7641189098358154 621 909
0.7736730575561523 632 906
0.7829046249389648 639 905
0.7958166599273682 650 904
0.8027927875518799 657 907
0.8127989768981934 666 911
0.8198859691619873 672 909
0.8264038562774658 684 904
0.8410248756408691 692 907
0.8484041690826416 699 908
0.8553218841552734 702 910
0.8637526035308838 712 909
0.8693568706512451 719 907
0.877798318862915 728 903
0.886876106262207 732 904
0.8941068649291992 742 910
0.9056136608123779 752 909
0.9151427745819092 759 908
0.9237608909606934 768 907
0.9317524433135986 773 903
0.937795877456665 780 906
0.9476196765899658 790 910
0.9555623531341553 797 911
0.9637510776519775 808 906
0.975447416305542 815 904
0.9840056896209717 820 903
0.9896557331085205 826 906
0.9961032867431641 833 910
