0 0 0
7.987022399902344e-05 0 0
0.016353845596313477 0 2
0.024249553680419922 1 19
0.030062198638916016 2 13
0.03770279884338379 4 157
0.046608924865722656 5 117
0.05307197570800781 8 228
0.05895566940307617 10 274
0.06634783744812012 13 306
0.07510590553283691 14 335
0.08235597610473633 18 368
0.09061861038208008 22 395
0.0971071720123291 24 410
0.10380935668945312 27 426
0.10964560508728027 30 442
0.1171572208404541 36 463
0.12930750846862793 39 477
0.1360151767730713 42 490
0.14400053024291992 46 498
0.14983654022216797 50 510
0.15744924545288086 54 519
0.1670680046081543 59 527
0.17515826225280762 63 527
0.18088173866271973 66 534
0.18992877006530762 70 536
0.1966104507446289 74 541
0.20349836349487305 78 544
0.21115779876708984 82 550
0.21756863594055176 86 552
0.2242748737335205 89 556
0.23011207580566406 94 557
0.23753952980041504 98 563
0.24625706672668457 102 563
0.2530398368835449 106 565
0.2589707374572754 110 560
0.2667808532714844 113 563
0.2742488384246826 118 562
0.28003978729248047 122 568
0.2875082492828369 126 571
0.2963531017303467 130 571
0.3030738830566406 134 571
0.3089773654937744 138 574
0.31634521484375 142 575
0.32424044609069824 146 573
0.33296847343444824 152 574
0.33890748023986816 155 571
0.3455204963684082 158 570
0.3520514965057373 162 569
0.3581836223602295 167 573
0.36621952056884766 171 577
0.3742983341217041 175 578
0.38028430938720703 180 580
0.3882324695587158 184 577
0.3952043056488037 188 576
0.40091419219970703 191 573
0.4073762893676758 194 576
0.41409850120544434 198 574
0.4199521541595459 202 575
0.426835298538208 205 572
0.43354153633117676 209 573
0.4402625560760498 214 575
0.44711780548095703 218 580
0.4538416862487793 221 581
0.45969200134277344 224 581
0.4661600589752197 228 579
0.4729440212249756 231 577
0.4788553714752197 236 574
0.4854848384857178 239 574
0.4930300712585449 244 575
0.49895358085632324 248 577
0.5057291984558105 251 576
0.5121803283691406 254 578
0.5180315971374512 260 578
0.5280020236968994 264 580
0.535102128982544 268 583
0.5422937870025635 272 580
0.5483002662658691 276 578
0.5554959774017334 280 576
0.5611817836761475 283 575
0.5677568912506104 287 576
0.574676513671875 290 576
0.5802783966064453 295 579
0.5870001316070557 298 578
0.5948977470397949 302 579
0.600595235824585 306 577
0.6070301532745361 310 577
0.6137232780456543 314 577
0.6195535659790039 317 578
0.6262116432189941 320 577
0.6329362392425537 324 576
0.6398136615753174 328 573
0.6462719440460205 332 574
0.6530544757843018 336 575
0.6589434146881104 340 579
0.6655266284942627 344 581
0.6712117195129395 347 579
0.677595853805542 350 577
0.6847984790802002 354 577
0.6917140483856201 358 577
0.6977334022521973 362 579
0.70467209815979 365 575
0.7102782726287842 370 576
0.7169797420501709 374 573
0.7237095832824707 377 574
0.7295703887939453 380 575
0.7360062599182129 385 578
0.7439370155334473 388 581
0.7497601509094238 392 581
0.7561953067779541 396 579
0.7629354000091553 399 577
0.7688360214233398 404 577
0.7754652500152588 407 575
0.7811424732208252 410 576
0.7875766754150391 415 576
0.7954130172729492 418 576
0.801128625869751 422 578
0.807706356048584 426 575
0.8149600028991699 429 578
0.8206303119659424 434 582
0.8270614147186279 437 581
0.8337490558624268 440 580
0.8395628929138184 445 578
0.8470430374145508 448 575
0.8537449836730957 452 573
0.8596346378326416 456 573
0.8662927150726318 459 576
0.8730564117431641 464 578
0.8789346218109131 467 579
0.88551926612854 470 576
0.8912053108215332 475 578
0.8989129066467285 478 578
0.9054887294769287 482 582
0.9111814498901367 486 580
0.9176127910614014 489 577
0.928178071975708 496 573
0.9353303909301758 499 573
0.9410605430603027 504 574
0.948998212814331 508 577
0.9566566944122314 511 578
0.963355302810669 516 581
0.9690911769866943 519 580
0.97566819190979 522 579
0.9817378520965576 526 577
0.9880931377410889 530 576
0.9958107471466064 534 578
