0 0 0
7.367134094238281e-05 0 0
0.018032073974609375 -1 -6
0.028007030487060547 -2 -15
0.03530573844909668 -4 -66
0.04244565963745117 -6 -249
0.0521388053894043 -12 -375
0.07078742980957031 -18 -417
0.07931232452392578 -21 -470
0.08842968940734863 -25 -492
0.09467935562133789 -28 -522
0.10336923599243164 -35 -553
0.11200666427612305 -38 -578
0.11829209327697754 -42 -604
0.13020539283752441 -51 -621
0.1380462646484375 -55 -630
0.14751172065734863 -62 -651
0.15651369094848633 -68 -667
0.16509675979614258 -72 -677
0.17052698135375977 -76 -687
0.17686843872070312 -80 -689
0.185380220413208 -86 -695
0.1908113956451416 -92 -696
0.19763898849487305 -94 -699
0.20418572425842285 -100 -705
0.21025562286376953 -106 -712
0.21878457069396973 -110 -716
0.2253410816192627 -115 -720
0.2307589054107666 -120 -726
0.23826289176940918 -125 -727
0.24558305740356445 -131 -726
0.253251314163208 -136 -725
0.2595689296722412 -141 -728
0.26624107360839844 -146 -732
0.271777868270874 -150 -735
0.2791402339935303 -154 -737
0.2866837978363037 -160 -739
0.2923109531402588 -166 -740
0.2995460033416748 -172 -741
0.3086059093475342 -176 -740
0.3151664733886719 -181 -738
0.320601224899292 -187 -739
0.32825326919555664 -191 -741
0.3355417251586914 -196 -749
0.3411891460418701 -202 -748
0.3484830856323242 -208 -750
0.3568403720855713 -212 -747
0.3625349998474121 -217 -748
0.3687703609466553 -221 -746
0.3763120174407959 -227 -747
0.3818540573120117 -233 -746
0.38936686515808105 -236 -749
0.39641237258911133 -242 -754
0.40210413932800293 -247 -754
0.4083585739135742 -251 -753
0.4142177104949951 -256 -750
0.42236948013305664 -262 -748
0.42866063117980957 -266 -748
0.4361131191253662 -272 -749
0.4417574405670166 -277 -750
0.4482235908508301 -281 -750
0.45374441146850586 -286 -756
0.4599905014038086 -290 -755
0.4665200710296631 -295 -754
0.47217512130737305 -299 -752
0.47841811180114746 -304 -747
0.4846978187561035 -310 -749
0.4914517402648926 -314 -752
0.49784326553344727 -319 -754
0.5033941268920898 -324 -755
0.5106613636016846 -328 -754
0.5174682140350342 -332 -754
0.5227212905883789 -340 -753
0.5326910018920898 -346 -751
0.5401527881622314 -350 -749
0.547187328338623 -355 -748
0.5526077747344971 -361 -753
0.5592193603515625 -364 -755
0.5655512809753418 -370 -756
0.5714669227600098 -375 -754
0.5778706073760986 -379 -754
0.5834202766418457 -384 -754
0.5905277729034424 -388 -752
0.5971121788024902 -393 -749
0.6025097370147705 -397 -750
0.6087543964385986 -402 -751
0.6152799129486084 -406 -754
0.620673656463623 -412 -758
0.6276266574859619 -416 -757
0.6331658363342285 -422 -753
0.640228271484375 -426 -753
0.6466937065124512 -430 -751
0.6523129940032959 -435 -751
0.6585483551025391 -440 -752
0.664787769317627 -444 -752
0.670201301574707 -448 -751
0.6768715381622314 -453 -755
0.6825292110443115 -459 -758
0.6900849342346191 -464 -756
0.6965997219085693 -468 -752
0.7022616863250732 -472 -750
0.7084934711456299 -477 -749
0.7147924900054932 -482 -752
0.7202191352844238 -486 -755
0.7267038822174072 -491 -755
0.7323563098907471 -495 -755
0.7386000156402588 -501 -756
0.7463901042938232 -506 -756
0.7520442008972168 -510 -755
0.7582635879516602 -515 -752
0.7637715339660645 -520 -748
0.77001953125 -524 -750
0.7765538692474365 -528 -755
0.7822098731994629 -533 -755
0.7884700298309326 -539 -756
0.7960827350616455 -544 -755
0.8016643524169922 -548 -754
0.8081684112548828 -552 -755
0.8136696815490723 -557 -754
0.8198885917663574 -562 -751
0.826422929763794 -566 -751
0.8321096897125244 -570 -753
0.838355302810669 -575 -756
0.8458549976348877 -581 -758
0.8513646125793457 -586 -756
0.8577768802642822 -590 -754
0.8632822036743164 -595 -752
0.8711955547332764 -601 -751
0.8776693344116211 -604 -753
0.8832449913024902 -610 -751
0.8895149230957031 -614 -751
0.8968355655670166 -619 -756
0.9024903774261475 -624 -759
0.9087414741516113 -628 -757
0.9152820110321045 -632 -756
0.9206774234771729 -640 -751
0.931349515914917 -646 -751
0.938035249710083 -650 -753
0.9453651905059814 -655 -755
0.9511339664459229 -661 -756
0.9577984809875488 -666 -756
0.9633293151855469 -670 -756
0.9695947170257568 -675 -755
0.9761605262756348 -679 -753
0.9817402362823486 -684 -750
0.9881911277770996 -688 -749
0.9955320358276367 -693 -749
