00
0.00011968612670898438 0
0.011576175689697266 0
0.01833057403564453 1
0.024667978286743164 2
0.03151702880859375 4
0.03830885887145996 5
0.04554176330566406 8
0.052172183990478516 11
0.05888557434082031 14
0.06498503684997559 17
0.07183527946472168 21
0.07862401008605957 25
0.08490252494812012 30
0.0927426815032959 34
0.09972167015075684 38
0.10575389862060547 44
0.11255502700805664 48
0.11954045295715332 53
0.12560701370239258 57
0.1321868896484375 63
0.13886785507202148 68
0.14647483825683594 75
0.15290617942810059 79
0.15995168685913086 85
0.16604065895080566 91
0.17291736602783203 96
0.17995476722717285 100
0.18608975410461426 107
0.19411635398864746 112
0.20084667205810547 117
0.2079331874847412 121
0.21412038803100586 129
0.22469091415405273 134
0.2316756248474121 141
0.23848319053649902 145
0.2459256649017334 151
0.25287389755249023 156
0.25991249084472656 161
0.2659931182861328 167
0.2728912830352783 171
0.2798588275909424 175
0.2859385013580322 182
0.2927124500274658 187
0.30059242248535156 191
0.3076925277709961 195
0.3139069080352783 201
0.32070302963256836 205
0.3277878761291504 209
0.3339266777038574 214
0.3405163288116455 219
0.34838414192199707 224
0.3545041084289551 229
0.3611316680908203 233
0.3682060241699219 237
0.3751494884490967 241
0.3822944164276123 245
0.3889799118041992 249
0.39656949043273926 253
0.40343761444091797 256
0.41010546684265137 259
0.41655397415161133 263
0.42297840118408203 267
0.4300057888031006 271
0.43608951568603516 275
0.44310808181762695 280
0.45081663131713867 283
0.4578969478607178 286
0.4641146659851074 291
0.4707071781158447 295
0.4777953624725342 300
0.4850881099700928 305
0.492445707321167 308
0.500370979309082 312
0.507472038269043 316
0.5143740177154541 319
0.520942211151123 321
0.527963399887085 325
0.5342879295349121 328
0.5408787727355957 331
0.5479393005371094 335
0.5548923015594482 337
0.561880350112915 339
0.5686850547790527 342
0.5748231410980225 345
0.5817301273345947 348
0.5885951519012451 350
0.5947308540344238 355
0.6048250198364258 358
0.61372971534729 361
0.6247043609619141 363
0.6316652297973633 366
0.6384844779968262 369
0.6448342800140381 371
0.6527664661407471 375
0.6599380970001221 377
0.6660556793212891 379
0.6728692054748535 381
0.6799702644348145 383
0.6860547065734863 387
0.6928653717041016 389
0.6998605728149414 391
0.7076997756958008 394
0.7138962745666504 397
0.7205302715301514 399
0.7275800704956055 401
0.7337560653686523 404
0.740483283996582 406
0.7475311756134033 408
0.754335880279541 411
0.7609732151031494 413
0.7680528163909912 415
0.7742025852203369 417
0.7807285785675049 420
0.7878522872924805 422
0.7941460609436035 424
0.8008654117584229 425
0.8088021278381348 427
0.8149487972259521 429
0.8217554092407227 431
0.8285982608795166 433
0.8348984718322754 435
0.8418169021606445 437
0.8486621379852295 439
0.8558597564697266 440
0.8628497123718262 441
0.8698346614837646 442
0.8759236335754395 444
0.88271164894104 446
0.8896269798278809 447
0.8956716060638428 448
0.9024083614349365 450
0.9100873470306396 451
0.9165871143341064 454
0.9234237670898438 455
0.9301486015319824 457
0.9365625381469727 458
0.9429495334625244 460
0.9499542713165283 461
0.9577381610870361 463
0.9640123844146729 465
0.9706261157989502 466
0.977708101272583 467
0.983999490737915 469
0.9905762672424316 470
0.9976556301116943 471
1.0037784576416016 473
1.0111315250396729 475
1.02083158493042 477
1.028691291809082 479
1.0349578857421875 480
1.0420265197753906 481
1.0488255023956299 482
1.0554723739624023 483
1.0631556510925293 484
1.0700352191925049 485
1.0760784149169922 487
1.0828683376312256 489
1.0898351669311523 491
1.0959548950195312 491
1.1028671264648438 492
1.1105852127075195 494
1.1176655292510986 495
1.1238019466400146 498
1.1304337978363037 500
1.1375057697296143 501
1.1435291767120361 502
1.1502699851989746 503
1.1571061611175537 503
1.164428949356079 505
1.1709232330322266 506
1.1779906749725342 507
1.184356689453125 508
1.190948724746704 509
1.198084831237793 509
1.2042858600616455 509
1.211869239807129 510
1.2186710834503174 511
1.2249400615692139 512
1.2318501472473145 513
1.2386577129364014 513
1.2448441982269287 513
1.2516660690307617 513
1.2584376335144043 513
1.2655773162841797 514
1.272181510925293 515
1.2789230346679688 517
1.2854840755462646 517
1.2920658588409424 517
1.2988677024841309 517
1.3049933910369873 518
1.3129527568817139 519
1.3200125694274902 520
1.3260772228240967 521
1.3328821659088135 522
1.3399553298950195 523
1.3460352420806885 523
1.3528857231140137 524
1.3598415851593018 525
1.3677783012390137 525
1.3746798038482666 525
1.3815550804138184 524
1.3884210586547852 525
1.394556999206543 525
1.4014935493469238 527
1.408320665359497 527
1.415165662765503 526
1.4265007972717285 525
1.4329614639282227 526
1.4401752948760986 526
1.4469659328460693 527
1.45316481590271 527
1.4601757526397705 527
1.4679853916168213 528
1.4741435050964355 529
1.4807534217834473 530
1.4878036975860596 531
1.49395751953125 531
1.5019218921661377 530
1.509512186050415 529
1.517136573791504 529
1.523533821105957 530
1.5303235054016113 531
1.5370943546295166 531
1.5431585311889648 531
1.5500383377075195 531
1.556074857711792 533
1.5628745555877686 533
1.5706751346588135 534
1.5777385234832764 534
1.5840415954589844 535
1.590616226196289 535
1.5977027416229248 535
1.6038577556610107 535
1.6105480194091797 536
1.6183359622955322 538
1.6245441436767578 539
1.6311063766479492 539
1.6381816864013672 539
1.6443979740142822 540
1.6509389877319336 540
1.6580121517181396 541
1.6641590595245361 541
1.6718316078186035 541
1.6786201000213623 541
1.6847858428955078 542
1.691629409790039 543
1.6984410285949707 544
1.7046880722045898 544
1.711564302444458 545
1.7184128761291504 545
1.725630760192871 545
1.732206106185913 545
1.7388651371002197 546
1.7449595928192139 547
1.7518641948699951 548
1.7586488723754883 549
1.7648956775665283 549
1.7727417945861816 549
1.7797749042510986 550
1.7859067916870117 551
1.7926762104034424 551
1.799574375152588 551
1.8055644035339355 552
1.8121743202209473 553
1.818915843963623 554
1.8305184841156006 554
1.8375647068023682 554
1.8437755107879639 553
1.8504552841186523 553
1.8575372695922852 554
1.8635637760162354 555
1.8702058792114258 556
1.8780152797698975 556
1.8842926025390625 556
1.8907887935638428 556
1.8977866172790527 556
1.9039020538330078 557
1.9105114936828613 558
1.9175608158111572 559
1.9245002269744873 559
1.931037425994873 560
1.9380483627319336 559
1.944289207458496 559
1.950807809829712 560
1.957838773727417 561
1.9641437530517578 561
1.9707231521606445 561
1.978529930114746 561
1.9846277236938477 562
1.991178274154663 563
2.0000107288360596 564
2.006082773208618 565
2.0128703117370605 565
2.0198233127593994 565
2.027665615081787 565
2.033737897872925 566
2.0402708053588867 568
2.0470778942108154 569
2.0531296730041504 569
2.060152530670166 570
2.0665318965911865 570
2.0729360580444336 570
2.0807197093963623 570
2.08776593208313 571
2.094029188156128 571
2.100640296936035 572
2.1076831817626953 573
2.1138765811920166 574
2.120593547821045 574
2.1284053325653076 574
2.134521484375 574
2.1410677433013916 574
2.1481122970581055 574
2.1542065143585205 575
2.16074800491333 576
2.1678035259246826 577
2.1739108562469482 577
2.1815104484558105 576
2.1884138584136963 576
2.1945300102233887 576
2.2010834217071533 576
2.2080674171447754 577
2.2143802642822266 577
2.225761651992798 577
2.233793258666992 578
2.2405765056610107 578
2.247681140899658 579
2.253941535949707 579
2.2605648040771484 579
2.267610549926758 579
2.273719072341919 578
2.281076669692993 579
2.288074493408203 579
2.29421067237854 579
2.3008735179901123 579
2.3079569339752197 579
2.3141260147094727 579
2.3206562995910645 579
2.327707290649414 579
2.3346712589263916 580
2.3415064811706543 580
2.3484249114990234 580
2.3546323776245117 580
2.361470937728882 580
2.36824369430542 580
2.375040054321289 580
2.3828318119049072 580
2.389758348464966 580
2.395728349685669 580
2.4023666381835938 580
2.4089531898498535 580
2.4150493144989014 580
2.4219534397125244 580
2.428718090057373 580
2.4358980655670166 580
2.4426538944244385 580
2.4491195678710938 580
2.4554970264434814 580
2.461991310119629 580
