00
0.012892723083496094 0
0.02536487579345703 0
0.03399848937988281 1
0.040888309478759766 1
0.048059701919555664 1
0.05627107620239258 0
0.06570744514465332 0
0.0719614028930664 0
0.07931280136108398 0
0.0886220932006836 0
0.09563183784484863 0
0.10173392295837402 0
0.10910844802856445 0
0.11691641807556152 0
0.1262805461883545 0
0.13247418403625488 0
0.1390848159790039 0
0.1468813419342041 0
0.1530463695526123 0
0.1609196662902832 0
0.1699364185333252 0
0.17678165435791016 0
0.18316912651062012 0
0.19114279747009277 0
0.1988818645477295 0
0.20821905136108398 0
0.2147209644317627 0
0.2211925983428955 0
0.2288985252380371 0
0.23671269416809082 0
0.24616742134094238 0
0.25240540504455566 0
0.25899791717529297 0
0.26681041717529297 0
0.27294468879699707 0
0.28078508377075195 0
0.28983306884765625 0
0.29671335220336914 0
0.3029608726501465 0
0.3124356269836426 0
0.319180965423584 0
0.3262364864349365 0
0.33623623847961426 0
0.34240293502807617 0
0.3529200553894043 0
0.3610410690307617 0
0.3681924343109131 0
0.3743112087249756 0
0.3813142776489258 0
0.38823437690734863 0
0.3943336009979248 0
0.4011549949645996 0
0.4081583023071289 0
0.4161088466644287 0
0.42241978645324707 0
0.4290008544921875 0
0.43607568740844727 0
0.44226861000061035 0
0.44909095764160156 0
0.4561612606048584 0
0.46316099166870117 0
0.4700126647949219 0
0.47684574127197266 0
0.48317980766296387 0
0.4900674819946289 0
0.49688243865966797 0
0.5029945373535156 0
0.5098316669464111 0
0.5178804397583008 0
0.5239644050598145 0
0.5306854248046875 0
0.5373291969299316 0
0.5439469814300537 0
0.5506818294525146 0
0.5573368072509766 0
0.5653667449951172 0
0.5717983245849609 0
0.578599214553833 0
0.5856714248657227 0
0.5917348861694336 0
0.5985267162322998 0
0.6053483486175537 0
0.6116557121276855 0
0.6190881729125977 0
0.6261518001556396 0
0.63236403465271 0
0.6390986442565918 0
0.6461858749389648 0
0.6524055004119873 0
0.6591334342956543 0
0.667015552520752 0
0.6731753349304199 0
0.6800336837768555 0
0.6868674755096436 0
0.6930105686187744 0
0.6998450756072998 0
0.7066855430603027 0
0.7129461765289307 0
0.7209911346435547 0
0.7280988693237305 0
0.7341902256011963 0
0.7409427165985107 0
0.7479395866394043 0
0.758704662322998 0
0.7665157318115234 0
0.7727863788604736 0
0.7798457145690918 0
0.7866916656494141 0
0.7927970886230469 0
0.7993683815002441 0
0.8064615726470947 0
0.8126349449157715 0
0.820127010345459 0
0.8269340991973877 0
0.833080530166626 0
0.8400664329528809 0
0.846923828125 0
0.8530747890472412 0
0.8599214553833008 0
0.8679144382476807 0
0.8740153312683105 0
0.8819534778594971 0
0.8885698318481445 0
0.8956315517425537 0
0.9019579887390137 0
0.9086008071899414 0
0.9154191017150879 0
0.9226076602935791 0
0.9291718006134033 0
0.9362270832061768 0
0.9424629211425781 0
0.94903564453125 0
0.9561359882354736 0
0.9624364376068115 0
0.9700543880462646 0
0.9768862724304199 0
0.9830207824707031 0
0.9898631572723389 0
0.9967224597930908 0
1.0028846263885498 0
1.0097682476043701 0
1.0166726112365723 0
1.0240728855133057 0
1.0308761596679688 0
1.0378165245056152 0
1.0439293384552002 0
1.0506701469421387 0
1.057298183441162 0
1.0659525394439697 0
1.0729293823242188 0
1.0798850059509277 0
1.086714744567871 0
1.0928404331207275 0
1.0998008251190186 0
1.1066579818725586 0
1.1127901077270508 0
1.119340181350708 0
1.127197027206421 0
1.1333684921264648 0
1.1403024196624756 0
1.1470916271209717 0
1.1578655242919922 0
1.163987398147583 0
1.172006368637085 0
1.17873215675354 0
1.1857552528381348 0
1.1918318271636963 0
1.198659896850586 0
1.2057921886444092 0
1.2119293212890625 0
1.2185182571411133 0
1.2263739109039307 0
1.2326531410217285 0
1.239241600036621 0
1.246300458908081 0
1.252455234527588 0
1.259120225906372 0
1.2661724090576172 0
1.2731122970581055 0
1.2800095081329346 0
1.2868692874908447 0
1.2929916381835938 0
1.2998301982879639 0
1.3066871166229248 0
1.3128678798675537 0
1.3198683261871338 0
1.328000545501709 0
1.3357584476470947 0
1.3419151306152344 0
1.3485183715820312 0
1.3552896976470947 0
1.3617033958435059 0
1.3683884143829346 0
1.3761448860168457 0
1.3824598789215088 0
1.38905930519104 0
1.3961691856384277 0
1.4023547172546387 0
1.4089436531066895 0
1.4159927368164062 0
1.4223084449768066 0
1.4299147129058838 0
1.4367961883544922 0
1.4430756568908691 0
1.4499146938323975 0
1.456742286682129 0
1.4628722667694092 0
1.4697487354278564 0
1.477349042892456 0
1.4838032722473145 0
1.4906408786773682 0
1.4972972869873047 0
1.5038461685180664 0
1.5105926990509033 0
1.517216444015503 0
1.5233526229858398 0
1.5313222408294678 0
1.5382473468780518 0
1.5443308353424072 0
1.5542426109313965 0
1.562361478805542 0
1.5691397190093994 0
1.576155662536621 0
1.5832409858703613 0
1.59010648727417 0
1.596949815750122 0
1.6030964851379395 0
1.6099412441253662 0
1.6167809963226318 0
1.623098373413086 0
1.6310319900512695 0
1.638012170791626 0
1.6440885066986084 0
1.6509346961975098 0
1.6578965187072754 0
1.6639761924743652 0
1.6706693172454834 0
1.6773018836975098 0
1.6856539249420166 0
1.6917366981506348 0
1.6984350681304932 0
1.7052133083343506 0
1.7112107276916504 0
1.718200922012329 0
1.7242872714996338 0
1.7322006225585938 0
1.7389159202575684 0
1.7459816932678223 0
1.7522504329681396 0
1.758854866027832 0
1.7659378051757812 0
1.7720699310302734 0
1.7786619663238525 0
1.7865533828735352 0
1.792724370956421 0
1.7993688583374023 0
1.8064143657684326 0
1.8125662803649902 0
1.8191168308258057 0
1.8261938095092773 0
1.833134412765503 0
1.8399913311004639 0
1.8468196392059326 0
1.8529531955718994 0
1.859919548034668 0
1.8667652606964111 0
1.8729124069213867 0
1.8798775672912598 0
1.8878538608551025 0
1.893972396850586 0
1.9006762504577637 0
1.907325267791748 0
1.9137804508209229 0
1.9206464290618896 0
1.9273006916046143 0
1.935318946838379 0
1.9413948059082031 0
1.9483232498168945 0
1.958803415298462 0
1.9659011363983154 0
1.9721672534942627 0
1.979022741317749 0
1.9868876934051514 0
1.9930260181427002 0
1.9998657703399658 0
2.0084142684936523 0
2.0152175426483154 0
2.021334648132324 0
2.0282700061798096 0
2.0360019207000732 0
2.0423927307128906 0
2.0489625930786133 0
2.056044340133667 0
2.062185049057007 0
2.0700764656066895 0
2.0772526264190674 0
2.0833988189697266 0
2.091362953186035 0
2.098407506942749 0
2.1048412322998047 0
2.1113131046295166 0
2.1183576583862305 0
2.124768018722534 0
2.131176471710205 0
2.139101266860962 0
2.1461551189422607 0
2.1523618698120117 0
2.159074544906616 0
2.1661593914031982 0
2.1723687648773193 0
2.178959608078003 0
2.1860687732696533 0
2.192997932434082 0
2.1998355388641357 0
2.2066943645477295 0
2.212796449661255 0
2.219794511795044 0
2.2266550064086914 0
2.2327773571014404 0
2.2404677867889404 0
2.247199296951294 0
2.2533841133117676 0
2.2601985931396484 0
2.2670626640319824 0
2.2733025550842285 0
2.280242443084717 0
2.287086248397827 0
2.2947540283203125 0
2.301201105117798 0
2.3081822395324707 0
2.3142659664154053 0
2.3212039470672607 0
2.3282039165496826 0
2.3360111713409424 0
2.3429861068725586 0
2.3498401641845703 0
2.3605873584747314 0
2.367222785949707 0
2.373776912689209 0
2.3806655406951904 0
2.387308359146118 0
2.395371437072754 0
2.4018170833587646 0
2.4085114002227783 0
2.415360927581787 0
2.4217135906219482 0
2.4283900260925293 0
2.4348111152648926 0
2.4423282146453857 0
2.4490091800689697 0
2.456037759780884 0
2.462331771850586 0
2.468925952911377 0
2.4759838581085205 0
2.4821953773498535 0
2.4888081550598145 0
2.4965639114379883 0
2.5027241706848145 0
2.509284019470215 0
2.516329050064087 0
2.5225989818573 0
2.529299259185791 0
2.5363242626190186 0
2.543208122253418 0
2.550140857696533 0
2.5569612979888916 0
2.5630948543548584 0
2.570078134536743 0
2.5768866539001465 0
2.5831515789031982 0
2.5899770259857178 0
2.598071336746216 0
2.6041553020477295 0
2.610934019088745 0
2.6179122924804688 0
2.6239640712738037 0
2.6306793689727783 0
2.6372909545898438 0
2.643857479095459 0
2.651646852493286 0
2.658468246459961 0
2.665271043777466 0
2.67134952545166 0
2.678253173828125 0
2.6847071647644043 0
2.6911065578460693 0
2.698850393295288 0
2.705927848815918 0
2.712111234664917 0
2.7186665534973145 0
2.725738525390625 0
2.7317731380462646 0
2.7384414672851562 0
