00
0.013042688369750977 0
0.024629592895507812 0
0.031223535537719727 0
0.03992033004760742 0
0.04649710655212402 1
0.052371978759765625 1
0.05970025062561035 1
0.06843996047973633 1
0.07460355758666992 0
0.08078694343566895 0
0.08838224411010742 1
0.09593749046325684 1
0.10384893417358398 0
0.11014533042907715 0
0.11673474311828613 0
0.1226358413696289 1
0.12995433807373047 1
0.13769125938415527 1
0.14632821083068848 1
0.15233874320983887 0
0.1587238311767578 0
0.1662909984588623 0
0.17221307754516602 1
0.179595947265625 1
0.18837904930114746 1
0.19866228103637695 0
0.20525908470153809 0
0.21313881874084473 1
0.2198793888092041 1
0.22866082191467285 1
0.23525738716125488 1
0.2409508228302002 1
0.24719595909118652 0
0.25594305992126465 0
0.2618434429168701 1
0.2684206962585449 1
0.2770228385925293 1
0.28290748596191406 1
0.28957343101501465 1
0.29683971405029297 0
0.30600786209106445 1
0.31200098991394043 2
0.3183891773223877 2
0.32590579986572266 1
0.3320038318634033 1
0.3390684127807617 1
0.347980260848999 1
0.35370397567749023 1
0.3599526882171631 1
0.3664517402648926 1
0.37235188484191895 1
0.37864255905151367 1
0.38515138626098633 1
0.3909878730773926 1
0.3984091281890869 1
0.4041900634765625 1
0.410686731338501 1
0.4169495105743408 1
0.42296457290649414 1
0.4292445182800293 1
0.43602752685546875 1
0.44190001487731934 1
0.4490532875061035 1
0.4558098316192627 1
0.46237659454345703 1
0.4687016010284424 1
0.47518205642700195 1
0.48088598251342773 1
0.48717713356018066 1
0.49306488037109375 1
0.5005176067352295 1
0.5068802833557129 1
0.5128755569458008 1
0.5191380977630615 1
0.5259385108947754 1
0.5317893028259277 1
0.538102388381958 1
0.5438990592956543 1
0.5516033172607422 1
0.5580184459686279 1
0.5637350082397461 1
0.5701048374176025 1
0.5766429901123047 1
0.5824713706970215 1
0.5887367725372314 1
0.5997655391693115 1
0.6064496040344238 1
0.6123900413513184 1
0.6187896728515625 1
0.625565767288208 1
0.6315751075744629 1
0.6379494667053223 1
0.6436994075775146 1
0.6510322093963623 1
0.6577126979827881 1
0.663182258605957 1
0.6697075366973877 1
0.6762351989746094 1
0.6821911334991455 1
0.6887130737304688 1
0.6952614784240723 1
0.7023484706878662 1
0.708613395690918 1
0.7150907516479492 1
0.7208609580993652 1
0.7271378040313721 1
0.7332606315612793 1
0.7397987842559814 1
0.7463223934173584 1
0.7531347274780273 1
0.7596712112426758 1
0.7662250995635986 1
0.7720751762390137 1
0.77836012840271 1
0.7841110229492188 1
0.7904763221740723 1
0.7968602180480957 1
0.8038527965545654 1
0.8104422092437744 1
0.8167440891265869 1
0.8225750923156738 1
0.8288085460662842 1
0.8356029987335205 1
0.8411655426025391 1
0.8477518558502197 1
0.8550655841827393 1
0.8608427047729492 1
0.8676936626434326 1
0.8732044696807861 1
0.8797554969787598 1
0.8863015174865723 1
0.8921530246734619 1
0.8985049724578857 1
0.9060111045837402 1
0.9118340015411377 1
0.9181413650512695 1
0.9239246845245361 1
0.9304983615875244 1
0.9368772506713867 1
0.9428575038909912 1
0.9491336345672607 1
0.9567151069641113 1
0.9625706672668457 1
0.9688770771026611 1
0.9756674766540527 1
0.9829232692718506 1
0.989588737487793 1
0.9961512088775635 1
1.007201910018921 1
1.013167381286621 1
1.0198380947113037 1
1.026430606842041 1
1.0323657989501953 1
1.0386276245117188 1
1.0450990200042725 1
1.0509417057037354 1
1.0583910942077637 1
1.0641279220581055 1
1.0707404613494873 1
1.0770249366760254 1
1.0828518867492676 1
1.0891711711883545 1
1.0959484577178955 1
1.101801872253418 1
1.1088550090789795 1
1.1155989170074463 1
1.1211745738983154 1
1.1277706623077393 1
1.1332180500030518 1
1.1397550106048584 1
1.1462860107421875 1
1.152097225189209 1
1.1591989994049072 1
1.166013479232788 1
1.1719889640808105 1
1.1782581806182861 1
1.184032678604126 1
1.1904675960540771 1
1.1967968940734863 1
1.2027544975280762 1
1.210096836090088 1
1.216623306274414 1
1.222475528717041 1
1.22884202003479 1
1.2356178760528564 1
1.2411689758300781 1
1.2477643489837646 1
1.2532093524932861 1
1.2607154846191406 1
1.2669806480407715 1
1.272796869277954 1
1.2790873050689697 1
1.2858171463012695 1
1.2917823791503906 1
1.2980782985687256 1
1.3038341999053955 1
1.311229944229126 1
1.3178060054779053 1
1.3235414028167725 1
1.3299040794372559 1
1.33652925491333 1
1.3423638343811035 1
1.3487217426300049 1
1.3555006980895996 1
1.3622040748596191 1
1.3684849739074707 1
1.3746259212493896 1
1.3807597160339355 1
1.3870105743408203 1
1.392876386642456 1
1.402958631515503 1
1.4107449054718018 1
1.4170317649841309 1
1.4230401515960693 1
1.4296512603759766 1
1.4361951351165771 1
1.4420561790466309 1
1.4483580589294434 1
1.4541049003601074 1
1.4624934196472168 1
1.4688739776611328 1
1.475661277770996 1
1.4812159538269043 1
1.487837553024292 1
1.49326491355896 1
1.4997546672821045 1
1.5063073635101318 1
1.512925148010254 1
1.5192561149597168 1
1.5260000228881836 1
1.531954288482666 1
1.5382108688354492 1
1.544011116027832 1
1.5504484176635742 1
1.556807518005371 1
1.5636765956878662 1
1.5699164867401123 1
1.5764439105987549 1
1.5823166370391846 1
1.5887374877929688 1
1.595536708831787 1
1.6010246276855469 1
1.6077182292938232 1
1.6146361827850342 1
1.6207761764526367 1
1.627000331878662 1
1.6328742504119873 1
1.6391615867614746 1
1.6459190845489502 1
1.651902437210083 1
1.658156394958496 1
1.6656067371368408 1
1.6711645126342773 1
1.6777665615081787 1
1.683201551437378 1
1.6897809505462646 1
1.6963083744049072 1
1.7022380828857422 1
1.7086665630340576 1
1.716256856918335 1
1.7222304344177246 1
1.7285587787628174 1
1.7346928119659424 1
1.7408208847045898 1
1.747077465057373 1
1.7529449462890625 1
1.7592039108276367 1
1.7667059898376465 1
1.772735834121704 1
1.7790203094482422 1
1.7858078479766846 1
1.791541337966919 1
1.7979421615600586 1
1.8081676959991455 1
1.813969373703003 1
1.8216514587402344 1
1.8282525539398193 1
1.8340442180633545 1
1.840451717376709 1
1.8467998504638672 1
1.8527929782867432 1
1.8590548038482666 1
1.8658092021942139 1
1.872511625289917 1
1.8787453174591064 1
1.885538101196289 1
1.8912174701690674 1
1.897787094116211 1
1.903247594833374 1
1.9097726345062256 1
1.916313886642456 1
1.9229462146759033 1
1.9292268753051758 1
1.9360020160675049 1
1.941845178604126 1
1.948289155960083 1
1.9540538787841797 1
1.9604456424713135 1
1.9667682647705078 1
1.9736981391906738 1
1.9800572395324707 1
1.9867396354675293 1
1.9939179420471191 1
2.000497579574585 1
2.008532762527466 1
2.014672040939331 1
2.0219147205352783 1
2.0281879901885986 1
2.0339534282684326 1
2.040428876876831 1
2.0468132495880127 1
2.0526387691497803 1
2.058856964111328 1
2.0656278133392334 1
2.0724036693573 1
2.0786995887756348 1
2.0852105617523193 1
2.091183662414551 1
2.0978031158447266 1
2.1032497882843018 1
2.109956979751587 1
2.1164605617523193 1
2.123090982437134 1
2.1297409534454346 1
2.136270046234131 1
2.142122507095337 1
2.1484076976776123 1
2.1541554927825928 1
2.1606481075286865 1
2.1669342517852783 1
2.1738131046295166 1
2.18005633354187 1
2.186546802520752 1
2.192507743835449 1
2.198779582977295 1
2.20890474319458 1
2.2156786918640137 1
2.22151780128479 1
2.228771448135376 1
2.23555850982666 1
2.2412326335906982 1
2.247934103012085 1
2.25365948677063 1
2.2599024772644043 1
2.2664551734924316 1
2.2723402976989746 1
2.2796971797943115 1
2.2862391471862793 1
2.2921102046966553 1
2.2983932495117188 1
2.3041844367980957 1
2.310778856277466 1
2.3170087337493896 1
2.322874069213867 1
2.3301548957824707 1
2.3366920948028564 1
2.3425323963165283 1
2.3487908840179443 1
2.3555591106414795 1
2.3610541820526123 1
2.3678741455078125 1
2.373650312423706 1
2.3808326721191406 1
2.3870837688446045 1
2.3929245471954346 1
2.3991873264312744 1
2.4059739112854004 1
2.4125123023986816 1
2.4187676906585693 1
2.42553448677063 1
2.4323391914367676 1
2.438603401184082 1
2.4450571537017822 1
2.4508185386657715 1
2.4570367336273193 1
2.463886260986328 1
2.47013258934021 1
2.4777469635009766 1
2.483261823654175 1
2.489893674850464 1
2.4964380264282227 1
2.502427101135254 1
2.5087168216705322 1
2.5152628421783447 1
2.520949125289917 1
2.5281898975372314 1
2.5340685844421387 1
2.540489435195923 1
2.5468344688415527 1
2.552772045135498 1
2.559061288833618 1
2.565814256668091 1
2.571552038192749 1
2.5985405445098877 1
2.609203338623047 1
2.6159563064575195 1
2.621898651123047 1
2.6283931732177734 1
2.635972261428833 1
2.641796827316284 1
2.6480770111083984 1
2.6538400650024414 1
2.6600871086120605 1
2.6666085720062256 1
2.672532796859741 1
2.6787612438201904 1
2.6862971782684326 1
2.697166681289673 1
2.7030014991760254 1
2.7092361450195312 1
2.7160158157348633 1
2.721885919570923 1
2.7282869815826416 1
2.7358129024505615 1
2.741544008255005 1
2.7479567527770996 1
2.753685712814331 1
2.760039806365967 1
2.7665367126464844 1
2.772386074066162 1
2.778657913208008 1
2.7861552238464355 1
2.7921600341796875 1
2.7984843254089355 1
2.8045730590820312 1
2.810694694519043 1
2.8169572353363037 1
2.8227741718292236 1
2.829068660736084 1
2.8366823196411133 1
2.8425354957580566 1
2.848888397216797 1
2.855651617050171 1
2.8611998558044434 1
2.867769241333008 1
2.8732106685638428 1
2.8797495365142822 1
2.887009382247925 1
2.8930070400238037 1
2.8995048999786377 1
2.9060733318328857 1
2.9120497703552246 1
2.9183156490325928 1
2.9240736961364746 1
2.930460214614868 1
2.9379355907440186 1
2.943683385848999 1
2.949918508529663 1
2.9564619064331055 1
2.9623289108276367 1
2.968719720840454 1
2.975250720977783 1
2.9809789657592773 1
2.988396644592285 1
2.9941821098327637 1
3.0006871223449707 1
3.011500597000122 1
3.0187902450561523 1
3.025562047958374 1
3.031519651412964 1
3.038731098175049 1
3.045267343521118 1
3.050945520401001 1
3.0571906566619873 1
3.0630886554718018 1
3.0696067810058594 1
3.0761184692382812 1
3.082014560699463 1
3.0891969203948975 1
3.095954179763794 1
3.1016831398010254 1
3.1080667972564697 1
3.1138055324554443 1
3.120054006576538 1
3.126580238342285 1
3.1323957443237305 1
3.139758825302124 1
3.146304130554199 1
3.1523144245147705 1
3.158576726913452 1
3.1646804809570312 1
3.1708242893218994 1
3.177058219909668 1
3.1829259395599365 1
3.1903209686279297 1
3.19675874710083 1
3.202559471130371 1
3.208888530731201 1
3.2156715393066406 1
3.2212154865264893 1
3.227768898010254 1
3.2332029342651367 1
3.2405381202697754 1
3.246901273727417 1
3.252765655517578 1
3.2590231895446777 1
3.2657809257507324 1
3.271635055541992 1
3.2781622409820557 1
3.2839646339416504 1
3.2915518283843994 1
3.297987461090088 1
3.3037054538726807 1
3.309926748275757 1
3.316457748413086 1
3.3223109245300293 1
3.3286921977996826 1
3.335186243057251 1
3.342008590698242 1
3.3484244346618652 1
3.3541412353515625 1
3.360731363296509 1
3.366973400115967 1
3.3728010654449463 1
3.379056453704834 1
3.385843276977539 1
3.391772747039795 1
3.398810863494873 1
3.4090113639831543 1
3.4158387184143066 1
3.4217705726623535 1
3.428212881088257 1
3.434011220932007 1
3.4405300617218018 1
3.4482338428497314 1
3.4540414810180664 1
3.461493492126465 1
3.4678966999053955 1
3.473587989807129 1
3.479862689971924 1
3.4863710403442383 1
3.492208480834961 1
3.499238967895508 1
3.506012439727783 1
3.5119998455047607 1
3.518317699432373 1
3.5240631103515625 1
3.5304574966430664 1
3.536787748336792 1
3.542733669281006 1
3.550018072128296 1
3.556518077850342 1
3.5623779296875 1
3.5687456130981445 1
3.5754799842834473 1
3.5809998512268066 1
3.587219476699829 1
3.5930635929107666 1
3.6005516052246094 1
3.6068432331085205 1
3.612739324569702 1
3.619028329849243 1
3.625781297683716 1
3.631633996963501 1
3.6380326747894287 1
3.6437582969665527 1
3.651021718978882 1
3.6576926708221436 1
3.6631572246551514 1
3.6698081493377686 1
3.6763017177581787 1
3.682143449783325 1
3.6885483264923096 1
3.6946678161621094 1
3.7019846439361572 1
3.708249807357788 1
3.714054822921753 1
3.7205240726470947 1
3.7268590927124023 1
3.7326838970184326 1
3.7389278411865234 1
3.745730400085449 1
3.752488851547241 1
3.7587506771087646 1
3.765519380569458 1
3.771038055419922 1
3.777726173400879 1
3.783188581466675 1
3.7896807193756104 1
3.7961461544036865 1
3.802952289581299 1
3.8131959438323975 1
3.8198206424713135 1
3.826322317123413 1
3.832277536392212 1
3.8386757373809814 1
3.8451859951019287 1
3.8520596027374268 1
3.8583874702453613 1
3.86409854888916 1
3.87064528465271 1
3.8769266605377197 1
3.8827574253082275 1
3.8890295028686523 1
3.89577317237854 1
3.9024438858032227 1
3.908738374710083 1
3.9154884815216064 1
3.9209530353546143 1
3.927189826965332 1
3.933192491531372 1
3.9397099018096924 1
3.9462904930114746 1
3.9528815746307373 1
3.9591643810272217 1
3.9659485816955566 1
3.9716782569885254 1
3.978105306625366 1
3.9838900566101074 1
3.990408420562744 1
3.996762275695801 1
4.003554344177246 1
4.009840488433838 1
4.016357421875 1
4.02219820022583 1
4.028521537780762 1
4.03599214553833 1
4.042204141616821 1
4.048651933670044 1
4.056220769882202 1
4.062209367752075 1
4.068541526794434 1
4.074652671813965 1
4.0807342529296875 1
4.087001085281372 1
4.092853546142578 1
4.099163293838501 1
4.106769323348999 1
4.112694025039673 1
4.118947267532349 1
4.125720500946045 1
4.131231784820557 1
4.137850284576416 1
4.1432623863220215 1
4.149755954742432 1
4.157028675079346 1
4.16287088394165 1
4.169525146484375 1
4.176029205322266 1
4.18187403678894 1
4.188263893127441 1
4.194058179855347 1
4.2004570960998535 1
4.211913585662842 1
4.218273401260376 1
4.224040985107422 1
4.230732202529907 1
4.237028121948242 1
4.242974042892456 1
4.249232530593872 1
4.2567644119262695 1
4.262675762176514 1
4.268962383270264 1
4.275718450546265 1
4.281243801116943 1
4.287956714630127 1
4.293698072433472 1
4.299939393997192 1
4.306450605392456 1
4.313052415847778 1
4.319692134857178 1
4.326226472854614 1
4.332054376602173 1
4.338365316390991 1
4.3441009521484375 1
4.35068941116333 1
4.357025623321533 1
4.363894939422607 1
4.3701441287994385 1
4.376641511917114 1
4.382411479949951 1
4.38869309425354 1
4.3951849937438965 1
4.400909185409546 1
4.407137632369995 1
4.414191722869873 1
4.4206461906433105 1
4.426891565322876 1
4.432710647583008 1
4.438966989517212 1
4.445711374282837 1
4.451556205749512 1
4.457960367202759 1
4.465986967086792 1
4.471941709518433 1
4.478216886520386 1
4.4840216636657715 1
4.490451812744141 1
4.496763706207275 1
4.502600431442261 1
4.508817911148071 1
4.516371965408325 1
4.522172212600708 1
4.528553485870361 1
4.535077333450317 1
4.5408172607421875 1
4.547030925750732 1
4.552884101867676 1
4.559137582778931 1
4.566693305969238 1
4.572531700134277 1
4.578902721405029 1
4.585651397705078 1
4.591559171676636 1
4.5991997718811035 1
4.605993747711182 1
4.6168646812438965 1
4.62280797958374 1
4.629170656204224 1
4.635948181152344 1
4.641863822937012 1
4.648261785507202 1
4.654047966003418 1
4.660438060760498 1
4.668035268783569 1
4.673775672912598 1
4.679992437362671 1
4.686463832855225 1
4.6923136711120605 1
4.698706388473511 1
4.705205678939819 1
4.711052417755127 1
4.7184739112854 1
4.72457480430603 1
4.73072075843811 1
4.736979007720947 1
4.742822170257568 1
4.749108791351318 1
4.7559144496917725 1
4.761770248413086 1
4.768911838531494 1
4.775684595108032 1
4.781229496002197 1
4.78779411315918 1
4.793236017227173 1
4.799809217453003 1
4.806312799453735 1
4.812171697616577 1
4.819265127182007 1
4.826038122177124 1
4.832011461257935 1
4.838433027267456 1
4.84415078163147 1
4.85070013999939 1
4.856959104537964 1
4.862845420837402 1
4.870258092880249 1
4.876657009124756 1
4.882526874542236 1
4.888927221298218 1
4.895721673965454 1
4.901252746582031 1
4.9078404903411865 1
4.913255214691162 1
4.920714855194092 1
4.928102970123291 1
4.9338672161102295 1
4.940076112747192 1
4.946598768234253 1
4.952518939971924 1
4.958744525909424 1
4.965520858764648 1
4.972353219985962 1
4.97857928276062 1
4.984674453735352 1
4.990771532058716 1
4.997020721435547 1
5.002871990203857 1
5.0131261348724365 1
5.020816087722778 1
5.027122974395752 1
5.03379487991333 1
5.041037082672119 1
5.047704696655273 1
5.053195238113403 1
5.059709072113037 1
5.06622576713562 1
5.072937965393066 1
5.079209327697754 1
5.08598518371582 1
5.0918049812316895 1
5.098225355148315 1
5.104050636291504 1
5.110453367233276 1
5.116786003112793 1
5.123600959777832 1
5.129985094070435 1
5.1364827156066895 1
5.142324686050415 1
5.148597717285156 1
5.155084848403931 1
5.160804510116577 1
5.16702127456665 1
5.1739397048950195 1
5.180257797241211 1
5.186840772628784 1
5.1927924156188965 1
5.205657005310059 1
5.21125602722168 1
5.217906713485718 1
5.225229740142822 1
5.2310357093811035 1
5.237723112106323 1
5.243173122406006 1
5.249823570251465 1
5.256444692611694 1
5.262338161468506 1
5.268595218658447 1
5.276126861572266 1
5.282002925872803 1
5.288259267807007 1
5.294041395187378 1
5.300498008728027 1
5.306825160980225 1
5.312808036804199 1
5.319133520126343 1
5.326692342758179 1
5.332538843154907 1
5.338756322860718 1
5.345484495162964 1
5.351017236709595 1
5.357785701751709 1
5.363248825073242 1
5.3699424266815186 1
5.377179861068726 1
5.383057117462158 1
5.389548301696777 1
5.396076679229736 1
5.402015686035156 1
5.408263683319092 1
5.4183433055877686 1
5.4240851402282715 1
5.431995630264282 1
5.438385009765625 1
5.444117307662964 1
5.450506687164307 1
5.456865310668945 1
5.4636924266815186 1
5.46991491317749 1
5.476434707641602 1
5.483075141906738 1
5.489718914031982 1
5.496255397796631 1
5.502108097076416 1
5.5084404945373535 1
5.514569997787476 1
5.520699977874756 1
5.526973724365234 1
5.533781051635742 1
5.540025472640991 1
5.5465686321258545 1
5.55251932144165 1
5.558752059936523 1
5.565521478652954 1
5.571027517318726 1
5.577708721160889 1
5.585079193115234 1
5.5908589363098145 1
5.597134590148926 1
5.602949380874634 1
5.609581232070923 1
5.61611270904541 1
5.622105836868286 1
5.628396987915039 1
5.635968923568726 1
5.641793727874756 1
5.648118019104004 1
5.6538872718811035 1
5.660124063491821 1
5.666605472564697 1
5.67255711555481 1
5.678776025772095 1
5.68637490272522 1
5.692774534225464 1
5.699165105819702 1
5.70592737197876 1
5.711767673492432 1
5.718088626861572 1
5.723859786987305 1
5.7311906814575195 1
5.737876892089844 1
5.7436113357543945 1
5.7500176429748535 1
5.756542921066284 1
5.7623536586761475 1
5.768721580505371 1
5.775500059127808 1
5.782150506973267 1
5.788653612136841 1
5.795117139816284 1
5.800861835479736 1
5.807138919830322 1
5.81791877746582 1
5.823657274246216 1
5.830010414123535 1
5.837800025939941 1
5.843555688858032 1
5.8499462604522705 1
5.856461524963379 1
5.862309217453003 1
5.868565797805786 1
5.8750832080841064 1
5.8809239864349365 1
5.888389587402344 1
5.894158601760864 1
5.900646209716797 1
5.906886339187622 1
5.912864685058594 1
5.91916298866272 1
5.925947904586792 1
5.9318013191223145 1
5.938751459121704 1
5.945531845092773 1
5.951021194458008 1
5.95770263671875 1
5.963196039199829 1
5.969824314117432 1
5.976457595825195 1
5.982309818267822 1
5.989503383636475 1
5.996016263961792 1
6.001802921295166 1
6.008246898651123 1
6.014066934585571 1
6.020466327667236 1
6.0267932415008545 1
6.034040212631226 1
6.041934967041016 1
6.048165321350098 1
6.053937911987305 1
6.060129404067993 1
6.066626071929932 1
6.07242488861084 1
6.0786566734313965 1
6.085144996643066 1
6.092190504074097 1
6.098499774932861 1
6.104612112045288 1
6.110685110092163 1
6.116931676864624 1
6.122750997543335 1
6.129030466079712 1
6.13581919670105 1
6.142590045928955 1
6.148953199386597 1
6.155702114105225 1
6.161253452301025 1
6.167858362197876 1
6.173583745956421 1
6.179839849472046 1
6.186436176300049 1
6.193090915679932 1
6.1996119022369385 1
6.206138849258423 1
6.216258764266968 1
6.222219467163086 1
6.228650808334351 1
6.235135316848755 1
6.2421159744262695 1
6.248435735702515 1
6.254173755645752 1
6.260653018951416 1
6.266957998275757 1
6.272909879684448 1
6.2791783809661865 1
6.285956859588623 1
6.292482376098633 1
6.2987282276153564 1
6.305524110794067 1
6.310994625091553 1
6.317207098007202 1
6.323106288909912 1
6.32976508140564 1
6.336304664611816 1
6.342908620834351 1
6.349177837371826 1
6.355957746505737 1
6.361790180206299 1
6.368084192276001 1
6.373821973800659 1
6.380054950714111 1
6.386536359786987 1
6.39323091506958 1
6.3999364376068115 1
6.406452178955078 1
6.412294626235962 1
6.418567180633545 1
6.425060749053955 1
6.430830717086792 1
6.437126398086548 1
6.443983554840088 1
6.450545787811279 1
6.456874132156372 1
6.463698863983154 1
6.469981670379639 1
6.4764814376831055 1
6.4823150634765625 1
6.4887237548828125 1
6.496316194534302 1
6.502189874649048 1
6.508571624755859 1
6.5150604248046875 1
6.520780086517334 1
6.527002811431885 1
6.532970666885376 1
6.539238214492798 1
6.546882390975952 1
6.552710294723511 1
6.558941602706909 1
6.56572961807251 1
6.5715858936309814 1
6.577955722808838 1
6.58367919921875 1
6.589931011199951 1
6.597155570983887 1
6.603020429611206 1
6.609258651733398 1
6.619601488113403 1
6.626117706298828 1
6.632218360900879 1
6.638643026351929 1
6.645092964172363 1
6.651964902877808 1
6.6583311557769775 1
6.6640825271606445 1
6.67046046257019 1
6.676775217056274 1
6.682570457458496 1
6.688947916030884 1
6.695741891860962 1
6.702499866485596 1
6.708783864974976 1
6.715544939041138 1
6.721031665802002 1
6.727701425552368 1
6.733191013336182 1
6.739698171615601 1
6.746226787567139 1
6.752980947494507 1
6.7592384815216064 1
6.766019344329834 1
6.771840333938599 1
6.778095722198486 1
6.7838475704193115 1
6.790292501449585 1
6.796692371368408 1
6.803214073181152 1
6.809859275817871 1
6.816416501998901 1
6.822217702865601 1
6.828525543212891 1
6.834658145904541 1
6.840745449066162 1
6.846995830535889 1
6.853954553604126 1
6.860278606414795 1
6.866693735122681 1
6.872610569000244 1
6.878862142562866 1
6.885633707046509 1
6.891189336776733 1
6.897766590118408 1
6.905076503753662 1
6.910839319229126 1
6.9170615673065186 1
6.923033237457275 1
6.929644584655762 1
6.936178207397461 1
6.942039251327515 1
6.948307752609253 1
6.95572829246521 1
6.961247205734253 1
6.967888593673706 1
6.973597764968872 1
6.979854583740234 1
6.986412763595581 1
6.992345571517944 1
6.998620271682739 1
7.006158351898193 1
7.0119948387146 1
7.022026300430298 1
7.028440952301025 1
7.036339998245239 1
7.042275905609131 1
7.04879903793335 1
7.056409120559692 1
7.062208890914917 1
7.068480730056763 1
7.074569463729858 1
7.080688238143921 1
7.086968421936035 1
7.092799663543701 1
7.099075078964233 1
7.106666803359985 1
7.112608909606934 1
7.118823766708374 1
7.125615119934082 1
7.133706331253052 1
7.143733978271484 1
7.149967908859253 1
7.157697677612305 1
7.1631739139556885 1
7.1698338985443115 1
7.176337718963623 1
7.1823225021362305 1
7.188608407974243 1
7.195082664489746 1
7.2008376121521 1
7.2087249755859375 1
7.215248346328735 1
7.220974922180176 1
7.227690935134888 1
7.233190298080444 1
7.23970365524292 1
7.2462239265441895 1
7.252103328704834 1
7.25906229019165 1
7.265805244445801 1
7.271505832672119 1
7.2778966426849365 1
7.2836854457855225 1
7.290037631988525 1
7.296541213989258 1
7.302375316619873 1
7.309823751449585 1
7.316316604614258 1
7.32218074798584 1
7.328462362289429 1
7.334177494049072 1
7.340639591217041 1
7.3468968868255615 1
7.352909803390503 1
7.360438346862793 1
7.366753101348877 1
7.3725690841674805 1
7.378803730010986 1
7.385578632354736 1
7.391169786453247 1
7.397738456726074 1
7.403197288513184 1
7.410911321640015 1
7.420974969863892 1
7.427698612213135 1
7.433859348297119 1
7.440783739089966 1
7.447044849395752 1
7.453006744384766 1
7.461082220077515 1
7.4678404331207275 1
7.473544597625732 1
7.479796648025513 1
7.486319303512573 1
7.4922120571136475 1
7.498521566390991 1
7.50464129447937 1
7.511940002441406 1
7.518203020095825 1
7.523978233337402 1
7.5305016040802 1
7.536861896514893 1
7.542684555053711 1
7.548934698104858 1
7.555712699890137 1
7.562194585800171 1
7.56863260269165 1
7.5750885009765625 1
7.580862045288086 1
7.587142705917358 1
7.593102216720581 1
7.59963583946228 1
7.606130123138428 1
7.612772226333618 1
7.619035243988037 1
7.625781536102295 1
7.63150954246521 1
7.637880563735962 1
7.643576622009277 1
7.65299654006958 1
7.659607887268066 1
7.666905879974365 1
7.672850847244263 1
7.679523706436157 1
7.6860339641571045 1
7.696130037307739 1
7.702178955078125 1
7.708594799041748 1
7.716140270233154 1
7.721987962722778 1
7.728248596191406 1
7.734038829803467 1
7.740455627441406 0
7.746871709823608 1
7.752767086029053 1
7.7590601444244385 0
7.766617059707642 0
7.781236171722412 0
7.788079261779785 0
7.793878078460693 0
7.800099849700928 0
7.806655645370483 0
7.812476873397827 -1
7.8236403465271 -1
7.8304643630981445 -2
7.836931943893433 -2
7.8429975509643555 -2
7.849670171737671 -2
