0 0 0
0.0001201629638671875 -2508 0
0.006853342056274414 -2508 -2
0.01387166976928711 -2509 -17
0.019559621810913086 -2510 -97
0.027332782745361328 -2511 -77
0.033930063247680664 -2513 -101
0.04252338409423828 -2515 -233
0.04798150062561035 -2517 -286
0.05467557907104492 -2519 -317
0.06290364265441895 -2522 -364
0.07367110252380371 -2527 -393
0.07927989959716797 -2531 -428
0.08711004257202148 -2534 -456
0.09384679794311523 -2538 -481
0.10218405723571777 -2540 -494
0.10780167579650879 -2544 -513
0.11426782608032227 -2548 -529
0.1228940486907959 -2551 -541
0.12856769561767578 -2556 -547
0.13526511192321777 -2560 -561
0.14365148544311523 -2564 -565
0.14927268028259277 -2567 -578
0.15561151504516602 -2571 -585
0.16324448585510254 -2576 -594
0.16872620582580566 -2579 -599
0.17617487907409668 -2583 -605
0.1838700771331787 -2588 -611
0.18956613540649414 -2593 -613
0.1970987319946289 -2598 -618
0.20491242408752441 -2600 -619
0.21023201942443848 -2605 -619
0.21794414520263672 -2610 -622
0.22554302215576172 -2614 -628
0.2332592010498047 -2620 -634
0.2409067153930664 -2624 -637
0.2472546100616455 -2628 -637
0.2540159225463867 -2633 -638
0.2626187801361084 -2637 -637
0.26812124252319336 -2642 -639
0.27490806579589844 -2645 -638
0.2832984924316406 -2651 -637
0.28888869285583496 -2655 -640
0.29534912109375 -2659 -640
0.30283427238464355 -2663 -643
0.30829691886901855 -2668 -647
0.3167145252227783 -2672 -647
0.32422924041748047 -2677 -643
0.3299529552459717 -2682 -642
0.337299108505249 -2687 -644
0.34526658058166504 -2691 -644
0.3508269786834717 -2695 -647
0.3599088191986084 -2700 -646
0.36618924140930176 -2704 -647
0.3727743625640869 -2708 -651
0.3805699348449707 -2714 -650
0.38689231872558594 -2717 -649
0.39348578453063965 -2722 -648
0.39908695220947266 -2726 -646
0.4054725170135498 -2730 -644
0.4110286235809326 -2734 -646
0.41730475425720215 -2738 -649
0.4239025115966797 -2742 -650
0.43065333366394043 -2747 -650
0.43709540367126465 -2751 -651
0.44366955757141113 -2755 -650
0.44927406311035156 -2759 -650
0.45560240745544434 -2762 -652
0.46119070053100586 -2766 -649
0.46744275093078613 -2773 -647
0.47797560691833496 -2778 -647
0.4856696128845215 -2782 -647
0.49120140075683594 -2786 -651
0.4979391098022461 -2790 -652
0.504544734954834 -2794 -650
0.5100491046905518 -2798 -652
0.5162854194641113 -2802 -650
0.5228803157806396 -2806 -649
0.5285511016845703 -2810 -649
0.5359501838684082 -2814 -647
0.5422604084014893 -2818 -647
0.547959566116333 -2822 -645
0.5549118518829346 -2826 -647
0.560236930847168 -2832 -651
0.56675124168396 -2834 -655
0.5732464790344238 -2839 -654
0.5787181854248047 -2843 -651
0.585904598236084 -2847 -647
0.592221736907959 -2854 -646
0.6037964820861816 -2859 -649
0.6095132827758789 -2862 -648
0.6160783767700195 -2866 -650
0.622650146484375 -2870 -650
0.6282680034637451 -2876 -653
0.635753870010376 -2880 -653
0.6412990093231201 -2884 -654
0.6485745906829834 -2889 -651
0.6551165580749512 -2891 -650
0.660689115524292 -2896 -646
0.6669869422912598 -2900 -647
0.6790904998779297 -2908 -650
0.6862266063690186 -2912 -652
0.6928386688232422 -2917 -651
0.7005569934844971 -2922 -653
0.70684814453125 -2925 -651
0.7134451866149902 -2930 -651
0.7189970016479492 -2934 -650
0.7254009246826172 -2938 -649
0.7309949398040771 -2942 -646
0.7386293411254883 -2947 -646
0.7451376914978027 -2950 -648
0.7507507801055908 -2955 -651
0.757054328918457 -2959 -655
0.763620138168335 -2963 -654
0.7692430019378662 -2967 -650
0.775583028793335 -2970 -651
0.781125545501709 -2974 -648
0.7886338233947754 -2980 -650
0.7952842712402344 -2984 -647
0.8008382320404053 -2988 -648
0.8070924282073975 -2991 -648
0.8136839866638184 -2995 -650
0.8192861080169678 -2999 -651
0.8256137371063232 -3003 -652
0.8311779499053955 -3007 -655
0.838672399520874 -3012 -652
0.845207691192627 -3016 -649
0.8508009910583496 -3020 -646
0.857264518737793 -3024 -648
0.8640041351318359 -3028 -647
0.8741304874420166 -3034 -648
0.8798477649688721 -3038 -649
0.8873457908630371 -3043 -651
0.8940820693969727 -3047 -652
0.8998370170593262 -3051 -652
0.9061322212219238 -3055 -652
0.9126834869384766 -3059 -648
0.9182910919189453 -3064 -647
0.9250948429107666 -3067 -645
0.9306919574737549 -3072 -648
0.9377501010894775 -3076 -648
0.9442121982574463 -3080 -650
0.9499132633209229 -3084 -651
0.9562196731567383 -3088 -651
0.9628186225891113 -3092 -652
0.96828293800354 -3097 -651
0.975203275680542 -3100 -652
0.9807806015014648 -3104 -649
0.9880056381225586 -3108 -646
0.9950664043426514 -3112 -645
