0 0 0
7.891654968261719e-05 -1769 0
0.007142782211303711 -1770 -2
0.01360630989074707 -1770 -7
0.020346879959106445 -1771 -13
0.02836132049560547 -1772 -82
0.03476548194885254 -1775 -52
0.041733741760253906 -1776 -248
0.04781794548034668 -1780 -314
0.0573725700378418 -1783 -365
0.06366586685180664 -1786 -400
0.07022953033447266 -1789 -465
0.08329391479492188 -1794 -493
0.09009981155395508 -1799 -510
0.09574055671691895 -1802 -539
0.10259366035461426 -1807 -565
0.1114499568939209 -1810 -584
0.11679649353027344 -1815 -599
0.12329363822937012 -1820 -615
0.13234162330627441 -1824 -632
0.1382901668548584 -1828 -643
0.1442859172821045 -1833 -651
0.15209054946899414 -1837 -656
0.15950894355773926 -1841 -665
0.1652076244354248 -1847 -673
0.17257475852966309 -1851 -685
0.1802840232849121 -1856 -689
0.18592357635498047 -1862 -697
0.1933763027191162 -1865 -700
0.2007758617401123 -1870 -704
0.20647859573364258 -1876 -710
0.21399903297424316 -1882 -712
0.22178435325622559 -1886 -712
0.22922325134277344 -1890 -713
0.23488569259643555 -1896 -720
0.24248838424682617 -1901 -728
0.25089597702026367 -1907 -730
0.2566211223602295 -1912 -730
0.26398134231567383 -1918 -729
0.2719392776489258 -1923 -730
0.2821352481842041 -1932 -731
0.2907891273498535 -1936 -733
0.29650068283081055 -1940 -736
0.305208683013916 -1948 -741
0.3118133544921875 -1952 -742
0.31738781929016113 -1956 -740
0.3236820697784424 -1962 -736
0.3324728012084961 -1967 -736
0.3388190269470215 -1972 -738
0.3445906639099121 -1977 -741
0.35217738151550293 -1982 -739
0.3599684238433838 -1988 -741
0.3656039237976074 -1992 -746
0.3728678226470947 -1997 -744
0.38054323196411133 -2002 -743
0.3862755298614502 -2008 -739
0.39382290840148926 -2013 -737
0.4012634754180908 -2018 -740
0.4066646099090576 -2022 -742
0.41321706771850586 -2026 -745
0.4198007583618164 -2032 -746
0.425321102142334 -2037 -746
0.4318196773529053 -2041 -747
0.4374125003814697 -2046 -745
0.4445610046386719 -2050 -743
0.4514954090118408 -2054 -741
0.4568216800689697 -2060 -741
0.46332716941833496 -2064 -745
0.4698820114135742 -2070 -747
0.47535085678100586 -2074 -748
0.4819040298461914 -2078 -749
0.4874746799468994 -2083 -747
0.49480628967285156 -2089 -743
0.5016083717346191 -2092 -744
0.5071918964385986 -2098 -743
0.5136520862579346 -2102 -741
0.5202088356018066 -2107 -743
0.5258116722106934 -2111 -747
0.5321629047393799 -2116 -750
0.5377657413482666 -2120 -749
0.5452768802642822 -2126 -748
0.5517995357513428 -2131 -745
0.5573835372924805 -2135 -744
0.5636744499206543 -2140 -741
0.5704336166381836 -2144 -745
0.5761308670043945 -2148 -744
0.5823686122894287 -2153 -746
0.5882723331451416 -2159 -749
0.5954418182373047 -2164 -749
0.6019229888916016 -2168 -748
0.6075081825256348 -2172 -745
0.613811731338501 -2177 -742
0.6206169128417969 -2182 -741
0.6263549327850342 -2186 -745
0.6328110694885254 -2190 -746
0.6394739151000977 -2196 -747
0.6462559700012207 -2201 -748
0.6525211334228516 -2205 -748
0.6588485240936279 -2210 -749
0.6644999980926514 -2214 -748
0.6708681583404541 -2219 -744
0.6814842224121094 -2226 -741
0.6868565082550049 -2232 -745
0.6946578025817871 -2236 -747
0.7016284465789795 -2241 -749
0.7071785926818848 -2247 -748
0.7136309146881104 -2252 -748
0.7202277183532715 -2256 -745
0.7258448600769043 -2260 -747
0.7321693897247314 -2265 -746
0.7377688884735107 -2270 -741
0.7452285289764404 -2275 -741
0.7519316673278809 -2280 -745
0.7575395107269287 -2284 -750
0.7638230323791504 -2289 -749
0.7704493999481201 -2293 -748
0.7761485576629639 -2298 -747
0.7824423313140869 -2302 -745
0.7887599468231201 -2307 -744
0.7955682277679443 -2313 -744
0.802001953125 -2317 -744
0.8075590133666992 -2322 -745
0.8139772415161133 -2326 -746
0.8205554485321045 -2331 -750
0.8262965679168701 -2337 -750
0.833599328994751 -2341 -742
0.8468079566955566 -2352 -744
0.8576898574829102 -2359 -743
0.8646669387817383 -2365 -746
0.8724091053009033 -2370 -749
0.8802425861358643 -2376 -748
0.8858439922332764 -2382 -749
0.8938641548156738 -2387 -745
0.9019041061401367 -2393 -743
0.9104361534118652 -2398 -742
0.9161677360534668 -2402 -745
0.9224944114685059 -2413 -747
0.9367682933807373 -2419 -749
0.9446635246276855 -2425 -747
0.9522902965545654 -2429 -747
0.9599964618682861 -2435 -745
0.9672191143035889 -2441 -742
0.9735395908355713 -2446 -744
0.9805378913879395 -2450 -748
0.9862644672393799 -2454 -749
0.9927215576171875 -2459 -750
