0 0 0
7.891654968261719e-05 -4146 0
0.010422945022583008 -4145 2
0.01805591583251953 -4145 14
0.024298906326293945 -4144 11
0.03214716911315918 -4142 58
0.039893150329589844 -4141 140
0.04554629325866699 -4139 161
0.053275346755981445 -4138 221
0.060266971588134766 -4135 260
0.06857085227966309 -4134 283
0.07413840293884277 -4132 293
0.08057212829589844 -4129 318
0.08921408653259277 -4127 334
0.09465670585632324 -4124 345
0.1013951301574707 -4122 364
0.10995364189147949 -4118 373
0.11560583114624023 -4116 385
0.1219491958618164 -4114 389
0.12935662269592285 -4111 397
0.13504290580749512 -4108 409
0.14240717887878418 -4106 420
0.15427923202514648 -4100 427
0.1611924171447754 -4097 431
0.16988229751586914 -4093 434
0.17550945281982422 -4091 435
0.18205857276916504 -4087 438
0.19062352180480957 -4084 440
0.19629955291748047 -4082 440
0.2025775909423828 -4079 446
0.21108126640319824 -4076 448
0.21646547317504883 -4072 450
0.22383403778076172 -4068 451
0.23178744316101074 -4066 453
0.2392113208770752 -4063 455
0.24463152885437012 -4059 455
0.2522239685058594 -4056 460
0.2598702907562256 -4053 460
0.26550865173339844 -4050 461
0.27414917945861816 -4046 460
0.28061485290527344 -4044 458
0.2863187789916992 -4040 458
0.2950279712677002 -4036 456
0.30161476135253906 -4034 458
0.3071634769439697 -4030 459
0.31344103813171387 -4022 463
0.33194828033447266 -4018 466
0.3411865234375 -4016 463
0.34651899337768555 -4012 461
0.35571861267089844 -4008 464
0.36321163177490234 -4006 464
0.3715977668762207 -4001 464
0.37917184829711914 -3997 463
0.3870999813079834 -3994 459
0.3959500789642334 -3988 462
0.4062039852142334 -3984 463
0.41544389724731445 -3980 467
0.42331480979919434 -3978 468
0.43001222610473633 -3973 467
0.4397149085998535 -3969 464
0.44529199600219727 -3966 464
0.4529416561126709 -3964 464
0.46048688888549805 -3959 464
0.4693567752838135 -3956 465
0.47560858726501465 -3952 463
0.4819331169128418 -3949 462
0.4903392791748047 -3946 461
0.49606823921203613 -3943 462
0.502326488494873 -3940 463
0.5099525451660156 -3937 463
0.515575647354126 -3933 468
0.523740291595459 -3928 467
0.5353329181671143 -3925 465
0.5434949398040771 -3921 465
0.5503227710723877 -3917 463
0.5573832988739014 -3914 463
0.5646660327911377 -3910 462
0.5732555389404297 -3908 464
0.5826263427734375 -3903 463
0.5892856121063232 -3900 464
0.5951194763183594 -3897 464
0.6020286083221436 -3894 464
0.6075503826141357 -3891 467
0.6137993335723877 -3888 465
0.6215505599975586 -3885 466
0.6271390914916992 -3882 467
0.6340672969818115 -3879 466
0.6405222415924072 -3876 464
0.6471319198608398 -3872 463
0.6535921096801758 -3870 463
0.6602523326873779 -3867 462
0.6659491062164307 -3864 464
0.6732027530670166 -3862 466
0.6797974109649658 -3858 464
0.6853485107421875 -3855 467
0.6918106079101562 -3852 468
0.6973526477813721 -3850 466
0.7036144733428955 -3846 467
0.7104349136352539 -3844 465
0.716158390045166 -3841 466
0.7234988212585449 -3837 467
0.7300233840942383 -3832 465
0.7403755187988281 -3830 464
0.7460887432098389 -3827 461
0.752349853515625 -3824 462
0.758939266204834 -3822 460
0.7643797397613525 -3819 462
0.7713401317596436 -3815 465
0.7775712013244629 -3812 466
0.7838015556335449 -3809 467
0.790337324142456 -3806 469
0.7960484027862549 -3803 468
0.8060271739959717 -3799 466
0.8124713897705078 -3796 464
0.8190243244171143 -3794 466
0.825984001159668 -3790 466
0.8325278759002686 -3787 466
0.8391127586364746 -3784 465
0.8448901176452637 -3780 464
0.8514463901519775 -3778 463
0.8569967746734619 -3775 463
0.8632659912109375 -3773 466
0.8698348999023438 -3769 466
0.8762936592102051 -3766 467
0.8825795650482178 -3764 468
0.8892002105712891 -3761 469
0.8950362205505371 -3757 468
0.9015400409698486 -3754 467
0.9071133136749268 -3752 465
0.9133884906768799 -3749 465
0.9199438095092773 -3746 465
0.9264099597930908 -3743 465
0.9329097270965576 -3740 465
0.9393143653869629 -3738 464
0.9450278282165527 -3734 464
0.9516847133636475 -3731 464
0.9646527767181396 -3724 465
0.9719357490539551 -3720 466
0.981471061706543 -3718 469
0.9885742664337158 -3714 468
0.9943439960479736 -3710 467
