0 0 0
7.867813110351562e-05 -5009 0
0.00869894027709961 -5009 0
0.015208721160888672 -5009 0
0.020803451538085938 -5009 0
0.027993440628051758 -5009 0
0.03649759292602539 -5009 2
0.042166948318481445 -5009 2
0.048412322998046875 -5008 7
0.05742287635803223 -5008 16
0.0627601146697998 -5008 16
0.06932353973388672 -5008 16
0.07671236991882324 -5007 34
0.08242487907409668 -5007 46
0.09539055824279785 -5006 50
0.10120725631713867 -5006 50
0.10793375968933105 -5006 50
0.11538457870483398 -5005 56
0.12132668495178223 -5004 58
0.12870144844055176 -5004 61
0.13646745681762695 -5004 61
0.14217376708984375 -5003 62
0.14954543113708496 -5003 65
0.15726470947265625 -5002 65
0.16263794898986816 -5002 64
0.1699995994567871 -5001 66
0.17992734909057617 -5001 67
0.18655633926391602 -5000 68
0.19227313995361328 -5000 68
0.19854450225830078 -4999 67
0.2073357105255127 -4999 68
0.21271324157714844 -4998 67
0.21923446655273438 -4998 68
0.22779178619384766 -4998 68
0.2333824634552002 -4997 68
0.2398672103881836 -4996 69
0.24768471717834473 -4996 69
0.25440168380737305 -4996 69
0.26041221618652344 -4995 69
0.2682788372039795 -4995 69
0.27585315704345703 -4994 70
0.2813279628753662 -4994 70
0.28865504264831543 -4993 71
0.2964620590209961 -4992 71
0.30216431617736816 -4992 70
0.30950069427490234 -4992 70
0.3168644905090332 -4991 71
0.3226175308227539 -4991 69
0.3299572467803955 -4990 70
0.33771753311157227 -4990 70
0.3448812961578369 -4989 70
0.35054731369018555 -4989 70
0.3583087921142578 -4988 70
0.3659169673919678 -4988 70
0.37135791778564453 -4987 70
0.37872934341430664 -4987 71
0.3863511085510254 -4986 71
0.391953706741333 -4986 71
0.3995840549468994 -4985 71
0.4073173999786377 -4985 70
0.41272807121276855 -4984 70
0.42034101486206055 -4984 70
0.4279935359954834 -4983 69
0.4335517883300781 -4983 70
0.4417276382446289 -4982 70
0.44756102561950684 -4982 69
0.45368528366088867 -4982 70
0.460864782333374 -4981 70
0.4687693119049072 -4980 70
0.4760465621948242 -4980 71
0.4815948009490967 -4979 71
0.491779088973999 -4979 71
0.4992694854736328 -4978 70
0.5059487819671631 -4978 70
0.5115048885345459 -4977 70
0.518080472946167 -4977 70
0.5236279964447021 -4976 70
0.530043363571167 -4976 70
0.5367424488067627 -4976 70
0.5424506664276123 -4975 70
0.5498149394989014 -4975 70
0.5563523769378662 -4974 70
0.5619673728942871 -4974 71
0.5682928562164307 -4974 71
0.5738587379455566 -4973 71
0.5801091194152832 -4972 71
0.5866596698760986 -4972 70
0.5923194885253906 -4972 70
0.5996890068054199 -4971 71
0.6062843799591064 -4971 71
0.6119470596313477 -4970 72
0.6182718276977539 -4970 72
0.6238067150115967 -4970 71
0.6300389766693115 -4969 71
0.6365985870361328 -4968 70
0.6423029899597168 -4968 71
0.6496026515960693 -4968 71
0.6563801765441895 -4967 71
0.6620631217956543 -4967 71
0.6683568954467773 -4966 71
0.6738860607147217 -4966 71
0.6801061630249023 -4965 71
0.686657190322876 -4965 71
0.692326545715332 -4964 71
0.6996300220489502 -4964 71
0.706204891204834 -4964 71
0.7118251323699951 -4963 71
0.7183444499969482 -4963 71
0.7238907814025879 -4962 71
0.7300975322723389 -4962 71
0.7366886138916016 -4962 71
0.7423405647277832 -4961 70
0.748568058013916 -4960 70
0.7562336921691895 -4960 70
0.7618517875671387 -4960 70
0.7681522369384766 -4959 70
0.773709774017334 -4959 70
0.7803096771240234 -4958 70
0.7872490882873535 -4958 70
0.7926290035247803 -4958 70
0.7988724708557129 -4957 70
0.806502103805542 -4956 70
0.8122320175170898 -4956 71
0.8184878826141357 -4956 71
0.8244013786315918 -4955 71
0.8303310871124268 -4955 70
0.8372671604156494 -4954 70
0.8427057266235352 -4954 69
0.8491964340209961 -4953 69
0.856731653213501 -4953 69
0.8624062538146973 -4952 69
0.8687071800231934 -4952 69
0.8752565383911133 -4952 69
0.8806796073913574 -4951 69
0.8906145095825195 -4950 69
0.8976612091064453 -4950 70
0.904386043548584 -4950 70
0.9106001853942871 -4949 70
0.9175918102264404 -4949 70
0.9231655597686768 -4948 70
0.9294619560241699 -4948 70
0.9360284805297852 -4947 70
0.9415843486785889 -4947 70
0.9479701519012451 -4946 70
0.9553403854370117 -4946 69
0.9609053134918213 -4946 69
0.9676663875579834 -4945 70
0.9732050895690918 -4945 70
0.9794578552246094 -4944 71
0.9861061573028564 -4944 71
0.9917082786560059 -4943 70
0.9980490207672119 -4943 70
