0 0 0
7.867813110351562e-05 -4509 0
0.007114410400390625 -4509 0
0.01543879508972168 -4508 7
0.022673845291137695 -4508 17
0.030675888061523438 -4507 49
0.03600287437438965 -4506 35
0.04360628128051758 -4505 141
0.05088186264038086 -4503 186
0.05991101264953613 -4502 185
0.06562924385070801 -4500 205
0.07209014892578125 -4498 230
0.08094096183776855 -4497 249
0.08650469779968262 -4494 261
0.09279227256774902 -4492 277
0.10130476951599121 -4490 288
0.10683512687683105 -4488 299
0.11317253112792969 -4486 302
0.12095022201538086 -4485 311
0.12811923027038574 -4482 317
0.13399457931518555 -4480 326
0.14159631729125977 -4478 329
0.14936423301696777 -4475 333
0.15499639511108398 -4472 336
0.1624612808227539 -4471 339
0.1698915958404541 -4468 341
0.17563414573669434 -4465 342
0.18297243118286133 -4462 346
0.19092512130737305 -4461 348
0.19833970069885254 -4458 349
0.20382952690124512 -4455 353
0.21673822402954102 -4451 355
0.22321295738220215 -4449 355
0.22992992401123047 -4447 357
0.23564434051513672 -4444 358
0.24314117431640625 -4441 359
0.2511129379272461 -4439 363
0.25666356086730957 -4434 364
0.2712101936340332 -4430 365
0.2823972702026367 -4426 362
0.29290008544921875 -4424 362
0.299468994140625 -4421 362
0.30506014823913574 -4419 362
0.3164811134338379 -4415 362
0.32280468940734863 -4412 364
0.3293759822845459 -4410 364
0.3369159698486328 -4408 364
0.34577155113220215 -4404 365
0.35206151008605957 -4402 365
0.35865283012390137 -4400 366
0.3695814609527588 -4396 367
0.37526583671569824 -4394 369
0.38155531883239746 -4390 369
0.38995361328125 -4387 368
0.3995189666748047 -4385 366
0.40514397621154785 -4382 364
0.4118971824645996 -4378 364
0.4225175380706787 -4377 363
0.4292144775390625 -4374 363
0.4348311424255371 -4370 364
0.4447343349456787 -4368 365
0.451401948928833 -4364 368
0.46538209915161133 -4360 368
0.4749774932861328 -4357 370
0.48258376121520996 -4353 367
0.49274301528930664 -4351 366
0.49932265281677246 -4347 367
0.5067844390869141 -4345 366
0.5130786895751953 -4343 366
0.5200314521789551 -4341 367
0.5257110595703125 -4338 365
0.5320243835449219 -4336 365
0.539799690246582 -4334 365
0.545551061630249 -4331 363
0.551969051361084 -4329 363
0.5593135356903076 -4326 363
0.5649261474609375 -4324 365
0.5713038444519043 -4322 365
0.5768170356750488 -4320 366
0.5830588340759277 -4316 369
0.5907840728759766 -4315 369
0.5961036682128906 -4312 369
0.6026372909545898 -4311 369
0.6119306087493896 -4306 367
0.6196403503417969 -4304 367
0.6253430843353271 -4302 365
0.6317458152770996 -4300 365
0.6392402648925781 -4297 366
0.6449084281921387 -4294 366
0.6512913703918457 -4292 366
0.6568179130554199 -4290 366
0.6630849838256836 -4287 364
0.6709821224212646 -4286 365
0.6765432357788086 -4283 366
0.6827826499938965 -4281 364
0.6900029182434082 -4278 366
0.6957130432128906 -4276 366
0.7020010948181152 -4274 368
0.708575963973999 -4272 367
0.7140083312988281 -4269 370
0.7207722663879395 -4268 370
0.7261042594909668 -4264 368
0.7328071594238281 -4262 369
0.7393519878387451 -4260 366
0.7458288669586182 -4258 365
0.7521257400512695 -4256 364
0.7587740421295166 -4254 364
0.7644946575164795 -4250 364
0.7709934711456299 -4249 364
0.776557207107544 -4246 364
0.7828092575073242 -4244 366
0.78957200050354 -4242 366
0.7959797382354736 -4239 367
0.8026716709136963 -4238 366
0.8092021942138672 -4234 365
0.8147363662719727 -4232 366
0.8211801052093506 -4230 366
0.8267397880554199 -4228 366
0.8330483436584473 -4226 368
0.8396718502044678 -4224 370
0.8465442657470703 -4220 369
0.8529601097106934 -4218 367
0.8594822883605957 -4216 368
0.8650734424591064 -4214 366
0.8713781833648682 -4212 366
0.8769822120666504 -4210 364
0.8832204341888428 -4207 363
0.8898293972015381 -4204 362
0.8966264724731445 -4202 365
0.9028937816619873 -4200 367
0.9096243381500244 -4198 367
0.915339469909668 -4196 367
0.9215590953826904 -4194 368
0.9270591735839844 -4191 369
0.9337031841278076 -4189 365
0.940070629119873 -4186 367
0.946791410446167 -4184 366
0.9530541896820068 -4182 366
0.959660530090332 -4180 366
0.965369701385498 -4177 366
0.971839427947998 -4175 365
0.9784178733825684 -4173 367
0.9838860034942627 -4171 367
0.9906406402587891 -4168 367
0.9969735145568848 -4166 365
