0 0 0
7.724761962890625e-05 -4941 0
0.006670951843261719 -4941 0
0.013807535171508789 -4941 0
0.01911306381225586 -4941 0
0.02994847297668457 -4941 -3
0.03649282455444336 -4941 -3
0.043024301528930664 -4941 -3
0.04876136779785156 -4942 -7
0.05615735054016113 -4942 -7
0.06401419639587402 -4942 -7
0.07120895385742188 -4942 -14
0.0769047737121582 -4943 -34
0.08444547653198242 -4943 -34
0.09184575080871582 -4944 -45
0.0977637767791748 -4944 -52
0.11451292037963867 -4945 -57
0.12321186065673828 -4945 -58
0.12897086143493652 -4946 -58
0.1356651782989502 -4946 -62
0.1430513858795166 -4946 -62
0.1487562656402588 -4947 -63
0.1562647819519043 -4948 -64
0.1640608310699463 -4948 -65
0.17018604278564453 -4948 -67
0.17897391319274902 -4949 -66
0.185530424118042 -4950 -68
0.19191503524780273 -4950 -68
0.19965243339538574 -4950 -68
0.2059338092803955 -4951 -68
0.2136385440826416 -4951 -68
0.21903276443481445 -4952 -68
0.226395845413208 -4952 -68
0.2341320514678955 -4953 -67
0.24152040481567383 -4953 -68
0.2469944953918457 -4954 -68
0.2547953128814697 -4954 -67
0.26244235038757324 -4955 -69
0.2680482864379883 -4955 -68
0.27562665939331055 -4956 -68
0.28307056427001953 -4956 -69
0.2887740135192871 -4957 -69
0.2961130142211914 -4957 -70
0.30394721031188965 -4958 -71
0.31064748764038086 -4958 -70
0.316664457321167 -4959 -69
0.3243093490600586 -4959 -69
0.33176207542419434 -4960 -69
0.33764052391052246 -4960 -69
0.3449862003326416 -4960 -69
0.3526153564453125 -4961 -69
0.3582580089569092 -4962 -69
0.36640071868896484 -4962 -70
0.3741738796234131 -4963 -70
0.3815877437591553 -4963 -69
0.38721418380737305 -4964 -70
0.394977331161499 -4964 -70
0.40178894996643066 -4964 -71
0.40961551666259766 -4965 -71
0.41593122482299805 -4966 -70
0.4225120544433594 -4966 -70
0.4298262596130371 -4966 -70
0.43608736991882324 -4967 -69
0.4426264762878418 -4968 -70
0.44826436042785645 -4968 -70
0.45478034019470215 -4968 -69
0.4607048034667969 -4969 -70
0.46663498878479004 -4969 -69
0.47305774688720703 -4970 -70
0.4797987937927246 -4970 -70
0.48601722717285156 -4970 -70
0.4925649166107178 -4971 -71
0.4981658458709717 -4971 -70
0.5045270919799805 -4972 -72
0.5149781703948975 -4972 -72
0.5215539932250977 -4973 -70
0.5271542072296143 -4974 -69
0.5446631908416748 -4975 -70
0.5526611804962158 -4975 -70
0.558286190032959 -4976 -69
0.5657956600189209 -4976 -70
0.5737504959106445 -4976 -69
0.5800669193267822 -4977 -70
0.5897469520568848 -4978 -70
0.5960385799407959 -4978 -70
0.602588415145874 -4979 -70
0.6101841926574707 -4979 -71
0.6164262294769287 -4980 -71
0.6230254173278809 -4980 -70
0.6323809623718262 -4981 -70
0.6380043029785156 -4981 -70
0.6445472240447998 -4982 -70
0.6529388427734375 -4982 -70
0.6586639881134033 -4982 -69
0.6649425029754639 -4983 -69
0.6726000308990479 -4984 -69
0.6782197952270508 -4984 -69
0.6901214122772217 -4985 -69
0.6989023685455322 -4986 -69
0.7083995342254639 -4986 -70
0.714653491973877 -4987 -70
0.7229464054107666 -4987 -71
0.7286229133605957 -4988 -71
0.7361938953399658 -4988 -70
0.7428150177001953 -4988 -69
0.7484970092773438 -4989 -69
0.7549679279327393 -4989 -69
0.7616181373596191 -4990 -69
0.7671124935150146 -4990 -68
0.7745702266693115 -4991 -69
0.7801053524017334 -4991 -69
0.7874772548675537 -4992 -69
0.7940323352813721 -4992 -69
0.7996084690093994 -4992 -69
0.8058898448944092 -4993 -69
0.8126201629638672 -4994 -70
0.8182880878448486 -4994 -70
0.824608325958252 -4994 -70
0.8301529884338379 -4995 -70
0.8377628326416016 -4995 -71
0.8441886901855469 -4996 -70
0.8497810363769531 -4996 -70
0.85603928565979 -4996 -69
0.8625776767730713 -4997 -69
0.868171215057373 -4997 -69
0.8746883869171143 -4998 -69
0.8802158832550049 -4998 -69
0.887578010559082 -4999 -70
0.894111156463623 -4999 -69
0.8996665477752686 -5000 -70
0.9090409278869629 -5000 -70
0.9164130687713623 -5001 -69
0.9231226444244385 -5001 -70
0.9288115501403809 -5002 -70
0.9364423751831055 -5002 -71
0.942995548248291 -5002 -70
0.948655366897583 -5003 -70
0.9549248218536377 -5003 -70
0.9614977836608887 -5004 -70
0.9669487476348877 -5004 -69
0.9736320972442627 -5005 -70
0.9790318012237549 -5005 -70
0.9863522052764893 -5006 -69
0.9931652545928955 -5006 -69
0.9988715648651123 -5006 -70
