0 0 0
7.796287536621094e-05 -4773 0
0.008638620376586914 -4773 0
0.016216516494750977 -4773 2
0.02328014373779297 -4772 15
0.03188180923461914 -4772 15
0.037360191345214844 -4771 83
0.04411888122558594 -4770 30
0.0507810115814209 -4769 105
0.05778765678405762 -4768 145
0.06518054008483887 -4767 163
0.07317256927490234 -4765 177
0.0788874626159668 -4764 183
0.08621549606323242 -4762 198
0.09403514862060547 -4761 201
0.0993337631225586 -4759 210
0.10677075386047363 -4758 214
0.11444473266601562 -4756 222
0.1219029426574707 -4755 227
0.12734627723693848 -4753 234
0.1350846290588379 -4751 238
0.14193487167358398 -4749 243
0.1498420238494873 -4747 246
0.15610218048095703 -4746 247
0.16268658638000488 -4744 250
0.17028379440307617 -4742 252
0.17656636238098145 -4741 254
0.18315792083740234 -4739 255
0.19168448448181152 -4737 257
0.1972980499267578 -4735 258
0.2040855884552002 -4734 257
0.21082258224487305 -4732 259
0.21682333946228027 -4730 264
0.22447633743286133 -4728 265
0.2319040298461914 -4727 264
0.23735928535461426 -4724 265
0.24499821662902832 -4723 265
0.2527782917022705 -4721 266
0.25841784477233887 -4719 266
0.2660207748413086 -4717 266
0.2737236022949219 -4716 265
0.2791104316711426 -4714 264
0.2864692211151123 -4711 265
0.2942390441894531 -4710 263
0.30164170265197754 -4707 265
0.31183958053588867 -4704 265
0.3199465274810791 -4703 265
0.3264164924621582 -4701 266
0.33316493034362793 -4699 267
0.34175539016723633 -4698 268
0.3472249507904053 -4695 266
0.35397863388061523 -4694 267
0.3623671531677246 -4692 267
0.36783456802368164 -4690 266
0.3745088577270508 -4688 265
0.3819453716278076 -4687 268
0.38737988471984863 -4684 269
0.39515256881713867 -4683 269
0.4027571678161621 -4681 268
0.4083847999572754 -4678 269
0.4158148765563965 -4678 269
0.4232048988342285 -4676 268
0.428938627243042 -4673 268
0.4364631175994873 -4671 266
0.4442610740661621 -4670 267
0.4507722854614258 -4668 267
0.4566459655761719 -4666 264
0.4631960391998291 -4665 264
0.4689333438873291 -4663 266
0.4752187728881836 -4662 265
0.481797456741333 -4660 265
0.4872419834136963 -4658 267
0.4947781562805176 -4656 266
0.5003647804260254 -4654 269
0.5065817832946777 -4653 268
0.5131793022155762 -4652 267
0.5189182758331299 -4650 268
0.5253288745880127 -4648 268
0.5319633483886719 -4646 270
0.5373895168304443 -4644 268
0.5448203086853027 -4643 268
0.5503466129302979 -4641 267
0.5569710731506348 -4640 268
0.563319206237793 -4638 268
0.5689642429351807 -4636 267
0.5752472877502441 -4635 268
0.5818157196044922 -4633 267
0.5872704982757568 -4631 269
0.5948219299316406 -4630 267
0.6003711223602295 -4628 267
0.6066501140594482 -4626 267
0.6136341094970703 -4624 265
0.6190915107727051 -4623 266
0.625333309173584 -4622 266
0.6319231986999512 -4620 265
0.63736891746521 -4618 265
0.6447930335998535 -4616 266
0.6503582000732422 -4614 265
0.6568865776062012 -4613 266
0.6633110046386719 -4611 266
0.6689801216125488 -4610 268
0.6756289005279541 -4608 268
0.6820037364959717 -4606 268
0.6873860359191895 -4604 270
0.6941759586334229 -4602 271
0.701305627822876 -4600 269
0.7116513252258301 -4598 268
0.7172973155975342 -4596 268
0.7242348194122314 -4595 267
0.7298200130462646 -4593 266
0.7363536357879639 -4592 266
0.7428860664367676 -4590 266
0.749617338180542 -4588 266
0.7559592723846436 -4586 267
0.7625322341918945 -4584 266
0.7680718898773193 -4583 266
0.7744503021240234 -4581 266
0.7800183296203613 -4580 267
0.7864851951599121 -4578 267
0.7932202816009521 -4576 266
0.7999298572540283 -4574 265
0.8062012195587158 -4573 267
0.8127918243408203 -4571 265
0.8183917999267578 -4570 266
0.8247792720794678 -4568 267
0.8303394317626953 -4566 266
0.8366162776947021 -4565 267
0.8432574272155762 -4562 269
0.8500127792358398 -4561 269
0.856475830078125 -4559 267
0.8630290031433105 -4558 270
0.8687560558319092 -4556 268
0.8750379085540771 -4554 269
0.8813145160675049 -4553 269
0.8870446681976318 -4551 268
0.8936367034912109 -4550 267
0.9001860618591309 -4548 267
0.9064278602600098 -4546 266
0.9131639003753662 -4544 264
0.9188542366027832 -4543 265
0.9251339435577393 -4541 266
0.9317195415496826 -4540 265
0.9371726512908936 -4538 265
0.9438977241516113 -4536 266
0.9502668380737305 -4534 266
0.9564926624298096 -4532 267
0.9630653858184814 -4531 268
0.9696378707885742 -4529 267
0.9760899543762207 -4527 269
0.9826502799987793 -4526 269
0.9882903099060059 -4524 267
0.9946110248565674 -4522 267
