0 0 0
8.344650268554688e-05 -8 0
0.009522199630737305 -8 0
0.015075922012329102 -8 0
0.021700382232666016 -8 0
0.029020309448242188 -8 0
0.03678488731384277 -8 0
0.04221534729003906 -8 0
0.04931759834289551 -8 0
0.055191755294799805 -8 0
0.061428070068359375 -8 0
0.06795215606689453 -8 0
0.0782935619354248 -8 0
0.08492898941040039 -8 0
0.09141707420349121 -8 0
0.09812664985656738 -8 0
0.10385513305664062 -8 0
0.11013484001159668 -8 0
0.11638116836547852 -8 0
0.12192964553833008 -8 0
0.12836027145385742 -8 0
0.1350409984588623 -8 0
0.1414496898651123 -8 0
0.14794492721557617 -8 0
0.15354323387145996 -8 0
0.15987515449523926 -8 0
0.16544127464294434 -8 0
0.17166662216186523 -8 0
0.1781928539276123 -8 0
0.1848752498626709 -8 0
0.1911616325378418 -8 0
0.1978471279144287 -8 0
0.20342326164245605 -8 0
0.20971083641052246 -8 0
0.21523761749267578 -8 0
0.22165131568908691 -8 0
0.22818303108215332 -8 0
0.23387598991394043 -8 0
0.24118256568908691 -8 0
0.24773025512695312 -8 0
0.2533268928527832 -8 0
0.25977516174316406 -8 0
0.2653076648712158 -8 0
0.2715480327606201 -8 0
0.2780880928039551 -8 0
0.2837538719177246 -8 0
0.2909660339355469 -8 0
0.29745054244995117 -8 0
0.3028872013092041 -8 0
0.3093533515930176 -8 0
0.3148927688598633 -8 0
0.3212776184082031 -8 0
0.32781457901000977 -8 0
0.3334050178527832 -8 0
0.34035801887512207 -8 0
0.3468930721282959 -8 0
0.35244321823120117 -8 0
0.35915708541870117 -8 0
0.36449551582336426 -8 0
0.3710312843322754 -8 0
0.3777179718017578 -8 0
0.38329577445983887 -8 0
0.3903336524963379 -8 0
0.3968839645385742 -8 0
0.40228748321533203 -8 0
0.4089200496673584 -8 0
0.4142885208129883 -8 0
0.42076945304870605 -8 0
0.42712879180908203 -8 0
0.43251514434814453 -8 0
0.44017553329467773 -8 0
0.44650697708129883 -8 0
0.4521901607513428 -8 0
0.45885229110717773 -8 0
0.46422624588012695 -8 0
0.470447301864624 -8 0
0.48085641860961914 -8 0
0.4871711730957031 -8 0
0.49393224716186523 -8 0
0.5003952980041504 -8 0
0.5069470405578613 -8 0
0.512326717376709 -8 0
0.5189244747161865 -8 0
0.5242664813995361 -8 0
0.5304384231567383 -8 0
0.5370275974273682 -8 0
0.5437119007110596 -8 0
0.549903154373169 -8 0
0.5571534633636475 -8 0
0.5630488395690918 -8 0
0.5694177150726318 -8 0
0.5749387741088867 -8 0
0.5811684131622314 -8 0
0.58768630027771 -8 0
0.5941424369812012 -8 0
0.600348711013794 -8 0
0.6068768501281738 -8 0
0.612464427947998 -8 0
0.6193418502807617 -8 0
0.6248774528503418 -8 0
0.6311132907867432 -8 0
0.637629508972168 -8 0
0.6440737247467041 -8 0
0.650348424911499 -8 0
0.6568801403045654 -8 0
0.6623098850250244 -8 0
0.6689188480377197 -8 0
0.674288272857666 -8 0
0.6809217929840088 -8 0
0.687410831451416 -8 0
0.693979024887085 -8 0
0.7002410888671875 -8 0
0.7068054676055908 -8 0
0.7122519016265869 -8 0
0.7188286781311035 -8 0
0.7241826057434082 -8 0
0.7303993701934814 -8 0
0.7369654178619385 -8 0
0.743837833404541 -8 0
0.7501077651977539 -8 0
0.7563736438751221 -8 0
0.7619099617004395 -8 0
0.7683453559875488 -8 0
0.7740089893341064 -8 0
0.7802712917327881 -8 0
0.7867798805236816 -8 0
0.7922019958496094 -8 0
0.7999041080474854 -8 0
0.8054263591766357 -8 0
0.811621904373169 -8 0
0.8181319236755371 -8 0
0.8238399028778076 -8 0
0.8300886154174805 -8 0
0.8363795280456543 -8 0
0.8419287204742432 -8 0
0.849541425704956 -8 0
0.8550658226013184 -8 0
0.8614435195922852 -8 0
0.868096113204956 -8 0
0.873802661895752 -8 0
0.884207010269165 -8 0
0.8908042907714844 -8 0
0.8981723785400391 -8 0
0.9038565158843994 -8 0
0.910254955291748 -8 0
0.9167327880859375 -8 0
0.922344446182251 -8 0
0.9290683269500732 -8 0
0.9343991279602051 -8 0
0.940866231918335 -8 0
0.9481868743896484 -8 0
0.953876256942749 -8 0
0.9600906372070312 -8 0
0.9663827419281006 -8 0
0.9719207286834717 -8 0
0.9787485599517822 -8 0
0.9841508865356445 -8 0
0.9903502464294434 -8 0
0.9979536533355713 -8 0
1.0036864280700684 -8 0
1.0099148750305176 -8 0
1.0154378414154053 -8 0
1.0216615200042725 -8 0
1.0281760692596436 -8 0
1.0338525772094727 -8 0
1.0439910888671875 -8 0
1.0512781143188477 -8 0
1.0578269958496094 -8 0
1.0633833408355713 -8 0
1.069681167602539 -8 0
1.0751903057098389 -8 0
1.0814213752746582 -8 0
1.0879781246185303 -8 0
1.093538522720337 -8 0
1.1010918617248535 -8 0
1.1076598167419434 -8 0
1.113166093826294 -8 0
1.1195380687713623 -8 0
1.1250300407409668 -8 0
1.131422519683838 -8 0
1.1380505561828613 -8 0
1.1437029838562012 -8 0
1.150991678237915 -8 0
1.157644510269165 -8 0
1.163194179534912 -8 0
1.169567346572876 -8 0
1.1750636100769043 -8 0
1.1812801361083984 -8 0
1.1877729892730713 -8 0
1.1933777332305908 -8 0
1.1996676921844482 -8 0
1.2069432735443115 -8 0
1.2123260498046875 -8 0
1.219231367111206 -8 0
1.2245168685913086 -8 0
1.2309935092926025 -8 0
1.237471580505371 -8 0
1.2428686618804932 -8 0
1.2493560314178467 -8 0
1.255946397781372 -8 0
1.262085199356079 -8 0
1.2684001922607422 -8 0
1.274083137512207 -8 0
1.2841813564300537 -8 0
1.2908191680908203 -8 0
1.2971413135528564 -8 0
1.3040344715118408 -8 0
1.3104093074798584 -8 0
1.31693696975708 -8 0
1.3223116397857666 -8 0
1.3289265632629395 -8 0
1.3343234062194824 -8 0
1.340942144393921 -8 0
1.3471786975860596 -8 0
1.3537967205047607 -8 0
1.360069990158081 -8 0
1.3663606643676758 -8 0
1.371906042098999 -8 0
1.378286361694336 -8 0
1.3838930130004883 -8 0
1.3902690410614014 -8 0
1.3968126773834229 -8 0
1.4023923873901367 -8 0
1.4098308086395264 -8 0
1.41532301902771 -8 0
1.4215373992919922 -8 0
1.4280846118927002 -8 0
1.4337327480316162 -8 0
1.4399559497833252 -8 0
1.445481777191162 -8 0
1.4516756534576416 -8 0
1.4595324993133545 -8 0
1.4650640487670898 -8 0
1.4712865352630615 -8 0
1.4778363704681396 -8 0
1.4834065437316895 -8 0
1.4897129535675049 -8 0
1.4951927661895752 -8 0
1.5014197826385498 -8 0
1.5091617107391357 -8 0
1.5144524574279785 -8 0
1.5210633277893066 -8 0
1.5276093482971191 -8 0
1.5330982208251953 -8 0
1.5394983291625977 -8 0
1.5450184345245361 -8 0
1.5512309074401855 -8 0
1.5595674514770508 -8 0
1.5651471614837646 -8 0
1.5713720321655273 -8 0
1.5780045986175537 -8 0
1.583573341369629 -8 0
1.5898756980895996 -8 0
1.595414400100708 -8 0
1.6016199588775635 -8 0
1.6092064380645752 -8 0
1.6144919395446777 -8 0
1.620957851409912 -8 0
1.6274347305297852 -8 0
1.6328823566436768 -8 0
1.6395561695098877 -8 0
1.6450812816619873 -8 0
1.651503324508667 -8 0
1.6591572761535645 -8 0
1.664435625076294 -8 0
1.670870065689087 -8 0
1.6771657466888428 -8 0
1.6878626346588135 -8 0
1.6934385299682617 -8 0
1.699998378753662 -8 0
1.705932855606079 -8 0
1.7132904529571533 -8 0
1.7196362018585205 -8 0
1.725165605545044 -8 0
1.7313714027404785 -8 0
1.7378761768341064 -8 0
1.7434279918670654 -8 0
1.7497329711914062 -8 0
1.7552568912506104 -8 0
1.7625102996826172 -8 0
1.7692430019378662 -8 0
1.7747490406036377 -8 0
1.7811787128448486 -8 0
1.7877273559570312 -8 0
1.7933404445648193 -8 0
1.799656629562378 -8 0
1.8051586151123047 -8 0
1.8124256134033203 -8 0
1.8193340301513672 -8 0
1.8249120712280273 -8 0
1.8311474323272705 -8 0
1.8376665115356445 -8 0
1.8431859016418457 -8 0
1.8496015071868896 -8 0
1.8551251888275146 -8 0
1.8623900413513184 -8 0
1.869140386581421 -8 0
1.874436616897583 -8 0
1.8810629844665527 -8 0
1.8875963687896729 -8 0
1.8931212425231934 -8 0
1.8994557857513428 -8 0
1.9049623012542725 -8 0
1.912388801574707 -8 0
1.9191277027130127 -8 0
1.9243953227996826 -8 0
1.9308419227600098 -8 0
1.9371755123138428 -8 0
1.9429371356964111 -8 0
1.9494221210479736 -8 0
1.9549720287322998 -8 0
1.9611988067626953 -8 0
1.9685182571411133 -8 0
1.9741954803466797 -8 0
1.980419635772705 -8 0
1.9869201183319092 -8 0
1.9941048622131348 -8 0
2.0081496238708496 -8 0
2.014512062072754 -8 0
2.0210466384887695 -8 0
2.027594804763794 -8 0
2.0331380367279053 -8 0
2.0396645069122314 -8 0
2.0451905727386475 -8 0
2.051429510116577 -8 0
2.058192729949951 -8 0
2.064899444580078 -8 0
2.0711445808410645 -8 0
2.0777149200439453 -8 0
2.08797550201416 -8 0
2.0935654640197754 -8 0
2.100026845932007 -8 0
2.1059422492980957 -8 0
2.112107515335083 -8 0
2.1197924613952637 -8 0
2.1253175735473633 -8 0
2.1315178871154785 -8 0
2.1380813121795654 -8 0
2.1437413692474365 -8 0
2.1499533653259277 -8 0
2.1554784774780273 -8 0
2.161689519882202 -8 0
2.169491767883301 -8 0
2.1813857555389404 -8 0
2.1879866123199463 -8 0
2.1936752796173096 -8 0
2.1998939514160156 -8 0
2.2054123878479004 -8 0
2.2116341590881348 -8 0
2.2193045616149902 -8 0
2.224790096282959 -8 0
2.2310237884521484 -8 0
2.2377493381500244 -8 0
2.2433276176452637 -8 0
2.2496917247772217 -8 0
2.2552075386047363 -8 0
2.261414051055908 -8 0
2.26914644241333 -8 0
2.2744343280792236 -8 0
2.2809059619903564 -8 0
2.287386417388916 -8 0
2.292843818664551 -8 0
2.2994320392608643 -8 0
2.304948091506958 -8 0
2.3111777305603027 -8 0
2.3177099227905273 -8 0
2.32414174079895 -8 0
2.330353260040283 -8 0
2.336883544921875 -8 0
2.3423373699188232 -8 0
2.3489389419555664 -8 0
2.3543128967285156 -8 0
2.3609344959259033 -8 0
2.3674280643463135 -8 0
2.3738248348236084 -8 0
2.380079507827759 -8 0
2.38596510887146 -8 0
2.3917644023895264 -8 0
2.3983054161071777 -8 0
2.4039881229400635 -8 0
2.4102401733398438 -8 0
2.4167280197143555 -8 0
2.4235429763793945 -8 0
2.4300365447998047 -8 0
2.4359264373779297 -8 0
2.4417457580566406 -8 0
2.448300838470459 -8 0
2.4539847373962402 -8 0
2.460235118865967 -8 0
2.4667322635650635 -8 0
2.4734301567077637 -8 0
2.479947328567505 -8 0
2.490159273147583 -8 0
2.4964091777801514 -8 0
2.502209424972534 -8 0
2.5090324878692627 -8 0
2.5143494606018066 -8 0
2.52077317237854 -8 0
2.5280957221984863 -8 0
2.5337727069854736 -8 0
2.5401668548583984 -8 0
2.546427011489868 -8 0
2.5520882606506348 -8 0
2.5596728324890137 -8 0
2.565176486968994 -8 0
2.573411703109741 -8 0
2.579707384109497 -8 0
2.5851943492889404 -8 0
2.5914173126220703 -8 0
2.598118305206299 -8 0
2.6038084030151367 -8 0
2.6100704669952393 -8 0
2.6159849166870117 -8 0
2.621903657913208 -8 0
2.6294474601745605 -8 0
2.6349337100982666 -8 0
2.6412103176116943 -8 0
2.647768974304199 -8 0
2.6533586978912354 -8 0
2.6598267555236816 -8 0
2.665358543395996 -8 0
2.6715312004089355 -8 0
2.679217576980591 -8 0
2.6844871044158936 -8 0
2.691171407699585 -8 0
2.6976897716522217 -8 0
2.703188419342041 -8 0
2.709592342376709 -8 0
2.715099811553955 -8 0
2.7214601039886475 -8 0
2.7290916442871094 -8 0
2.7343969345092773 -8 0
2.7408854961395264 -8 0
2.7471747398376465 -8 0
2.752793550491333 -8 0
2.7592527866363525 -8 0
2.7645184993743896 -8 0
2.771024227142334 -8 0
2.778346300125122 -8 0
2.7840025424957275 -8 0
2.790236711502075 -8 0
2.7967565059661865 -8 0
2.802135944366455 -8 0
2.8084702491760254 -8 0
2.8141117095947266 -8 0
2.820500373840332 -8 0
2.8280255794525146 -8 0
2.83370304107666 -8 0
2.8400442600250244 -8 0
2.8459489345550537 -8 0
2.8519437313079834 -8 0
2.858351469039917 -8 0
2.864016532897949 -8 0
2.8702540397644043 -8 0
2.87679123878479 -8 0
2.888092279434204 -8 0
2.8937466144561768 -8 0
2.900242567062378 -8 0
2.9067800045013428 -8 0
2.9123892784118652 -8 0
2.919191598892212 -8 0
2.9244580268859863 -8 0
2.931668281555176 -8 0
2.938239336013794 -8 0
2.943899631500244 -8 0
2.9502813816070557 -8 0
2.9567854404449463 -8 0
2.9624178409576416 -8 0
2.969151020050049 -8 0
2.974397897720337 -8 0
2.9816763401031494 -8 0
2.988171100616455 -8 0
2.9938623905181885 -8 0
