0 0 0
8.416175842285156e-05 -8 0
0.00928807258605957 -8 0
0.015785694122314453 -8 0
0.02229928970336914 -8 0
0.03063511848449707 -7 2
0.037158966064453125 -7 2
0.042844533920288086 -7 7
0.04958605766296387 -6 15
0.055182456970214844 -6 35
0.062088727951049805 -6 35
0.06864333152770996 -6 35
0.07539200782775879 -5 44
0.08165884017944336 -5 50
0.08828616142272949 -4 51
0.09390497207641602 -4 53
0.1004183292388916 -4 53
0.10676217079162598 -4 57
0.11249351501464844 -3 58
0.11885929107666016 -3 59
0.1256399154663086 -2 59
0.13205790519714355 -2 59
0.13863444328308105 -2 61
0.1443653106689453 -1 61
0.15064430236816406 -1 60
0.15721893310546875 0 61
0.1631016731262207 0 61
0.1696338653564453 0 61
0.17579865455627441 1 60
0.1820697784423828 1 60
0.18865060806274414 2 60
0.1943058967590332 2 54
0.20058059692382812 2 54
0.20715594291687012 2 54
0.21261310577392578 2 54
0.2195427417755127 2 54
0.22485113143920898 2 54
0.23227643966674805 2 54
0.2386939525604248 2 54
0.24439597129821777 2 20
0.2506749629974365 2 20
0.2572503089904785 2 20
0.26283764839172363 2 20
0.2733955383300781 2 20
0.2808053493499756 2 20
0.28742194175720215 2 20
0.29325270652770996 2 20
0.2999403476715088 2 8
0.305462121963501 2 8
0.3117687702178955 2 8
0.3183121681213379 2 8
0.3238844871520996 2 8
0.33120274543762207 2 8
0.3375215530395508 2 8
0.3434114456176758 2 8
0.34978580474853516 2 3
0.3553032875061035 2 3
0.36151790618896484 2 3
0.36806273460388184 2 3
0.3736870288848877 2 3
0.3807382583618164 2 3
0.3872666358947754 2 3
0.39283061027526855 2 3
0.3997459411621094 2 0
0.4052467346191406 2 0
0.41144680976867676 2 0
0.41799211502075195 2 0
0.4234962463378906 2 0
0.43065857887268066 2 0
0.43725132942199707 2 0
0.44264674186706543 2 0
0.44927549362182617 2 0
0.45468688011169434 2 0
0.46135854721069336 2 0
0.4678611755371094 2 0
0.47323036193847656 2 0
0.47968244552612305 2 0
0.48682308197021484 2 0
0.49246931076049805 2 0
0.49880290031433105 2 0
0.5044629573822021 2 0
0.5107131004333496 2 0
0.5172531604766846 2 0
0.5231397151947021 2 0
0.5296130180358887 2 0
0.5377810001373291 2 0
0.543201208114624 2 0
0.5496571063995361 2 0
0.5550923347473145 2 0
0.561347484588623 2 0
0.5678548812866211 2 0
0.5732724666595459 2 0
0.5798501968383789 2 0
0.5871646404266357 2 0
0.5925736427307129 2 0
0.5988683700561523 2 0
0.6045212745666504 2 0
0.6107282638549805 2 0
0.617236852645874 2 0
0.6226356029510498 2 0
0.6293721199035645 2 0
0.6357312202453613 2 0
0.6420867443084717 2 0
0.6487603187561035 2 0
0.6544051170349121 2 0
0.6606786251068115 2 0
0.6671268939971924 2 0
0.6772758960723877 2 0
0.6828207969665527 2 0
0.69045090675354 2 0
0.6963322162628174 2 0
0.702594518661499 2 0
0.7091012001037598 2 0
0.7145330905914307 2 0
0.7207293510437012 2 0
0.7272429466247559 2 0
0.7326171398162842 2 0
0.740093469619751 2 0
0.7456037998199463 2 0
0.7518160343170166 2 0
0.7585263252258301 2 0
0.7641940116882324 2 0
0.7704336643218994 2 0
0.7763311862945557 2 0
0.782477617263794 2 0
0.7897961139678955 2 0
0.7952823638916016 2 0
0.8015427589416504 2 0
0.8080651760101318 2 0
0.8135573863983154 2 0
0.8201212882995605 2 0
0.8256304264068604 2 0
0.8318414688110352 2 0
0.8395071029663086 2 0
0.8447661399841309 2 0
0.851203203201294 2 0
0.8575217723846436 2 0
0.8631143569946289 2 0
0.8695662021636963 2 0
0.8748385906219482 2 0
0.8814697265625 2 0
0.888800859451294 2 0
0.8944540023803711 2 0
0.9011392593383789 2 0
0.9074423313140869 2 0
0.9132158756256104 2 0
0.9196717739105225 2 0
0.925175666809082 2 0
0.9313945770263672 2 0
0.9388575553894043 2 0
0.9445607662200928 2 0
0.9507582187652588 2 0
0.9572651386260986 2 0
0.9626457691192627 2 0
0.9692776203155518 2 0
0.9746494293212891 2 0
0.9808597564697266 2 0
0.9873945713043213 2 0
0.9940404891967773 2 0
1.0003917217254639 2 0
1.0062692165374756 2 0
1.0120644569396973 2 0
1.0185904502868652 2 0
1.0242397785186768 2 0
1.0304591655731201 2 0
1.0363266468048096 2 0
1.0436320304870605 2 0
1.0499393939971924 2 0
1.0554378032684326 2 0
1.061844825744629 2 0
1.0683565139770508 2 0
1.0785276889801025 2 0
1.0841968059539795 2 0
1.0916087627410889 2 0
1.0983302593231201 2 0
1.1039149761199951 2 0
1.110245704650879 2 0
1.115753412246704 2 0
1.122122049331665 2 0
1.1285865306854248 2 0
1.1342334747314453 2 0
1.140429973602295 2 0
1.1479182243347168 2 0
1.153412103652954 2 0
1.1597812175750732 2 0
1.1652743816375732 2 0
1.1716525554656982 2 0
1.1783056259155273 2 0
1.1838746070861816 2 0
1.1902072429656982 2 0
1.197542667388916 2 0
1.203195571899414 2 0
1.209641695022583 2 0
1.2148535251617432 2 0
1.2213146686553955 2 0
1.2275490760803223 2 0
1.2331931591033936 2 0
1.2397701740264893 2 0
1.2467458248138428 2 0
1.2522461414337158 2 0
1.258634328842163 2 0
1.2642607688903809 2 0
1.2704730033874512 2 0
1.27671217918396 2 0
1.2822418212890625 2 0
1.2886438369750977 2 0
1.295285940170288 2 0
1.3016552925109863 2 0
1.3081693649291992 2 0
1.3137109279632568 2 0
1.3200294971466064 2 0
1.3255136013031006 2 0
1.331721305847168 2 0
1.3382041454315186 2 0
1.3437635898590088 2 0
1.3508336544036865 2 0
1.357367992401123 2 0
1.363133430480957 2 0
1.3695745468139648 2 0
1.3748588562011719 2 0
1.3813035488128662 2 0
1.3877365589141846 2 0
1.3931729793548584 2 0
1.400449514389038 2 0
1.4067111015319824 2 0
1.4122731685638428 2 0
1.418813705444336 2 0
1.4244542121887207 2 0
1.4308288097381592 2 0
1.4373867511749268 2 0
1.4427368640899658 2 0
1.4501781463623047 2 0
1.455693244934082 2 0
1.461928367614746 2 0
1.4684622287750244 2 0
1.4788520336151123 2 0
1.4845244884490967 2 0
1.4911410808563232 2 0
1.4984140396118164 2 0
1.5040464401245117 2 0
1.5102601051330566 2 0
1.5157947540283203 2 0
1.5219731330871582 2 0
1.528496503829956 2 0
1.5347788333892822 2 0
1.5414624214172363 2 0
1.548689603805542 2 0
1.5543599128723145 2 0
1.560720443725586 2 0
1.5672261714935303 2 0
1.5726406574249268 2 0
1.5792832374572754 2 0
1.5846247673034668 2 0
1.5907964706420898 2 0
1.5973234176635742 2 0
1.6041779518127441 2 0
1.6103901863098145 2 0
1.616269826889038 2 0
1.6220672130584717 2 0
1.6286358833312988 2 0
1.634326457977295 2 0
1.6405348777770996 2 0
1.6467821598052979 2 0
1.653473138809204 2 0
1.660003423690796 2 0
1.6654932498931885 2 0
1.6717114448547363 2 0
1.6781878471374512 2 0
1.6837427616119385 2 0
1.6902320384979248 2 0
1.6957416534423828 2 0
1.7031757831573486 2 0
1.7095792293548584 2 0
1.714836835861206 2 0
1.7214775085449219 2 0
1.727982759475708 2 0
1.7334821224212646 2 0
1.7398006916046143 2 0
1.7452991008758545 2 0
1.7525436878204346 2 0
1.758843183517456 2 0
1.7645483016967773 2 0
1.7707395553588867 2 0
1.7772867679595947 2 0
1.7828214168548584 2 0
1.7894983291625977 2 0
1.7947499752044678 2 0
1.8012080192565918 2 0
1.8085532188415527 2 0
1.8142197132110596 2 0
1.8205816745758057 2 0
1.8270988464355469 2 0
1.8324828147888184 2 0
1.8392462730407715 2 0
1.8446011543273926 2 0
1.8507769107818604 2 0
1.8583650588989258 2 0
1.864048957824707 2 0
1.870241403579712 2 0
1.8802638053894043 2 0
1.8857815265655518 2 0
1.892289638519287 2 0
1.8992586135864258 2 0
1.905651569366455 2 0
1.9118201732635498 2 0
1.9183769226074219 2 0
1.9240269660949707 2 0
1.930206298828125 2 0
1.935689926147461 2 0
1.9418325424194336 2 0
1.9485681056976318 2 0
1.9551870822906494 2 0
1.961615800857544 2 0
1.968085527420044 2 0
1.9736390113830566 2 0
1.9799561500549316 2 0
1.9854602813720703 2 0
1.9934825897216797 2 0
1.9997930526733398 2 0
2.006866931915283 2 0
2.012451410293579 2 0
2.019186496734619 2 0
2.024475574493408 2 0
2.0307066440582275 2 0
2.0372555255889893 2 0
2.042654037475586 2 0
2.0492372512817383 2 0
2.0546038150787354 2 0
2.061816930770874 2 0
2.068333625793457 2 0
2.0738890171051025 2 0
2.0804014205932617 2 0
2.0862483978271484 2 0
2.09210467338562 2 0
2.098602533340454 2 0
2.1042373180389404 2 0
2.1113851070404053 2 0
2.117871046066284 2 0
2.123286485671997 2 0
2.1297085285186768 2 0
2.135240077972412 2 0
2.141596794128418 2 0
2.1481261253356934 2 0
2.1536760330200195 2 0
2.160674810409546 2 0
2.1671388149261475 2 0
2.1725571155548096 2 0
2.178849458694458 2 0
2.1844918727874756 2 0
2.1906960010528564 2 0
2.1972150802612305 2 0
2.2027502059936523 2 0
2.210447311401367 2 0
2.216334819793701 2 0
2.222125291824341 2 0
2.2427008152008057 2 0
2.2494659423828125 2 0
2.2547481060028076 2 0
2.2622694969177246 2 0
2.26870059967041 2 0
2.274364948272705 2 0
2.2843356132507324 2 0
2.2907488346099854 2 0
2.2972664833068848 2 0
2.302816390991211 2 0
2.3096725940704346 2 0
2.316749334335327 2 0
2.32253360748291 2 0
2.3288204669952393 2 0
2.3345541954040527 2 0
2.3411648273468018 2 0
2.3474814891815186 2 0
2.3531415462493896 2 0
2.359567642211914 2 0
2.3662912845611572 2 0
2.3720688819885254 2 0
2.3787472248077393 2 0
2.3844058513641357 2 0
2.3906280994415283 2 0
2.39711594581604 2 0
2.4025447368621826 2 0
2.4088542461395264 2 0
2.415522575378418 2 0
2.421722173690796 2 0
2.4281957149505615 2 0
2.4337687492370605 2 0
2.4402334690093994 2 0
2.4457013607025146 2 0
2.451889991760254 2 0
2.4583966732025146 2 0
2.4648516178131104 2 0
2.471503973007202 2 0
2.478015661239624 2 0
2.4834868907928467 2 0
2.4898808002471924 2 0
2.495399236679077 2 0
2.5017669200897217 2 0
2.5083999633789062 2 0
2.514866828918457 2 0
2.521340847015381 2 0
2.527824878692627 2 0
2.533242702484131 2 0
2.540475845336914 2 0
2.546748638153076 2 0
2.5522701740264893 2 0
2.558826446533203 2 0
2.5655882358551025 2 0
2.571770429611206 2 0
2.5783658027648926 2 0
2.5846662521362305 2 0
2.5908584594726562 2 0
2.5973682403564453 2 0
2.603217124938965 2 0
2.609654426574707 2 0
2.6167242527008057 2 0
2.622523546218872 2 0
2.628830909729004 2 0
2.634528160095215 2 0
2.640733003616333 2 0
2.647246837615967 2 0
2.652620315551758 2 0
2.6592459678649902 2 0
2.6645891666412354 2 0
2.671757936477661 2 0
2.6818137168884277 2 0
2.68855619430542 2 0
2.694209575653076 2 0
2.7005789279937744 2 0
2.7071001529693604 2 0
2.712620973587036 2 0
2.719998598098755 2 0
2.725491762161255 2 0
2.731856346130371 2 0
2.738528251647949 2 0
2.7442026138305664 2 0
2.750413179397583 2 0
2.756272077560425 2 0
2.762051820755005 2 0
2.769789457321167 2 0
2.7753024101257324 2 0
2.78151798248291 2 0
2.7880003452301025 2 0
2.7934987545013428 2 0
2.8000102043151855 2 0
2.805537700653076 2 0
2.811741590499878 2 0
2.8194265365600586 2 0
2.824720859527588 2 0
2.831144332885742 2 0
2.8374221324920654 2 0
2.8427865505218506 2 0
2.849498987197876 2 0
2.854783058166504 2 0
2.861431360244751 2 0
2.8679239749908447 2 0
2.87432861328125 2 0
2.8805580139160156 2 0
2.887117624282837 2 0
2.8925018310546875 2 0
2.898782253265381 2 0
2.9044036865234375 2 0
2.910634994506836 2 0
2.917191743850708 2 0
2.924058675765991 2 0
2.9302799701690674 2 0
2.9357750415802 2 0
2.941976308822632 2 0
2.9485650062561035 2 0
2.9542081356048584 2 0
2.960433006286621 2 0
2.9662835597991943 2 0
2.9733002185821533 2 0
2.9799067974090576 2 0
2.9854209423065186 2 0
2.991798162460327 2 0
2.9983034133911133 2 0
