0 0 0
8.249282836914062e-05 -3 0
0.008069992065429688 -2 2
0.01610398292541504 -2 7
0.02202463150024414 0 19
0.029720783233642578 1 196
0.03701281547546387 3 194
0.04278850555419922 5 275
0.04925084114074707 7 281
0.05587005615234375 8 298
0.061322689056396484 10 281
0.06812119483947754 11 253
0.07372546195983887 11 198
0.08000850677490234 11 107
0.08735108375549316 11 0
0.09305119514465332 10 0
0.09929299354553223 10 0
0.10591959953308105 10 -28
0.11180329322814941 9 -51
0.11828899383544922 9 -57
0.12383651733398438 9 -57
0.13028669357299805 9 -57
0.13798761367797852 9 -57
0.14333772659301758 9 -57
0.1498279571533203 9 -57
0.1563889980316162 9 -57
0.1620163917541504 9 -19
0.1685810089111328 9 -19
0.17411541938781738 9 -19
0.18036985397338867 9 -19
0.18814897537231445 9 -19
0.19872689247131348 9 -19
0.2042844295501709 9 -19
0.2108154296875 9 -19
0.21767735481262207 9 -8
0.22315096855163574 9 -8
0.2298414707183838 9 -8
0.2363724708557129 9 -8
0.24291563034057617 9 -8
0.24920368194580078 9 -8
0.2557370662689209 9 -8
0.2613391876220703 9 -8
0.2680683135986328 9 -3
0.27340006828308105 9 -3
0.2799041271209717 9 -3
0.28658056259155273 9 -3
0.2932126522064209 9 -3
0.2997171878814697 9 -3
0.30608439445495605 9 -3
0.31176280975341797 9 -3
0.31824374198913574 9 0
0.32376575469970703 9 0
0.33002138137817383 9 0
0.336578369140625 9 0
0.34395313262939453 9 0
0.35036301612854004 9 0
0.35692691802978516 9 0
0.36260247230529785 9 0
0.3688533306121826 9 0
0.3743898868560791 9 0
0.3805983066558838 9 0
0.38729381561279297 9 0
0.39397573471069336 9 0
0.40018177032470703 9 0
0.406857967376709 9 0
0.4124414920806885 9 0
0.41876649856567383 9 0
0.4242973327636719 9 0
0.4304814338684082 9 0
0.4370112419128418 9 0
0.44373059272766113 9 0
0.4501011371612549 9 0
0.4566366672515869 9 0
0.46224045753479004 9 0
0.4687795639038086 9 0
0.47429609298706055 9 0
0.4805011749267578 9 0
0.4870150089263916 9 0
0.4937121868133545 9 0
0.4999375343322754 9 0
0.506493330001831 9 0
0.5120012760162354 9 0
0.5185468196868896 9 0
0.5241074562072754 9 0
0.5304994583129883 9 0
0.5370419025421143 9 0
0.5436723232269287 9 0
0.5499322414398193 9 0
0.5564455986022949 9 0
0.5620138645172119 9 0
0.568371057510376 9 0
0.5738580226898193 9 0
0.580078125 9 0
0.5867676734924316 9 0
0.592336893081665 9 0
0.6032512187957764 9 0
0.6098284721374512 9 0
0.6164581775665283 9 0
0.6220149993896484 9 0
0.6285409927368164 9 0
0.634101390838623 9 0
0.6402938365936279 9 0
0.6480288505554199 9 0
0.653306245803833 9 0
0.6597559452056885 9 0
0.666081428527832 9 0
0.6717169284820557 9 0
0.6782088279724121 9 0
0.6837353706359863 9 0
0.6899490356445312 9 0
0.6972904205322266 9 0
0.702967643737793 9 0
0.7093422412872314 9 0
0.7159574031829834 9 0
0.7213318347930908 9 0
0.7280611991882324 9 0
0.7333605289459229 9 0
0.7398200035095215 9 0
0.7470822334289551 9 0
0.7527806758880615 9 0
0.7590198516845703 9 0
0.7652966976165771 9 0
0.7711391448974609 9 0
0.7785050868988037 9 0
0.7840256690979004 9 0
0.7904524803161621 9 0
0.7982807159423828 9 0
0.8038427829742432 9 0
0.8100693225860596 9 0
0.8166379928588867 9 0
0.822232723236084 9 0
0.8286845684051514 9 0
0.8342010974884033 9 0
0.8403663635253906 9 0
0.8469371795654297 9 0
0.8533620834350586 9 0
0.8598051071166992 9 0
0.8660943508148193 9 0
0.8717164993286133 9 0
0.8781805038452148 9 0
0.8834409713745117 9 0
0.8900866508483887 9 0
0.8966014385223389 9 0
0.9031453132629395 9 0
0.9097638130187988 9 0
0.9160726070404053 9 0
0.9216861724853516 9 0
0.928154468536377 9 0
0.9336690902709961 9 0
0.9399495124816895 9 0
0.9466731548309326 9 0
0.9531307220458984 9 0
0.95932936668396 9 0
0.9659411907196045 9 0
0.971336841583252 9 0
0.9780347347259521 9 0
0.9833145141601562 9 0
0.9898083209991455 9 0
0.9988408088684082 9 0
1.0078320503234863 9 0
1.0131919384002686 9 0
1.0198078155517578 9 0
1.0260920524597168 9 0
1.0322437286376953 9 0
1.0387072563171387 9 0
1.044187068939209 9 0
1.0513510704040527 9 0
1.058075189590454 9 0
1.0633528232574463 9 0
1.0699379444122314 9 0
1.0764892101287842 9 0
1.082007884979248 9 0
1.0883522033691406 9 0
1.0938470363616943 9 0
1.1001150608062744 9 0
1.1073832511901855 9 0
1.1130270957946777 9 0
1.1192352771759033 9 0
1.1257243156433105 9 0
1.1312906742095947 9 0
1.1380059719085693 9 0
1.1432995796203613 9 0
1.14971923828125 9 0
1.157008171081543 9 0
1.1626622676849365 9 0
1.1690354347229004 9 0
1.175297498703003 9 0
1.1807005405426025 9 0
1.1873376369476318 9 0
1.1930062770843506 9 0
1.199220895767212 9 0
1.2066597938537598 9 0
1.2122163772583008 9 0
1.2185556888580322 9 0
1.2240612506866455 9 0
1.2302250862121582 9 0
1.2367665767669678 9 0
1.242314100265503 9 0
1.2487866878509521 9 0
1.2560858726501465 9 0
1.2617120742797852 9 0
1.2681500911712646 9 0
1.2736670970916748 9 0
1.2799270153045654 9 0
1.2864055633544922 9 0
1.2917966842651367 9 0
1.2983746528625488 9 0
1.3038558959960938 9 0
1.3111724853515625 9 0
1.3177893161773682 9 0
1.323136806488037 9 0
1.3293237686157227 9 0
1.335834264755249 9 0
1.3412103652954102 9 0
1.3485913276672363 9 0
1.3540754318237305 9 0
1.3611555099487305 9 0
1.3680503368377686 9 0
1.3733067512512207 9 0
1.3797178268432617 9 0
1.3860254287719727 9 0
1.3913931846618652 9 0
1.400702714920044 9 0
1.4091522693634033 9 0
1.4154338836669922 9 0
1.4212236404418945 9 0
1.4281933307647705 9 0
1.4336681365966797 9 0
1.439920425415039 9 0
1.4464454650878906 9 0
1.4518465995788574 9 0
1.4590942859649658 9 0
1.4653351306915283 9 0
1.4708521366119385 9 0
1.4773204326629639 9 0
1.4829630851745605 9 0
1.4893388748168945 9 0
1.4959218502044678 9 0
1.501295804977417 9 0
1.508619785308838 9 0
1.5142042636871338 9 0
1.5203983783721924 9 0
1.5269286632537842 9 0
1.5324952602386475 9 0
1.5387864112854004 9 0
1.5442705154418945 9 0
1.5506312847137451 9 0
1.5573172569274902 9 0
1.5640668869018555 9 0
1.570234775543213 9 0
1.576728343963623 9 0
1.5822830200195312 9 0
1.588543176651001 9 0
1.5941002368927002 9 0
1.6003098487854004 9 0
1.6069526672363281 9 0
1.6134133338928223 9 0
1.6198601722717285 9 0
1.6263065338134766 9 0
1.6317250728607178 9 0
1.6381809711456299 9 0
1.6434216499328613 9 0
1.6499097347259521 9 0
1.6564016342163086 9 0
1.6628317832946777 9 0
1.6692390441894531 9 0
1.6757140159606934 9 0
1.681135892868042 9 0
1.687948226928711 9 0
1.6932461261749268 9 0
1.699704885482788 9 0
1.7060112953186035 9 0
1.7126691341400146 9 0
1.7188796997070312 9 0
1.7243971824645996 9 0
1.7308366298675537 9 0
1.7372791767120361 9 0
1.7429394721984863 9 0
1.7491421699523926 9 0
1.7556419372558594 9 0
1.7610342502593994 9 0
1.7684776782989502 9 0
1.7739927768707275 9 0
1.7801933288574219 9 0
1.7874398231506348 9 0
1.7931256294250488 9 0
1.8032810688018799 9 0
1.8098645210266113 9 0
1.817673683166504 9 0
1.8230700492858887 9 0
1.8294239044189453 9 0
1.8359477519989014 9 0
1.8413190841674805 9 0
1.8482139110565186 9 0
1.853689193725586 9 0
1.859910011291504 9 0
1.8671832084655762 9 0
1.872807264328003 9 0
1.8790335655212402 9 0
1.8849105834960938 9 0
1.8906855583190918 9 0
1.8971765041351318 9 0
1.9028196334838867 9 0
1.909170150756836 9 0
1.9166944026947021 9 0
1.922288179397583 9 0
1.9285688400268555 9 0
1.9340765476226807 9 0
1.9402782917022705 9 0
1.9469289779663086 9 0
1.9526073932647705 9 0
1.958815097808838 9 0
1.9643664360046387 9 0
1.9717960357666016 9 0
1.9782347679138184 9 0
1.9837286472320557 9 0
1.9914376735687256 9 0
1.9981164932250977 9 0
2.003384590148926 9 0
2.0098536014556885 9 0
2.016083240509033 9 0
2.02266001701355 9 0
2.029031753540039 9 0
2.035290479660034 9 0
2.0408170223236084 9 0
2.0472288131713867 9 0
2.052901029586792 9 0
2.0591187477111816 9 0
2.0653841495513916 9 0
2.072239637374878 9 0
2.078707456588745 9 0
2.084196090698242 9 0
2.090632915496826 9 0
2.0971643924713135 9 0
2.1027960777282715 9 0
2.1090500354766846 9 0
2.115302562713623 9 0
2.1218209266662598 9 0
2.1282382011413574 9 0
2.133786201477051 9 0
2.1400363445281982 9 0
2.1467301845550537 9 0
2.1523048877716064 9 0
2.1585967540740967 9 0
2.1641292572021484 9 0
2.1713294982910156 9 0
2.178032398223877 9 0
2.1832926273345947 9 0
2.1897542476654053 9 0
2.196058988571167 9 0
2.2060983180999756 9 0
2.2120485305786133 9 0
2.218573808670044 9 0
2.2259109020233154 9 0
2.2314343452453613 9 0
2.2433853149414062 9 0
2.2499613761901855 9 0
2.2564854621887207 9 0
2.261876106262207 9 0
2.268483877182007 9 0
2.2759039402008057 9 0
2.281292676925659 9 0
2.2879674434661865 9 0
2.2939846515655518 9 0
2.300363063812256 9 0
2.3070998191833496 9 0
2.3127336502075195 9 0
2.31913161277771 9 0
2.326815366744995 9 0
2.3323521614074707 9 0
2.3388326168060303 9 0
2.3460636138916016 9 0
2.351719617843628 9 0
2.3581807613372803 9 0
2.363677978515625 9 0
2.369893789291382 9 0
2.3771607875823975 9 0
2.3828060626983643 9 0
2.389174461364746 9 0
2.3956961631774902 9 0
2.4011106491088867 9 0
2.4077792167663574 9 0
2.413137912750244 9 0
2.4193363189697266 9 0
2.426940441131592 9 0
2.4326071739196777 9 0
2.4388391971588135 9 0
2.4443531036376953 9 0
2.450866460800171 9 0
2.4572627544403076 9 0
2.4628965854644775 9 0
2.4693057537078857 9 0
2.4769036769866943 9 0
2.4825735092163086 9 0
2.4887804985046387 9 0
2.494281768798828 9 0
2.500455141067505 9 0
2.5071704387664795 9 0
2.5128183364868164 9 0
2.519057035446167 9 0
2.5265321731567383 9 0
2.5321128368377686 9 0
2.5385289192199707 9 0
2.544048547744751 9 0
2.550236463546753 9 0
2.5567641258239746 9 0
2.5623035430908203 9 0
2.568788766860962 9 0
2.574296712875366 9 0
2.5813469886779785 9 0
2.5880391597747803 9 0
2.5933475494384766 9 0
2.6028800010681152 9 0
2.6101796627044678 9 0
2.6168596744537354 9 0
2.622447967529297 9 0
2.630007266998291 9 0
2.636521100997925 9 0
2.6420235633850098 9 0
2.648381471633911 9 0
2.6539146900177 9 0
2.660104274749756 9 0
2.666593313217163 9 0
2.672105073928833 9 0
2.679245948791504 9 0
2.6857197284698486 9 0
2.6913046836853027 9 0
2.6980137825012207 9 0
2.7033205032348633 9 0
2.7097795009613037 9 0
2.7160720825195312 9 0
2.721689224243164 9 0
2.7289741039276123 9 0
2.7349164485931396 9 0
2.7408154010772705 9 0
2.747345447540283 9 0
2.7529945373535156 9 0
2.759209156036377 9 0
2.7656967639923096 9 0
2.771087169647217 9 0
2.777378559112549 9 0
2.784085750579834 9 0
2.7902793884277344 9 0
2.796839952468872 9 0
2.802391529083252 9 0
2.808839797973633 9 0
2.8143327236175537 9 0
2.8205296993255615 9 0
2.827052116394043 9 0
2.8338193893432617 9 0
2.8400535583496094 9 0
2.846597909927368 9 0
2.852121353149414 9 0
2.8586843013763428 9 0
2.8641881942749023 9 0
2.870565414428711 9 0
2.877044916152954 9 0
2.883748769760132 9 0
2.889963388442993 9 0
2.8964710235595703 9 0
2.901853561401367 9 0
2.9083290100097656 9 0
2.9138731956481934 9 0
2.920077085494995 9 0
2.92673397064209 9 0
2.9332218170166016 9 0
2.9396724700927734 9 0
2.9459667205810547 9 0
2.951357126235962 9 0
2.958082675933838 9 0
2.9633636474609375 9 0
2.9698245525360107 9 0
2.9760918617248535 9 0
2.982740640640259 9 0
2.9891791343688965 9 0
2.995687246322632 9 0
