0 0 0
8.177757263183594e-05 -3 0
0.0076770782470703125 -3 -2
0.015672922134399414 -4 -6
0.022252321243286133 -5 -97
0.029917001724243164 -6 -27
0.03721952438354492 -8 -167
0.04292941093444824 -9 -152
0.04965710639953613 -10 -217
0.05626964569091797 -12 -226
0.061751365661621094 -13 -222
0.06826925277709961 -14 -214
0.07388854026794434 -14 -169
0.08115482330322266 -14 -169
0.0879364013671875 -14 -169
0.09329628944396973 -14 -169
0.09981179237365723 -14 -28
0.10662412643432617 -14 -28
0.11233115196228027 -14 -28
0.11868405342102051 -14 -28
0.12426280975341797 -14 -28
0.13197612762451172 -14 -28
0.1384286880493164 -14 -28
0.1439952850341797 -14 -5
0.15026068687438965 -14 -5
0.15690326690673828 -14 -5
0.16268444061279297 -14 -5
0.16918230056762695 -14 -5
0.17578339576721191 -14 -5
0.18252110481262207 -14 -5
0.18881750106811523 -14 -5
0.19519591331481934 -14 0
0.20088672637939453 -14 0
0.2072155475616455 -14 0
0.21291851997375488 -14 0
0.21917128562927246 -14 0
0.22579598426818848 -14 0
0.23270010948181152 -14 0
0.2389812469482422 -14 0
0.2455286979675293 -14 2
0.2509760856628418 -14 2
0.25788354873657227 -14 2
0.26323986053466797 -14 2
0.26976847648620605 -14 2
0.2762937545776367 -14 2
0.28286027908325195 -14 2
0.2895364761352539 -14 2
0.2958972454071045 -14 0
0.30127596855163574 -14 0
0.3080425262451172 -14 0
0.31358861923217773 -14 0
0.31984519958496094 -14 0
0.326404333114624 -14 0
0.3328895568847656 -14 0
0.339141845703125 -14 0
0.34571146965026855 -14 0
0.3521139621734619 -14 0
0.35857295989990234 -14 0
0.36921024322509766 -14 0
0.3758833408355713 -14 0
0.38282322883605957 -14 0
0.3895726203918457 -14 0
0.39595627784729004 -14 0
0.40157508850097656 -14 0
0.40827274322509766 -14 0
0.41383910179138184 -14 0
0.42006945610046387 -14 0
0.42664575576782227 -14 0
0.4331967830657959 -14 0
0.4396791458129883 -14 0
0.44597864151000977 -14 0
0.4516632556915283 -14 0
0.4581570625305176 -14 0
0.46372127532958984 -14 0
0.4701535701751709 -14 0
0.4766654968261719 -14 0
0.48319029808044434 -14 0
0.48969364166259766 -14 0
0.496213436126709 -14 0
0.5016717910766602 -14 0
0.5081448554992676 -14 0
0.5137238502502441 -14 0
0.5201482772827148 -14 0
0.5268051624298096 -14 0
0.5332255363464355 -14 0
0.5397694110870361 -14 0
0.5470006465911865 -14 0
0.5526833534240723 -14 0
0.5589308738708496 -14 0
0.5652782917022705 -14 0
0.5709738731384277 -14 0
0.5775425434112549 -14 0
0.5840144157409668 -14 0
0.5904254913330078 -14 0
0.5970311164855957 -14 0
0.6027135848999023 -14 0
0.6089901924133301 -14 0
0.6155314445495605 -14 0
0.6209938526153564 -14 0
0.6276645660400391 -14 0
0.6330811977386475 -14 0
0.6402337551116943 -14 0
0.646984338760376 -14 0
0.6526694297790527 -14 0
0.6589324474334717 -14 0
0.6652226448059082 -14 0
0.6708121299743652 -14 0
0.6772363185882568 -14 0
0.6829047203063965 -14 0
0.6901881694793701 -14 0
0.696835994720459 -14 0
0.7024908065795898 -14 0
0.7089214324951172 -14 0
0.7152471542358398 -14 0
0.7208998203277588 -14 0
0.7272052764892578 -14 0
0.7328963279724121 -14 0
0.740189790725708 -14 0
0.7467505931854248 -14 0
0.7523603439331055 -14 0
0.7586419582366943 -14 0
0.7687892913818359 -14 0
0.7747046947479248 -14 0
0.7810227870941162 -14 0
0.7886857986450195 -14 0
0.794217586517334 -14 0
0.8007280826568604 -14 0
0.8071918487548828 -14 0
0.8128719329833984 -14 0
0.8191611766815186 -14 0
0.8257343769073486 -14 0
0.831533670425415 -14 0
0.8388280868530273 -14 0
0.8447859287261963 -14 0
0.8507144451141357 -14 0
0.8571715354919434 -14 0
0.862844705581665 -14 0
0.8691127300262451 -14 0
0.8756694793701172 -14 0
0.8811173439025879 -14 0
0.8880264759063721 -14 0
0.8947370052337646 -14 0
0.9006941318511963 -14 0
0.9073030948638916 -14 0
0.9130046367645264 -14 0
0.9192385673522949 -14 0
0.9257895946502686 -14 0
0.9312162399291992 -14 0
0.9379875659942627 -14 0
0.9447021484375 -14 0
0.9508793354034424 -14 0
0.957223653793335 -14 0
0.9628736972808838 -14 0
0.9691343307495117 -14 0
0.975701093673706 -14 0
0.9811322689056396 -14 0
0.9878373146057129 -14 0
0.9940962791442871 -14 0
1.000366449356079 -14 0
1.0070548057556152 -14 0
1.0127720832824707 -14 0
1.0190315246582031 -14 0
1.0255577564239502 -14 0
1.0310232639312744 -14 0
1.0379014015197754 -14 0
1.0442724227905273 -14 0
1.050473690032959 -14 0
1.0570242404937744 -14 0
1.0626890659332275 -14 0
1.0690789222717285 -14 0
1.0755970478057861 -14 0
1.0810198783874512 -14 0
1.0877070426940918 -14 0
1.09407639503479 -14 0
1.1003053188323975 -14 0
1.1068685054779053 -14 0
1.1125335693359375 -14 0
1.1188154220581055 -14 0
1.1247353553771973 -14 0
1.1308887004852295 -14 0
1.1372671127319336 -14 0
1.1439764499664307 -14 0
1.15018630027771 -14 0
1.1567482948303223 -14 0
1.1623601913452148 -14 0
1.1728205680847168 -14 0
1.1792340278625488 -14 0
1.1857986450195312 -14 0
1.1917202472686768 -14 0
1.1991376876831055 -14 0
1.2056941986083984 -14 0
1.211106777191162 -14 0
1.217738389968872 -14 0
1.2231242656707764 -14 0
1.2296242713928223 -14 0
1.2359602451324463 -14 0
1.241591453552246 -14 0
1.2490618228912354 -14 0
1.2556142807006836 -14 0
1.261077642440796 -14 0
1.2678146362304688 -14 0
1.2731430530548096 -14 0
1.2796566486358643 -14 0
1.2862305641174316 -14 0
1.2916767597198486 -14 0
1.299102783203125 -14 0
1.3056740760803223 -14 0
1.31123685836792 -14 0
1.317991018295288 -14 0
1.3233098983764648 -14 0
1.329824447631836 -14 0
1.336381435394287 -14 0
1.3419215679168701 -14 0
1.349006175994873 -14 0
1.355555534362793 -14 0
1.361008882522583 -14 0
1.3678867816925049 -14 0
1.3732330799102783 -14 0
1.3797316551208496 -14 0
1.3862111568450928 -14 0
1.3916680812835693 -14 0
1.3989062309265137 -14 0
1.4052293300628662 -14 0
1.410801887512207 -14 0
1.4172048568725586 -14 0
1.4228978157043457 -14 0
1.4301578998565674 -14 0
1.436650037765503 -14 0
1.442201852798462 -14 0
1.4492955207824707 -14 0
1.455869197845459 -14 0
1.461287021636963 -14 0
1.467989206314087 -14 0
1.473292350769043 -14 0
1.4798390865325928 -14 0
1.4865925312042236 -14 0
1.4921929836273193 -14 0
1.4991788864135742 -14 0
1.5057296752929688 -14 0
1.5111379623413086 -14 0
1.5179007053375244 -14 0
1.523214340209961 -14 0
1.5296854972839355 -14 0
1.5359859466552734 -14 0
1.541633129119873 -14 0
1.5500328540802002 -14 0
1.556715726852417 -14 0
1.5623023509979248 -14 0
1.572265386581421 -14 0
1.5787596702575684 -14 0
1.584665060043335 -14 0
1.590815782546997 -14 0
1.597722053527832 -14 0
1.6041603088378906 -14 0
1.6105537414550781 -14 0
1.6170899868011475 -14 0
1.6227812767028809 -14 0
1.6290771961212158 -14 0
1.6356000900268555 -14 0
1.641068935394287 -14 0
1.6477086544036865 -14 0
1.6540870666503906 -14 0
1.6603164672851562 -14 0
1.6670360565185547 -14 0
1.6726908683776855 -14 0
1.678938627243042 -14 0
1.685234785079956 -14 0
1.6910698413848877 -14 0
1.6977291107177734 -14 0
1.7041661739349365 -14 0
1.710407018661499 -14 0
1.7169675827026367 -14 0
1.7226333618164062 -14 0
1.729055404663086 -14 0
1.7355756759643555 -14 0
1.741030216217041 -14 0
1.7477004528045654 -14 0
1.754112958908081 -14 0
1.7603058815002441 -14 0
1.7668426036834717 -14 0
1.7725622653961182 -14 0
1.7788136005401611 -14 0
1.7847437858581543 -14 0
1.7909064292907715 -14 0
1.7972309589385986 -14 0
1.8039219379425049 -14 0
1.8102025985717773 -14 0
1.8170018196105957 -14 0
1.8226943016052246 -14 0
1.8289735317230225 -14 0
1.8353097438812256 -14 0
1.8409473896026611 -14 0
1.8477201461791992 -14 0
1.8541069030761719 -14 0
1.8603403568267822 -14 0
1.8668878078460693 -14 0
1.8725512027740479 -14 0
1.8788037300109863 -14 0
1.8847110271453857 -14 0
1.8905696868896484 -14 0
1.8970742225646973 -14 0
1.902730941772461 -14 0
1.9100008010864258 -14 0
1.9165942668914795 -14 0
1.9222049713134766 -14 0
1.9285194873809814 -14 0
1.9340898990631104 -14 0
1.9403119087219238 -14 0
1.9471344947814941 -14 0
1.9528357982635498 -14 0
1.9601335525512695 -14 0
1.9704148769378662 -14 0
1.9771349430084229 -14 0
1.9828310012817383 -14 0
1.9892323017120361 -14 0
1.997725009918213 -14 0
2.003159761428833 -14 0
2.010368824005127 -14 0
2.0169174671173096 -14 0
2.0226011276245117 -14 0
2.029104471206665 -14 0
2.035625696182251 -14 0
2.041079044342041 -14 0
2.0477206707000732 -14 0
2.0531249046325684 -14 0
2.0603535175323486 -14 0
2.0668816566467285 -14 0
2.078799247741699 -14 0
2.085209608078003 -14 0
2.091038465499878 -14 0
2.097684383392334 -14 0
2.103050947189331 -14 0
2.110248327255249 -14 0
2.1168370246887207 -14 0
2.122526168823242 -14 0
2.128751277923584 -14 0
2.1346685886383057 -14 0
2.1406798362731934 -14 0
2.1473021507263184 -14 0
2.152993679046631 -14 0
2.160292387008667 -14 0
2.166860342025757 -14 0
2.172576665878296 -14 0
2.1788294315338135 -14 0
2.1851611137390137 -14 0
2.19071626663208 -14 0
2.1971328258514404 -14 0
2.2028496265411377 -14 0
2.2102930545806885 -14 0
2.2168614864349365 -14 0
2.222526788711548 -14 0
2.2287325859069824 -14 0
2.234285354614258 -14 0
2.2406961917877197 -14 0
2.24714732170105 -14 0
2.252821207046509 -14 0
2.259087324142456 -14 0
2.2668092250823975 -14 0
2.2725067138671875 -14 0
2.2787280082702637 -14 0
2.2842812538146973 -14 0
2.29046893119812 -14 0
2.297013759613037 -14 0
2.3027350902557373 -14 0
2.3090155124664307 -14 0
2.316667318344116 -14 0
2.322221040725708 -14 0
2.32869815826416 -14 0
2.334188461303711 -14 0
2.340693235397339 -14 0
2.347120761871338 -14 0
2.3528082370758057 -14 0
2.3591113090515137 -14 0
2.366691827774048 -14 0
2.3770511150360107 -14 0
2.3827099800109863 -14 0
2.3892056941986084 -14 0
2.395824432373047 -14 0
2.4016404151916504 -14 0
2.4081051349639893 -14 0
2.415174722671509 -14 0
2.4207284450531006 -14 0
2.427151679992676 -14 0
2.432844877243042 -14 0
2.439095973968506 -14 0
2.4456140995025635 -14 0
2.4512171745300293 -14 0
2.4579830169677734 -14 0
2.464711904525757 -14 0
2.4709272384643555 -14 0
2.477257490158081 -14 0
2.482933282852173 -14 0
2.489210844039917 -14 0
2.4957351684570312 -14 0
2.501152753829956 -14 0
2.5081264972686768 -14 0
2.514268636703491 -14 0
2.520519971847534 -14 0
2.5270490646362305 -14 0
2.5326972007751465 -14 0
2.538952589035034 -14 0
2.5464866161346436 -14 0
2.5521011352539062 -14 0
2.558436155319214 -14 0
2.563959836959839 -14 0
2.571310043334961 -14 0
2.578076124191284 -14 0
2.5835793018341064 -14 0
2.5898547172546387 -14 0
2.5965476036071777 -14 0
2.602144718170166 -14 0
2.608494997024536 -14 0
2.6140294075012207 -14 0
2.6212680339813232 -14 0
2.6281514167785645 -14 0
2.6337456703186035 -14 0
2.6400530338287354 -14 0
2.646608829498291 -14 0
2.6522068977355957 -14 0
2.6585254669189453 -14 0
2.664097309112549 -14 0
2.67128324508667 -14 0
2.677985429763794 -14 0
2.6832971572875977 -14 0
2.689987897872925 -14 0
2.696514129638672 -14 0
2.7020859718322754 -14 0
2.708432674407959 -14 0
2.7139511108398438 -14 0
2.7211925983428955 -14 0
2.7281222343444824 -14 0
2.733690023422241 -14 0
2.739922046661377 -14 0
2.7466413974761963 -14 0
2.752270221710205 -14 0
2.7585694789886475 -14 0
2.7641103267669678 -14 0
2.7763757705688477 -14 0
2.7819650173187256 -14 0
2.7885239124298096 -14 0
2.794081449508667 -14 0
2.800447702407837 -14 0
2.8071937561035156 -14 0
2.8136377334594727 -14 0
2.8207740783691406 -14 0
2.8271877765655518 -14 0
2.832876682281494 -14 0
2.8391175270080566 -14 0
2.8456692695617676 -14 0
2.851101875305176 -14 0
2.8580191135406494 -14 0
2.8633036613464355 -14 0
2.8707244396209717 -14 0
2.87717342376709 -14 0
2.8828542232513428 -14 0
2.889124870300293 -14 0
2.8956191539764404 -14 0
2.9010751247406006 -14 0
2.907714605331421 -14 0
2.9131009578704834 -14 0
2.919574737548828 -14 0
2.9271140098571777 -14 0
2.9328062534332275 -14 0
2.9390628337860107 -14 0
2.9456052780151367 -14 0
2.951035976409912 -14 0
2.9576406478881836 -14 0
2.963022470474243 -14 0
2.9692344665527344 -14 0
2.9768309593200684 -14 0
2.9825000762939453 -14 0
2.9889445304870605 -14 0
2.9952290058135986 -14 0
