0 0 0
0.00032258033752441406 2 0
0.008588075637817383 2 3
0.015306711196899414 2 3
0.0208284854888916 2 3
0.027956008911132812 2 3
0.03551006317138672 3 8
0.04195141792297363 3 8
0.0475459098815918 3 17
0.05401611328125 3 17
0.05970287322998047 4 43
0.06593155860900879 4 43
0.07248282432556152 4 43
0.0793149471282959 4 43
0.08558440208435059 4 43
0.09294962882995605 4 43
0.0984048843383789 4 43
0.10493254661560059 4 43
0.11049556732177734 4 15
0.11675548553466797 4 15
0.12346363067626953 4 15
0.12996935844421387 4 15
0.1366727352142334 4 15
0.1432349681854248 4 15
0.14882349967956543 4 15
0.1551361083984375 4 15
0.16071367263793945 4 8
0.1669909954071045 4 8
0.17355608940124512 4 8
0.1803295612335205 4 8
0.18654179573059082 4 8
0.193314790725708 4 8
0.19890165328979492 4 8
0.20521950721740723 4 8
0.21073484420776367 4 3
0.2169649600982666 4 3
0.22356057167053223 4 3
0.230271577835083 4 3
0.23653531074523926 4 3
0.24304533004760742 4 3
0.24857521057128906 4 3
0.25777530670166016 4 0
0.26538825035095215 4 0
0.2709226608276367 4 0
0.2786252498626709 4 0
0.28514599800109863 4 0
0.29073166847229004 4 0
0.2969794273376465 4 0
0.30352282524108887 4 0
0.3092019557952881 4 0
0.31555604934692383 4 0
0.3214418888092041 4 0
0.3284635543823242 4 0
0.3349440097808838 4 0
0.34046053886413574 4 0
0.3466978073120117 4 0
0.35320353507995605 4 0
0.35870838165283203 4 0
0.36512327194213867 4 0
0.3706698417663574 4 0
0.3771343231201172 4 0
0.3849365711212158 4 0
0.39042139053344727 4 0
0.3966820240020752 4 0
0.40318965911865234 4 0
0.4087090492248535 4 0
0.41506004333496094 4 0
0.4206366539001465 4 0
0.42681336402893066 4 0
0.43455052375793457 4 0
0.4398512840270996 4 0
0.4462735652923584 4 0
0.4526526927947998 4 0
0.45829224586486816 4 0
0.4647510051727295 4 0
0.4700160026550293 4 0
0.47646450996398926 4 0
0.483781099319458 4 0
0.49001049995422363 4 0
0.49668097496032715 4 0
0.5032398700714111 4 0
0.5088415145874023 4 0
0.5152912139892578 4 0
0.5208032131195068 4 0
0.5269863605499268 4 0
0.534696102142334 4 0
0.5399460792541504 4 0
0.5463762283325195 4 0
0.552668571472168 4 0
0.55843186378479 4 0
0.5649259090423584 4 0
0.5704312324523926 4 0
0.5766372680664062 4 0
0.5839676856994629 4 0
0.5896260738372803 4 0
0.5958456993103027 4 0
0.602339506149292 4 0
0.6077754497528076 4 0
0.6146297454833984 4 0
0.619896411895752 4 0
0.6263601779937744 4 0
0.6334958076477051 4 0
0.6390552520751953 4 0
0.645479679107666 4 0
0.6509537696838379 4 0
0.6608734130859375 4 0
0.667238712310791 4 0
0.6740307807922363 4 0
0.679724931716919 4 0
0.6870255470275879 4 0
0.6935398578643799 4 0
0.699209451675415 4 0
0.7054059505462646 4 0
0.7109601497650146 4 0
0.717155933380127 4 0
0.7236566543579102 4 0
0.7293264865875244 4 0
0.7367417812347412 4 0
0.743262529373169 4 0
0.7488358020782471 4 0
0.7551419734954834 4 0
0.7606277465820312 4 0
0.7668828964233398 4 0
0.7735264301300049 4 0
0.7790944576263428 4 0
0.7863078117370605 4 0
0.7926421165466309 4 0
0.7984566688537598 4 0
0.804887056350708 4 0
0.8104639053344727 4 0
0.8166818618774414 4 0
0.8232367038726807 4 0
0.8287317752838135 4 0
0.8358557224273682 4 0
0.8424265384674072 4 0
0.8478207588195801 4 0
0.8547177314758301 4 0
0.8600091934204102 4 0
0.8664586544036865 4 0
0.8727133274078369 4 0
0.8783655166625977 4 0
0.884833574295044 4 0
0.8919389247894287 4 0
0.897449254989624 4 0
0.9040336608886719 4 0
0.9097206592559814 4 0
0.9163134098052979 4 0
0.9226503372192383 4 0
0.9280223846435547 4 0
0.9349944591522217 4 0
0.942352294921875 4 0
0.947751522064209 4 0
0.954017162322998 4 0
0.9597327709197998 4 0
0.9659292697906494 4 0
0.9725494384765625 4 0
0.9783401489257812 4 0
0.9847569465637207 4 0
0.9914391040802002 4 0
0.9972958564758301 4 0
1.003784418106079 4 0
1.0094192028045654 4 0
1.0156214237213135 4 0
1.0218796730041504 4 0
1.027458906173706 4 0
1.034034013748169 4 0
1.0407111644744873 4 0
1.0469138622283936 4 0
1.0570378303527832 4 0
1.0637366771697998 4 0
1.0693902969360352 4 0
1.0757625102996826 4 0
1.0822961330413818 4 0
1.0878512859344482 4 0
1.0955066680908203 4 0
1.1009762287139893 4 0
1.1071422100067139 4 0
1.1136507987976074 4 0
1.1193065643310547 4 0
1.1254911422729492 4 0
1.1309821605682373 4 0
1.1371848583221436 4 0
1.1448523998260498 4 0
1.1503443717956543 4 0
1.1566855907440186 4 0
1.163356065750122 4 0
1.1689376831054688 4 0
1.1752190589904785 4 0
1.1806986331939697 4 0
1.1869144439697266 4 0
1.1945469379425049 4 0
1.1998381614685059 4 0
1.2060256004333496 4 0
1.2125554084777832 4 0
1.2183480262756348 4 0
1.2247951030731201 4 0
1.230032205581665 4 0
1.2364611625671387 4 0
1.2436044216156006 4 0
1.2492303848266602 4 0
1.255455732345581 4 0
1.2609574794769287 4 0
1.2672460079193115 4 0
1.2739479541778564 4 0
1.2795848846435547 4 0
1.285822868347168 4 0
1.2922945022583008 4 0
1.2989513874053955 4 0
1.3052423000335693 4 0
1.3107671737670898 4 0
1.3169450759887695 4 0
1.3234772682189941 4 0
1.3290297985076904 4 0
1.335472822189331 4 0
1.340975046157837 4 0
1.3484065532684326 4 0
1.354830026626587 4 0
1.3602676391601562 4 0
1.3665235042572021 4 0
1.3730952739715576 4 0
1.3786089420318604 4 0
1.38496732711792 4 0
1.3904356956481934 4 0
1.3977739810943604 4 0
1.4042742252349854 4 0
1.409698486328125 4 0
1.415867567062378 4 0
1.4223337173461914 4 0
1.427971601486206 4 0
1.4346346855163574 4 0
1.4399151802062988 4 0
1.4471664428710938 4 0
1.4538588523864746 4 0
1.4643466472625732 4 0
1.4696776866912842 4 0
1.4760279655456543 4 0
1.4825851917266846 4 0
1.4883511066436768 4 0
1.4954886436462402 4 0
1.5030856132507324 4 0
1.5085840225219727 4 0
1.5151307582855225 4 0
1.5206363201141357 4 0
1.5268104076385498 4 0
1.5332849025726318 4 0
1.538902997970581 4 0
1.5452072620391846 4 0
1.552518367767334 4 0
1.5580408573150635 4 0
1.564713954925537 4 0
1.569979190826416 4 0
1.5766091346740723 4 0
1.5831193923950195 4 0
1.5886154174804688 4 0
1.594994306564331 4 0
1.6022861003875732 4 0
1.6076774597167969 4 0
1.6139657497406006 4 0
1.6195807456970215 4 0
1.6258299350738525 4 0
1.6322927474975586 4 0
1.6378600597381592 4 0
1.644453763961792 4 0
1.650841474533081 4 0
1.657045602798462 4 0
1.6635797023773193 4 0
1.6692008972167969 4 0
1.6753928661346436 4 0
1.6808726787567139 4 0
1.687267780303955 4 0
1.6939489841461182 4 0
1.7006194591522217 4 0
1.7068259716033936 4 0
1.7133429050445557 4 0
1.7188937664031982 4 0
1.7251808643341064 4 0
1.7306644916534424 4 0
1.7368903160095215 4 0
1.7433979511260986 4 0
1.748945713043213 4 0
1.7563352584838867 4 0
1.762648582458496 4 0
1.7680151462554932 4 0
1.7747037410736084 4 0
1.7799532413482666 4 0
1.786355972290039 4 0
1.7926411628723145 4 0
1.7980358600616455 4 0
1.8053522109985352 4 0
1.810816764831543 4 0
1.8172683715820312 4 0
1.823770523071289 4 0
1.8294265270233154 4 0
1.8356444835662842 4 0
1.8418974876403809 4 0
1.847428798675537 4 0
1.855013132095337 4 0
1.8653202056884766 4 0
1.8708031177520752 4 0
1.8772757053375244 4 0
1.883932113647461 4 0
1.889573574066162 4 0
1.8958044052124023 4 0
1.9022908210754395 4 0
1.908876895904541 4 0
1.9151484966278076 4 0
1.9206633567810059 4 0
1.926870584487915 4 0
1.933516263961792 4 0
1.9390954971313477 4 0
1.9455506801605225 4 0
1.9514639377593994 4 0
1.958604097366333 4 0
1.9649715423583984 4 0
1.9704887866973877 4 0
1.976680040359497 4 0
1.9831604957580566 4 0
1.988647699356079 4 0
1.996614694595337 4 0
2.0031044483184814 4 0
2.0094969272613525 4 0
2.0157134532928467 4 0
2.0219295024871826 4 0
2.027621030807495 4 0
2.033881664276123 4 0
2.0395219326019287 4 0
2.045740842819214 4 0
2.052276611328125 4 0
2.059061050415039 4 0
2.0653302669525146 4 0
2.070823907852173 4 0
2.0771591663360596 4 0
2.0836803913116455 4 0
2.089337110519409 4 0
2.0955629348754883 4 0
2.101430654525757 4 0
2.108595132827759 4 0
2.1151485443115234 4 0
2.1206986904144287 4 0
2.126890182495117 4 0
2.1333582401275635 4 0
2.1388957500457764 4 0
2.1452457904815674 4 0
2.1507351398468018 4 0
2.157893180847168 4 0
2.1646392345428467 4 0
2.1699254512786865 4 0
2.1765296459198 4 0
2.183043956756592 4 0
2.188457489013672 4 0
2.1948680877685547 4 0
2.2004098892211914 4 0
2.206798553466797 4 0
2.214353322982788 4 0
2.219703435897827 4 0
2.2259914875030518 4 0
2.2325682640075684 4 0
2.238313913345337 4 0
2.262006998062134 4 0
2.2693331241607666 4 0
2.2757186889648438 4 0
2.2820394039154053 4 0
2.287824869155884 4 0
2.2947821617126465 4 0
2.300036668777466 4 0
2.306488037109375 4 0
2.3137660026550293 4 0
2.319436550140381 4 0
2.325650453567505 4 0
2.331883430480957 4 0
2.337686538696289 4 0
2.3440134525299072 4 0
2.3497345447540283 4 0
2.356325626373291 4 0
2.3636515140533447 4 0
2.3693337440490723 4 0
2.3755733966827393 4 0
2.3814525604248047 4 0
2.3872694969177246 4 0
2.393772602081299 4 0
2.399390459060669 4 0
2.405592203140259 4 0
2.413226842880249 4 0
2.4188194274902344 4 0
2.4251887798309326 4 0
2.4306769371032715 4 0
2.4368536472320557 4 0
2.4433813095092773 4 0
2.4489288330078125 4 0
2.4552764892578125 4 0
2.4607796669006348 4 0
2.468309164047241 4 0
2.474911689758301 4 0
2.480464458465576 4 0
2.4866905212402344 4 0
2.4938719272613525 4 0
2.499523162841797 4 0
2.5057523250579834 4 0
2.5122604370117188 4 0
2.518885850906372 4 0
2.525156021118164 4 0
2.53067684173584 4 0
2.537057638168335 4 0
2.5435855388641357 4 0
2.549201488494873 4 0
2.555424451828003 4 0
2.560920238494873 4 0
2.568561553955078 4 0
2.574936628341675 4 0
2.580416202545166 4 0
2.586684465408325 4 0
2.5933878421783447 4 0
2.5989830493927 4 0
2.6052331924438477 4 0
2.6110057830810547 4 0
2.6188771724700928 4 0
2.6252150535583496 4 0
2.6307179927825928 4 0
2.6369283199310303 4 0
2.6434125900268555 4 0
2.648996114730835 4 0
2.655426025390625 4 0
2.6663780212402344 4 0
2.67305850982666 4 0
2.678600311279297 4 0
2.6851327419281006 4 0
2.690652370452881 4 0
2.696877956390381 4 0
2.7033708095550537 4 0
2.7089357376098633 4 0
2.715378999710083 4 0
2.722621440887451 4 0
2.7284116744995117 4 0
2.734882116317749 4 0
2.740377426147461 4 0
2.7465786933898926 4 0
2.7531135082244873 4 0
2.7586090564727783 4 0
2.764967679977417 4 0
2.7722976207733154 4 0
2.777873992919922 4 0
2.7844724655151367 4 0
2.7898178100585938 4 0
2.7960357666015625 4 0
2.8025553226470947 4 0
2.8079540729522705 4 0
2.8146283626556396 4 0
2.8209481239318848 4 0
2.8271360397338867 4 0
2.8338193893432617 4 0
2.839428663253784 4 0
2.84562087059021 4 0
2.851881742477417 4 0
2.857663631439209 4 0
2.8639702796936035 4 0
2.8706769943237305 4 0
2.8768727779388428 4 0
2.883399724960327 4 0
2.8889405727386475 4 0
2.8953840732574463 4 0
2.900826930999756 4 0
2.906958818435669 4 0
2.9134769439697266 4 0
2.919051170349121 4 0
2.926265239715576 4 0
2.9326019287109375 4 0
2.9384074211120605 4 0
2.9448492527008057 4 0
2.9503321647644043 4 0
2.956695318222046 4 0
2.963209629058838 4 0
2.9687111377716064 4 0
2.975865125656128 4 0
2.9823665618896484 4 0
2.9879024028778076 4 0
2.9946911334991455 4 0
2.999953269958496 4 0
