00
8.273124694824219e-05 0
0.011394739151000977 1
0.018811464309692383 1
0.02423405647277832 2
0.030353069305419922 4
0.036102294921875 5
0.04274463653564453 7
0.049208879470825195 10
0.05509185791015625 12
0.061319828033447266 16
0.06875276565551758 20
0.07416439056396484 23
0.08034181594848633 27
0.08614039421081543 30
0.09230399131774902 34
0.09899568557739258 39
0.10480546951293945 43
0.11111021041870117 47
0.11739587783813477 53
0.12374520301818848 58
0.12998509407043457 63
0.13574528694152832 68
0.14193487167358398 72
0.1483614444732666 77
0.15402579307556152 82
0.16022682189941406 87
0.16607356071472168 92
0.17323708534240723 99
0.1796398162841797 102
0.185532808303833 110
0.19171690940856934 113
0.1974024772644043 120
0.20372533798217773 125
0.20997834205627441 130
0.2157449722290039 136
0.22314953804016113 143
0.22957801818847656 147
0.23541498184204102 152
0.24162769317626953 158
0.24731040000915527 163
0.25365495681762695 170
0.25989675521850586 176
0.26566338539123535 185
0.27646374702453613 191
0.2831456661224365 198
0.28960323333740234 202
0.295515775680542 209
0.30182409286499023 212
0.3078346252441406 220
0.31398940086364746 226
0.3213386535644531 231
0.327075719833374 237
0.3332250118255615 244
0.33960390090942383 248
0.345477819442749 255
0.3517124652862549 259
0.3573720455169678 266
0.3636941909790039 272
0.36995387077331543 278
0.37679505348205566 283
0.3830525875091553 289
0.3894679546356201 294
0.3951859474182129 300
0.4014856815338135 306
0.4071369171142578 311
0.41324377059936523 318
0.41971445083618164 324
0.426283597946167 330
0.43244338035583496 335
0.43909454345703125 341
0.4448387622833252 346
0.45116591453552246 352
0.45685768127441406 358
0.4631478786468506 365
0.4695591926574707 371
0.4760322570800781 376
0.48223876953125 382
0.48891592025756836 388
0.4942753314971924 393
0.5004515647888184 399
0.506190299987793 404
0.5123660564422607 410
0.5190455913543701 418
0.5256836414337158 423
0.5318994522094727 427
0.5379242897033691 434
0.5438969135284424 440
0.5501019954681396 446
0.5558502674102783 451
0.5620217323303223 457
0.5684115886688232 462
0.5752534866333008 468
0.5816230773925781 474
0.5872690677642822 479
0.5933685302734375 487
0.5997686386108398 490
0.6054837703704834 498
0.6116576194763184 502
0.6173267364501953 507
0.6235291957855225 514
0.6310403347015381 520
0.6363739967346191 525
0.6429386138916016 530
0.6493628025054932 534
0.6551072597503662 539
0.6613059043884277 544
0.66697096824646 552
0.6788468360900879 556
0.6844112873077393 560
0.6909909248352051 564
0.6963651180267334 568
0.7030777931213379 571
0.7094857692718506 574
0.7152624130249023 577
0.7214159965515137 579
0.728832483291626 582
0.734224796295166 584
0.740361213684082 586
0.7461292743682861 588
0.7523107528686523 590
0.7589864730834961 591
0.7647638320922852 592
0.771094560623169 594
0.7764785289764404 595
0.783949613571167 596
0.7901086807250977 596
0.7959105968475342 596
0.8029553890228271 596
0.8093972206115723 597
0.815171480178833 597
0.821570634841919 597
0.8272151947021484 596
0.8348064422607422 596
0.8411047458648682 596
0.846458911895752 596
0.852855920791626 596
0.859220027923584 595
0.8648386001586914 595
0.871100902557373 594
0.8764362335205078 594
0.8840782642364502 593
0.8902339935302734 593
0.8959872722625732 592
0.902155876159668 592
0.9088220596313477 591
0.9142067432403564 590
0.9212243556976318 590
0.9289126396179199 589
0.9355692863464355 588
0.941993236541748 588
0.948439359664917 588
0.9540355205535889 587
0.9601922035217285 587
0.9660711288452148 586
0.9722628593444824 586
0.9789783954620361 586
0.9855399131774902 585
0.9917008876800537 585
0.9973838329315186 584
1.0039162635803223 584
1.010087251663208 584
1.0158355236053467 584
1.0220110416412354 584
1.0284278392791748 583
1.03523850440979 583
1.0415012836456299 583
1.0471041202545166 583
1.0531976222991943 582
1.0595803260803223 582
1.065410852432251 582
1.0754506587982178 582
1.0818235874176025 582
1.0892810821533203 582
1.0952675342559814 582
1.1015520095825195 582
1.1071844100952148 582
1.113656759262085 582
1.1198945045471191 582
1.1257209777832031 582
1.1318774223327637 582
1.1393647193908691 582
1.1459386348724365 582
1.152076244354248 582
1.1584575176239014 582
1.1640758514404297 582
1.170233964920044 582
1.1759333610534668 582
1.1821978092193604 582
1.1896052360534668 582
1.1953480243682861 582
1.201507806777954 582
1.2071471214294434 582
1.2132294178009033 582
1.2195937633514404 582
1.225464105606079 582
1.2316582202911377 582
1.2390766143798828 582
1.2448058128356934 582
1.2510578632354736 582
1.2563862800598145 582
1.2627389430999756 582
1.2692296504974365 582
1.2748174667358398 582
1.2810969352722168 582
1.2882933616638184 582
1.2939295768737793 582
1.3001041412353516 582
1.305957317352295 582
1.3121130466461182 582
1.3188245296478271 582
1.3241784572601318 582
1.330336570739746 582
1.3360698223114014 582
1.3432416915893555 582
1.349595069885254 582
1.355449914932251 582
1.3617002964019775 582
1.3673663139343262 582
1.373680591583252 582
1.3798704147338867 582
1.3855319023132324 582
1.3923864364624023 582
1.3990366458892822 582
1.4044773578643799 582
1.4109148979187012 582
1.4162499904632568 582
1.4224717617034912 582
1.4291317462921143 582
1.434734582901001 582
1.4416577816009521 582
1.4472742080688477 582
1.453650712966919 582
1.4598686695098877 582
1.465625524520874 582
1.4755942821502686 582
1.4821133613586426 582
1.4887657165527344 582
1.4954750537872314 582
1.501749038696289 582
1.5073661804199219 582
1.513664960861206 582
1.5198922157287598 582
1.5256142616271973 582
1.5317878723144531 582
1.5373985767364502 582
1.5450458526611328 582
1.5512421131134033 582
1.5568580627441406 582
1.5629985332489014 582
1.5693650245666504 582
1.5750656127929688 582
1.5812506675720215 582
1.586848497390747 582
1.5939345359802246 582
1.6000699996948242 582
1.605872392654419 582
1.6121373176574707 582
1.618760108947754 582
1.6241161823272705 582
1.630279541015625 582
1.6359853744506836 582
1.643223524093628 582
1.6496093273162842 582
1.6553010940551758 582
1.6615829467773438 582
1.6672003269195557 582
1.6733274459838867 582
1.6797099113464355 582
1.685408115386963 582
1.6915855407714844 582
1.6990580558776855 582
1.7044777870178223 582
1.7108936309814453 582
1.7162411212921143 582
1.722482442855835 582
1.7291734218597412 582
1.7347757816314697 582
1.7411577701568604 582
1.7483692169189453 582
1.753950834274292 582
1.7601056098937988 582
1.765822410583496 582
1.7719624042510986 582
1.7783324718475342 582
1.7840306758880615 582
1.7901690006256104 582
1.7969646453857422 582
1.8040165901184082 582
1.8101515769958496 582
1.815864086151123 582
1.822016716003418 582
1.828413486480713 582
1.834076166152954 582
1.8402061462402344 582
1.8470680713653564 582
1.85319185256958 582
1.8595530986785889 582
1.865267038345337 582
1.871511459350586 582
1.8815243244171143 582
1.8871455192565918 582
1.8933541774749756 582
1.901132345199585 582
1.906494140625 582
1.9128661155700684 582
1.9192497730255127 582
1.9248805046081543 582
1.9320881366729736 582
1.939051866531372 582
1.9444918632507324 582
1.9517745971679688 582
1.9573593139648438 582
1.963740587234497 582
1.9699349403381348 582
1.9756486415863037 582
1.9818012714385986 582
1.9874141216278076 582
1.9937183856964111 582
2.0020012855529785 582
2.0083987712860107 582
2.0140163898468018 582
2.020148992538452 582
2.0259714126586914 582
2.0321202278137207 582
2.0387184619903564 582
2.0441949367523193 582
2.0514681339263916 582
2.0570662021636963 582
2.063164710998535 582
2.0695388317108154 582
2.0752501487731934 582
2.0814881324768066 582
2.087263345718384 582
2.093364953994751 582
2.1003668308258057 582
2.106095790863037 582
2.1122379302978516 582
2.118882894515991 582
2.1242170333862305 582
2.130317449569702 582
2.1361634731292725 582
2.1423959732055664 582
2.149008274078369 582
2.155534267425537 582
2.1616768836975098 582
2.167290687561035 582
2.173374652862549 582
2.179736614227295 582
2.1854517459869385 582
2.191579818725586 582
2.1971731185913086 582
2.204484462738037 582
2.210942029953003 582
2.2162721157073975 582
2.2224769592285156 582
2.229128122329712 582
2.234713315963745 582
2.240980386734009 582
2.2462785243988037 582
