0 0 0
8.320808410644531e-05 1 0
0.008361339569091797 1 0
0.013962268829345703 1 2
0.020540237426757812 2 13
0.029624223709106445 2 13
0.034947872161865234 3 84
0.04519391059875488 4 98
0.05171513557434082 4 98
0.05849313735961914 5 84
0.06418395042419434 5 84
0.07059216499328613 5 84
0.07814574241638184 5 84
0.08376693725585938 5 84
0.09024715423583984 5 84
0.09578275680541992 5 84
0.1028132438659668 5 84
0.10962414741516113 5 21
0.11517548561096191 5 21
0.12146258354187012 5 21
0.12882232666015625 5 21
0.1345226764678955 5 21
0.1407909393310547 5 21
0.14737749099731445 5 21
0.15292811393737793 5 21
0.1596975326538086 5 8
0.16523456573486328 5 8
0.1714937686920166 5 8
0.1788952350616455 5 8
0.18467044830322266 5 8
0.1908738613128662 5 8
0.1974649429321289 5 8
0.20288848876953125 5 8
0.20978212356567383 5 3
0.21532940864562988 5 3
0.2215883731842041 5 3
0.22891545295715332 5 3
0.2346177101135254 5 3
0.2408308982849121 5 3
0.24747633934020996 5 3
0.2529027462005615 5 3
0.25961971282958984 5 0
0.264909029006958 5 0
0.2715134620666504 5 0
0.2780165672302246 5 0
0.28454065322875977 5 0
0.2907843589782715 5 0
0.29735517501831055 5 0
0.3027667999267578 5 0
0.3096456527709961 5 0
0.3149077892303467 5 0
0.32135772705078125 5 0
0.32762861251831055 5 0
0.3344700336456299 5 0
0.34070801734924316 5 0
0.3471982479095459 5 0
0.35259461402893066 5 0
0.35892200469970703 5 0
0.3645741939544678 5 0
0.3708348274230957 5 0
0.37733983993530273 5 0
0.38396263122558594 5 0
0.3905489444732666 5 0
0.39683032035827637 5 0
0.40242648124694824 5 0
0.4088172912597656 5 0
0.4144728183746338 5 0
0.42073869705200195 5 0
0.42728567123413086 5 0
0.4337601661682129 5 0
0.4402139186859131 5 0
0.45069146156311035 5 0
0.4582211971282959 5 0
0.4638063907623291 5 0
0.4709327220916748 5 0
0.47745823860168457 5 0
0.4841883182525635 5 0
0.49037742614746094 5 0
0.49588561058044434 5 0
0.502070426940918 5 0
0.5087378025054932 5 0
0.5143563747406006 5 0
0.5206077098846436 5 0
0.5268754959106445 5 0
0.5324227809906006 5 0
0.5399203300476074 5 0
0.5454065799713135 5 0
0.5516195297241211 5 0
0.5581281185150146 5 0
0.563713550567627 5 0
0.5702011585235596 5 0
0.5757193565368652 5 0
0.5818836688995361 5 0
0.589545488357544 5 0
0.5948083400726318 5 0
0.601264238357544 5 0
0.6075592041015625 5 0
0.6131923198699951 5 0
0.6196329593658447 5 0
0.6249470710754395 5 0
0.6315915584564209 5 0
0.638836145401001 5 0
0.6444802284240723 5 0
0.6507105827331543 5 0
0.6572184562683105 5 0
0.6626100540161133 5 0
0.6689105033874512 5 0
0.6746621131896973 5 0
0.6808395385742188 5 0
0.6886110305786133 5 0
0.6942298412322998 5 0
0.7006146907806396 5 0
0.7068464756011963 5 0
0.7123899459838867 5 0
0.7187879085540771 5 0
0.7244522571563721 5 0
0.7306666374206543 5 0
0.7381927967071533 5 0
0.7437934875488281 5 0
0.7502129077911377 5 0
0.7557084560394287 5 0
0.7619333267211914 5 0
0.7684400081634521 5 0
0.7741034030914307 5 0
0.780266523361206 5 0
0.7857379913330078 5 0
0.7927877902984619 5 0
0.7994997501373291 5 0
0.8047842979431152 5 0
0.8114216327667236 5 0
0.8178975582122803 5 0
0.8233006000518799 5 0
0.8299460411071777 5 0
0.8354713916778564 5 0
0.8426394462585449 5 0
0.8525192737579346 5 0
0.8594491481781006 5 0
0.864743709564209 5 0
0.8714313507080078 5 0
0.8779277801513672 5 0
0.8833389282226562 5 0
0.8906025886535645 5 0
0.89687180519104 5 0
0.9024138450622559 5 0
0.9087634086608887 5 0
0.9144282341003418 5 0
0.920630931854248 5 0
0.926943302154541 5 0
0.9327101707458496 5 0
0.9401223659515381 5 0
0.9456954002380371 5 0
0.9532730579376221 5 0
0.959881067276001 5 0
0.965355634689331 5 0
0.9715976715087891 5 0
0.978100061416626 5 0
0.9836025238037109 5 0
0.9908719062805176 5 0
0.9974753856658936 5 0
1.0028963088989258 5 0
1.0095701217651367 5 0
1.0148277282714844 5 0
1.021259069442749 5 0
1.0275981426239014 5 0
1.03318190574646 5 0
1.039623737335205 5 0
1.0459191799163818 5 0
1.0524117946624756 5 0
1.0587880611419678 5 0
1.0644562244415283 5 0
1.070688247680664 5 0
1.0771973133087158 5 0
1.082653284072876 5 0
1.0895297527313232 5 0
1.0958571434020996 5 0
1.1020376682281494 5 0
1.108717918395996 5 0
1.1154813766479492 5 0
1.1216599941253662 5 0
1.1281826496124268 5 0
1.13374924659729 5 0
1.1400153636932373 5 0
1.1473450660705566 5 0
1.1527342796325684 5 0
1.1592943668365479 5 0
1.1646356582641602 5 0
1.171266794204712 5 0
1.1775636672973633 5 0
1.182915210723877 5 0
1.1895899772644043 5 0
1.195892333984375 5 0
1.2021102905273438 5 0
1.2086329460144043 5 0
1.2142820358276367 5 0
1.2206671237945557 5 0
1.2269408702850342 5 0
1.2327642440795898 5 0
1.2393312454223633 5 0
1.2500464916229248 5 0
1.2555851936340332 5 0
1.2619364261627197 5 0
1.2686223983764648 5 0
1.2743139266967773 5 0
1.280646800994873 5 0
1.286945104598999 5 0
1.2927141189575195 5 0
1.3002545833587646 5 0
1.3057219982147217 5 0
1.3118884563446045 5 0
1.3184559345245361 5 0
1.3241078853607178 5 0
1.3303160667419434 5 0
1.3358135223388672 5 0
1.3420262336730957 5 0
1.3498196601867676 5 0
1.3553202152252197 5 0
1.361556053161621 5 0
1.3680791854858398 5 0
1.373610496520996 5 0
1.3799488544464111 5 0
1.3853940963745117 5 0
1.3915908336639404 5 0
1.398754596710205 5 0
1.4044315814971924 5 0
1.4108037948608398 5 0
1.417330026626587 5 0
1.4227216243743896 5 0
1.4293429851531982 5 0
1.4346954822540283 5 0
1.4408690929412842 5 0
1.4473819732666016 5 0
1.4538660049438477 5 0
1.4601788520812988 5 0
1.4674341678619385 5 0
1.4731993675231934 5 0
1.479823112487793 5 0
1.4853503704071045 5 0
1.491563320159912 5 0
1.4980499744415283 5 0
1.5044937133789062 5 0
1.5107147693634033 5 0
1.5172252655029297 5 0
1.5226657390594482 5 0
1.5294926166534424 5 0
1.534752368927002 5 0
1.5409438610076904 5 0
1.5474889278411865 5 0
1.5541026592254639 5 0
1.560309886932373 5 0
1.565821647644043 5 0
1.5720252990722656 5 0
1.5785713195800781 5 0
1.5842185020446777 5 0
1.5905742645263672 5 0
1.5968096256256104 5 0
1.6035823822021484 5 0
1.6100945472717285 5 0
1.6155884265899658 5 0
1.621779441833496 5 0
1.6282763481140137 5 0
1.6338448524475098 5 0
1.6401081085205078 5 0
1.6455919742584229 5 0
1.657505989074707 5 0
1.6632685661315918 5 0
1.6698753833770752 5 0
1.6753764152526855 5 0
1.681739330291748 5 0
1.6882736682891846 5 0
1.6937980651855469 5 0
1.700103759765625 5 0
1.7074377536773682 5 0
1.7132174968719482 5 0
1.7196784019470215 5 0
1.7249314785003662 5 0
1.731391191482544 5 0
1.7380390167236328 5 0
1.7436037063598633 5 0
1.7499339580535889 5 0
1.7572221755981445 5 0
1.76267409324646 5 0
1.7694945335388184 5 0
1.7747602462768555 5 0
1.781172752380371 5 0
1.7874772548675537 5 0
1.792844295501709 5 0
1.7995481491088867 5 0
1.805906057357788 5 0
1.8120715618133545 5 0
1.8185739517211914 5 0
1.824181318283081 5 0
1.8305773735046387 5 0
1.8368182182312012 5 0
1.8423173427581787 5 0
1.848693609237671 5 0
1.8553035259246826 5 0
1.8615798950195312 5 0
1.8682622909545898 5 0
1.873838186264038 5 0
1.880119800567627 5 0
1.8856027126312256 5 0
1.8919754028320312 5 0
1.8984870910644531 5 0
1.904115915298462 5 0
1.9113192558288574 5 0
1.917616605758667 5 0
1.923215627670288 5 0
1.9296536445617676 5 0
1.9349277019500732 5 0
1.9413540363311768 5 0
1.9480247497558594 5 0
1.953718662261963 5 0
1.9607048034667969 5 0
1.967210292816162 5 0
1.9725940227508545 5 0
1.9789190292358398 5 0
1.9880340099334717 5 0
1.9949300289154053 5 0
2.001582622528076 5 0
2.0088934898376465 5 0
2.014531373977661 5 0
2.0207359790802 5 0
2.0272345542907715 5 0
2.0326545238494873 5 0
2.0391807556152344 5 0
2.0446054935455322 5 0
2.054793119430542 5 0
2.0621747970581055 5 0
2.0689446926116943 5 0
2.074608087539673 5 0
2.0809431076049805 5 0
2.087480306625366 5 0
2.0928502082824707 5 0
2.0995171070098877 5 0
2.1047821044921875 5 0
2.1120049953460693 5 0
2.118522882461548 5 0
2.124154806137085 5 0
2.1305415630340576 5 0
2.136794328689575 5 0
2.142207384109497 5 0
2.1487133502960205 5 0
2.1543362140655518 5 0
2.1615562438964844 5 0
2.1680707931518555 5 0
2.173609495162964 5 0
2.179959297180176 5 0
2.185485601425171 5 0
2.19183349609375 5 0
2.198296546936035 5 0
2.2038486003875732 5 0
2.210921049118042 5 0
2.217463254928589 5 0
2.2228176593780518 5 0
2.229524850845337 5 0
2.2348740100860596 5 0
2.2413330078125 5 0
2.247617244720459 5 0
2.26863694190979 5 0
2.274338960647583 5 0
2.2805466651916504 5 0
2.286801338195801 5 0
2.29233455657959 5 0
2.2987263202667236 5 0
2.3043551445007324 5 0
2.3107361793518066 5 0
2.3182761669158936 5 0
2.323875665664673 5 0
2.3301546573638916 5 0
2.3356802463531494 5 0
2.341865062713623 5 0
2.348397731781006 5 0
2.3539657592773438 5 0
2.360307216644287 5 0
2.3679616451263428 5 0
2.373514413833618 5 0
2.3798880577087402 5 0
2.3853588104248047 5 0
2.3917272090911865 5 0
2.3982479572296143 5 0
2.40382981300354 5 0
2.4101054668426514 5 0
2.417301654815674 5 0
2.4226996898651123 5 0
2.4296071529388428 5 0
2.4348971843719482 5 0
2.441331624984741 5 0
2.4476091861724854 5 0
2.458132266998291 5 0
2.4636218547821045 5 0
2.471677541732788 5 0
2.4783239364624023 5 0
2.483907461166382 5 0
2.4903368949890137 5 0
2.495879650115967 5 0
2.502067804336548 5 0
2.5085692405700684 5 0
2.5142698287963867 5 0
2.521704912185669 5 0
2.5282042026519775 5 0
2.5337777137756348 5 0
2.5400521755218506 5 0
2.5455949306488037 5 0
2.551927328109741 5 0
2.558481454849243 5 0
2.564146041870117 5 0
2.5713865756988525 5 0
2.577845335006714 5 0
2.5832626819610596 5 0
2.5897397994995117 5 0
2.595243453979492 5 0
2.602060079574585 5 0
2.608684778213501 5 0
2.614325523376465 5 0
2.6214542388916016 5 0
2.6280219554901123 5 0
2.633523941040039 5 0
2.6398847103118896 5 0
2.645418405532837 5 0
2.6518027782440186 5 0
2.6583304405212402 5 0
2.663851022720337 5 0
2.6711838245391846 5 0
2.677495002746582 5 0
2.6828479766845703 5 0
2.689572334289551 5 0
2.6948511600494385 5 0
2.7012789249420166 5 0
2.707589864730835 5 0
2.7132439613342285 5 0
2.7204742431640625 5 0
2.7264089584350586 5 0
2.732553005218506 5 0
2.7388670444488525 5 0
2.744525671005249 5 0
2.7507171630859375 5 0
2.757189989089966 5 0
2.762578248977661 5 0
2.7688658237457275 5 0
2.7755260467529297 5 0
2.7819204330444336 5 0
2.7886223793029785 5 0
2.794276237487793 5 0
2.8005716800689697 5 0
2.806791305541992 5 0
2.81231951713562 5 0
2.8187201023101807 5 0
2.8254504203796387 5 0
2.8316714763641357 5 0
2.8382201194763184 5 0
2.843780040740967 5 0
2.854090929031372 5 0
2.8604447841644287 5 0
2.8659331798553467 5 0
2.8736209869384766 5 0
2.880187511444092 5 0
2.885699987411499 5 0
2.8918943405151367 5 0
2.898473024368286 5 0
2.904111385345459 5 0
2.9104979038238525 5 0
2.916407346725464 5 0
2.923496961593628 5 0
2.929863214492798 5 0
2.9353578090667725 5 0
2.9416346549987793 5 0
2.9481465816497803 5 0
2.953627109527588 5 0
2.95995831489563 5 0
2.9654436111450195 5 0
2.971839666366577 5 0
2.9794809818267822 5 0
2.9847636222839355 5 0
2.9912068843841553 5 0
2.9975080490112305 5 0
