0 0 0
8.034706115722656e-05 -6 0
0.006005287170410156 -6 0
0.012475252151489258 -6 0
0.02176499366760254 -6 -3
0.03089118003845215 -7 -8
0.0363774299621582 -8 -92
0.043552398681640625 -8 -99
0.05015063285827637 -9 -40
0.05591416358947754 -10 -99
0.0621953010559082 -10 -99
0.06853365898132324 -10 -90
0.07422399520874023 -10 -90
0.08120489120483398 -10 -90
0.08655142784118652 -10 -90
0.09380292892456055 -10 -90
0.10042428970336914 -10 -90
0.10612320899963379 -10 -90
0.11243891716003418 -10 -90
0.11901283264160156 -10 -22
0.12929654121398926 -10 -22
0.1352100372314453 -10 -22
0.14263272285461426 -10 -22
0.14928460121154785 -10 -22
0.15508675575256348 -10 -22
0.16179180145263672 -10 -22
0.1673722267150879 -10 -8
0.17362046241760254 -10 -8
0.18024849891662598 -10 -8
0.18600702285766602 -10 -8
0.19330739974975586 -10 -8
0.20005154609680176 -10 -8
0.20567750930786133 -10 -8
0.2120685577392578 -10 -8
0.2176191806793213 -10 -3
0.22386407852172852 -10 -3
0.2304525375366211 -10 -3
0.23614263534545898 -10 -3
0.24350333213806152 -10 -3
0.2500770092010498 -10 -3
0.2557075023651123 -10 -3
0.26220226287841797 -10 -3
0.26851534843444824 -10 0
0.27410197257995605 -10 0
0.28054046630859375 -10 0
0.2862250804901123 -10 0
0.2936725616455078 -10 0
0.30027055740356445 -10 0
0.3059885501861572 -10 0
0.31223082542419434 -10 0
0.3185124397277832 -10 0
0.32436108589172363 -10 0
0.3309645652770996 -10 0
0.3363487720489502 -10 0
0.3436241149902344 -10 0
0.3501853942871094 -10 0
0.35586977005004883 -10 0
0.3621046543121338 -10 0
0.3676314353942871 -10 0
0.37386560440063477 -10 0
0.3806278705596924 -10 0
0.38633036613464355 -10 0
0.39258337020874023 -10 0
0.4001636505126953 -10 0
0.4062466621398926 -10 0
0.4126553535461426 -10 0
0.41917943954467773 -10 0
0.4251821041107178 -10 0
0.4317140579223633 -10 0
0.43724727630615234 -10 0
0.4446296691894531 -10 0
0.45139098167419434 -10 0
0.457625150680542 -10 0
0.46384215354919434 -10 0
0.4704287052154541 -10 0
0.4760894775390625 -10 0
0.4823424816131592 -10 0
0.48865175247192383 -10 0
0.4943063259124756 -10 0
0.5019958019256592 -10 0
0.5075132846832275 -10 0
0.5137269496917725 -10 0
0.5202450752258301 -10 0
0.5305507183074951 -10 0
0.5362093448638916 -10 0
0.5425922870635986 -10 0
0.5503847599029541 -10 0
0.5560314655303955 -10 0
0.5624203681945801 -10 0
0.5689575672149658 -10 0
0.5743913650512695 -10 0
0.5810351371765137 -10 0
0.5864291191101074 -10 0
0.5928857326507568 -10 0
0.6002113819122314 -10 0
0.6058809757232666 -10 0
0.6121337413787842 -10 0
0.6180288791656494 -10 0
0.6241350173950195 -10 0
0.6305747032165527 -10 0
0.6362354755401611 -10 0
0.642479419708252 -10 0
0.6498901844024658 -10 0
0.6554670333862305 -10 0
0.6617527008056641 -10 0
0.6673171520233154 -10 0
0.6735625267028809 -10 0
0.6802647113800049 -10 0
0.6859755516052246 -10 0
0.6922307014465332 -10 0
0.6997747421264648 -10 0
0.705315351486206 -10 0
0.7117021083831787 -10 0
0.7172584533691406 -10 0
0.7234840393066406 -10 0
0.7299890518188477 -10 0
0.7355549335479736 -10 0
0.742042064666748 -10 0
0.7475593090057373 -10 0
0.755018949508667 -10 0
0.7614803314208984 -10 0
0.7670345306396484 -10 0
0.7732584476470947 -10 0
0.779808521270752 -10 0
0.7853531837463379 -10 0
0.7917342185974121 -10 0
0.797269344329834 -10 0
0.8046414852142334 -10 0
0.8115472793579102 -10 0
0.8170850276947021 -10 0
0.8233070373535156 -10 0
0.8298344612121582 -10 0
0.8353254795074463 -10 0
0.8416941165924072 -10 0
0.8472142219543457 -10 0
0.8544704914093018 -10 0
0.8613729476928711 -10 0
0.866649866104126 -10 0
0.873180627822876 -10 0
0.8797399997711182 -10 0
0.885284423828125 -10 0
0.89166259765625 -10 0
0.8972382545471191 -10 0
0.9044742584228516 -10 0
0.911247968673706 -10 0
0.916529655456543 -10 0
0.9266173839569092 -10 0
0.9333016872406006 -10 0
0.940108060836792 -10 0
0.9458334445953369 -10 0
0.9533114433288574 -10 0
0.9598679542541504 -10 0
0.9654600620269775 -10 0
0.9717514514923096 -10 0
0.9772803783416748 -10 0
0.9836876392364502 -10 0
0.9902453422546387 -10 0
0.9959385395050049 -10 0
1.0021979808807373 -10 0
1.0096654891967773 -10 0
1.015089511871338 -10 0
1.021550178527832 -10 0
1.0270798206329346 -10 0
1.0333161354064941 -10 0
1.0400149822235107 -10 0
1.0455684661865234 -10 0
1.0518853664398193 -10 0
1.0592784881591797 -10 0
1.064884901046753 -10 0
1.0715444087982178 -10 0
1.0770514011383057 -10 0
1.0832865238189697 -10 0
1.089829444885254 -10 0
1.0953245162963867 -10 0
1.1019060611724854 -10 0
1.1091985702514648 -10 0
1.1146132946014404 -10 0
1.121319055557251 -10 0
1.1266241073608398 -10 0
1.1331322193145752 -10 0
1.1396303176879883 -10 0
1.145066261291504 -10 0
1.1515092849731445 -10 0
1.1586236953735352 -10 0
1.164475679397583 -10 0
1.171081304550171 -10 0
1.1764273643493652 -10 0
1.1826543807983398 -10 0
1.189274787902832 -10 0
1.1948771476745605 -10 0
1.2015373706817627 -10 0
1.208571195602417 -10 0
1.2141621112823486 -10 0
1.2210276126861572 -10 0
1.226393461227417 -10 0
1.2325756549835205 -10 0
1.2391469478607178 -10 0
1.2445578575134277 -10 0
1.2512786388397217 -10 0
1.257542610168457 -10 0
1.2637677192687988 -10 0
1.270322561264038 -10 0
1.276017665863037 -10 0
1.2824177742004395 -10 0
1.288891315460205 -10 0
1.2943079471588135 -10 0
1.300654649734497 -10 0
1.3062889575958252 -10 0
1.3135313987731934 -10 0
1.3200318813323975 -10 0
1.3304193019866943 -10 0
1.3360791206359863 -10 0
1.3425815105438232 -10 0
1.3491337299346924 -10 0
1.3549787998199463 -10 0
1.3621082305908203 -10 0
1.3676371574401855 -10 0
1.373805046081543 -10 0
1.3803188800811768 -10 0
1.3860206604003906 -10 0
1.3922324180603027 -10 0
1.3985264301300049 -10 0
1.4043591022491455 -10 0
1.4123387336730957 -10 0
1.4188759326934814 -10 0
1.4243261814117432 -10 0
1.4306387901306152 -10 0
1.4363508224487305 -10 0
1.4425959587097168 -10 0
1.4491455554962158 -10 0
1.4545507431030273 -10 0
1.4632108211517334 -10 0
1.4698007106781006 -10 0
1.475327730178833 -10 0
1.4817092418670654 -10 0
1.4872462749481201 -10 0
1.4934484958648682 -10 0
1.4999945163726807 -10 0
1.5055580139160156 -10 0
1.5125582218170166 -10 0
1.5191867351531982 -10 0
1.5250296592712402 -10 0
1.531489610671997 -10 0
1.537003755569458 -10 0
1.5432660579681396 -10 0
1.5498249530792236 -10 0
1.5554213523864746 -10 0
1.5624959468841553 -10 0
1.5690810680389404 -10 0
1.574519395828247 -10 0
1.5815184116363525 -10 0
1.587047815322876 -10 0
1.5934333801269531 -10 0
1.599973440170288 -10 0
1.6055595874786377 -10 0
1.61189866065979 -10 0
1.6192820072174072 -10 0
1.6249301433563232 -10 0
1.6314013004302979 -10 0
1.6369178295135498 -10 0
1.6433331966400146 -10 0
1.6498799324035645 -10 0
1.6554615497589111 -10 0
1.6617708206176758 -10 0
1.669179916381836 -10 0
1.674546480178833 -10 0
1.6812801361083984 -10 0
1.6865592002868652 -10 0
1.6930210590362549 -10 0
1.6997127532958984 -10 0
1.705291986465454 -10 0
1.7116546630859375 -10 0
1.7189605236053467 -10 0
1.7245500087738037 -10 0
1.7349841594696045 -10 0
1.741586685180664 -10 0
1.7470967769622803 -10 0
1.7534914016723633 -10 0
1.760155439376831 -10 0
1.7666361331939697 -10 0
1.7731585502624512 -10 0
1.779679775238037 -10 0
1.7852542400360107 -10 0
1.7916624546051025 -10 0
1.7971711158752441 -10 0
1.8033795356750488 -10 0
1.809934139251709 -10 0
1.8163082599639893 -10 0
1.8230359554290771 -10 0
1.829314947128296 -10 0
1.834954023361206 -10 0
1.841440200805664 -10 0
1.846958875656128 -10 0
1.8533203601837158 -10 0
1.85984468460083 -10 0
1.8654155731201172 -10 0
1.8725602626800537 -10 0
1.8791024684906006 -10 0
1.8846495151519775 -10 0
1.8913612365722656 -10 0
1.8969156742095947 -10 0
1.903635025024414 -10 0
1.9103541374206543 -10 0
1.9160325527191162 -10 0
1.9234228134155273 -10 0
1.9301345348358154 -10 0
1.9358339309692383 -10 0
1.94222092628479 -10 0
1.9485044479370117 -10 0
1.9540965557098389 -10 0
1.960524320602417 -10 0
1.9661743640899658 -10 0
1.973323106765747 -10 0
1.9800257682800293 -10 0
1.9856584072113037 -10 0
1.9934444427490234 -10 0
2.0001206398010254 -10 0
2.0057103633880615 -10 0
2.0120725631713867 -10 0
2.017582416534424 -10 0
2.0249905586242676 -10 0
2.031461477279663 -10 0
2.036916494369507 -10 0
2.0431764125823975 -10 0
2.0497372150421143 -10 0
2.0552942752838135 -10 0
2.061830520629883 -10 0
2.074450731277466 -10 0
2.0811946392059326 -10 0
2.086507797241211 -10 0
2.0929534435272217 -10 0
2.0993008613586426 -10 0
2.1049859523773193 -10 0
2.1115944385528564 -10 0
2.11712908744812 -10 0
2.124485969543457 -10 0
2.1345834732055664 -10 0
2.1414740085601807 -10 0
2.147035598754883 -10 0
2.153412342071533 -10 0
2.1599652767181396 -10 0
2.1655564308166504 -10 0
2.172654390335083 -10 0
2.1792643070220947 -10 0
2.185239315032959 -10 0
2.191646099090576 -10 0
2.197155237197876 -10 0
2.2033603191375732 -10 0
2.2098793983459473 -10 0
2.215508222579956 -10 0
2.2218141555786133 -10 0
2.2292025089263916 -10 0
2.234612226486206 -10 0
2.241591453552246 -10 0
2.2471392154693604 -10 0
2.2533538341522217 -10 0
2.259857177734375 -10 0
2.2654531002044678 -10 0
2.2717795372009277 -10 0
2.279151678085327 -10 0
2.2845587730407715 -10 0
2.2912890911102295 -10 0
2.2966041564941406 -10 0
2.303290843963623 -10 0
2.3098337650299072 -10 0
2.3153538703918457 -10 0
2.3217217922210693 -10 0
2.329050302505493 -10 0
2.334480047225952 -10 0
2.3411779403686523 -10 0
2.346498489379883 -10 0
2.3529553413391113 -10 0
2.359302282333374 -10 0
2.3652052879333496 -10 0
2.3718111515045166 -10 0
2.37917423248291 -10 0
2.3845670223236084 -10 0
2.3912930488586426 -10 0
2.3966047763824463 -10 0
2.403094530105591 -10 0
2.40956974029541 -10 0
2.4150426387786865 -10 0
2.421710968017578 -10 0
2.4290523529052734 -10 0
2.4344773292541504 -10 0
2.4411816596984863 -10 0
2.446514368057251 -10 0
2.453000545501709 -10 0
2.46352481842041 -10 0
2.473001003265381 -10 0
2.483391761779785 -10 0
2.4920310974121094 -10 0
2.5012528896331787 -10 0
2.5065674781799316 -10 0
2.5150339603424072 -10 0
2.5215656757354736 -10 0
2.531430959701538 -10 0
2.5393190383911133 -10 0
2.547358512878418 -10 0
2.5538244247436523 -10 0
2.56062912940979 -10 0
2.569251775741577 -10 0
2.575096845626831 -10 0
2.582489490509033 -10 0
2.590252637863159 -10 0
2.5959434509277344 -10 0
2.603431463241577 -10 0
2.6112477779388428 -10 0
2.616532802581787 -10 0
2.6238505840301514 -10 0
2.6325831413269043 -10 0
2.6395821571350098 -10 0
2.6499407291412354 -10 0
2.6555404663085938 -10 0
2.6620430946350098 -10 0
2.670475482940674 -10 0
2.679670810699463 -10 0
2.686190366744995 -10 0
2.6949334144592285 -10 0
2.701486110687256 -10 0
2.7070465087890625 -10 0
2.7171761989593506 -10 0
2.72361421585083 -10 0
2.731389045715332 -10 0
2.739828586578369 -10 0
2.7454326152801514 -10 0
2.7525932788848877 -10 0
2.7604169845581055 -10 0
2.766124725341797 -10 0
2.773484945297241 -10 0
2.780400037765503 -10 0
2.7902495861053467 -10 0
2.7988810539245605 -10 0
2.8043313026428223 -10 0
2.810997486114502 -10 0
2.8192851543426514 -10 0
2.8249351978302 -10 0
2.8314146995544434 -10 0
2.839190721511841 -10 0
2.8511898517608643 -10 0
2.8597896099090576 -10 0
2.8653194904327393 -10 0
2.871919631958008 -10 0
2.888007164001465 -10 0
2.8964147567749023 -10 0
2.9031856060028076 -10 0
2.9118950366973877 -10 0
2.919290065765381 -10 0
2.925191640853882 -10 0
2.9397573471069336 -10 0
2.948913812637329 -10 0
2.956570625305176 -10 0
2.9659392833709717 -10 0
2.97240948677063 -10 0
2.980173110961914 -10 0
2.987393617630005 -10 0
2.996025323867798 -10 0
