0 0 0
8.416175842285156e-05 -4 0
0.00592494010925293 -4 -3
0.012767314910888672 -4 -8
0.02084970474243164 -6 -64
0.029988765716552734 -6 -38
0.03620457649230957 -8 -90
0.04267406463623047 -9 -156
0.04921126365661621 -10 -179
0.05470609664916992 -11 -177
0.06149911880493164 -12 -177
0.06707525253295898 -12 -145
0.07332015037536621 -13 -127
0.08107233047485352 -13 -127
0.08670663833618164 -13 -36
0.09297585487365723 -13 -36
0.0995643138885498 -13 -36
0.10523700714111328 -13 -36
0.1115577220916748 -13 -36
0.11716341972351074 -13 -36
0.12371659278869629 -13 -36
0.13137078285217285 -13 -36
0.13694047927856445 -13 -7
0.1434004306793213 -13 -7
0.15428614616394043 -13 -7
0.16119384765625 -13 -7
0.16678380966186523 -13 -7
0.17325997352600098 -13 -7
0.18123364448547363 -13 -7
0.18683600425720215 -13 0
0.1930854320526123 -13 0
0.19966483116149902 -13 0
0.20528936386108398 -13 0
0.21161723136901855 -13 0
0.21712589263916016 -13 0
0.22336101531982422 -13 0
0.23106765747070312 -13 0
0.23662614822387695 -13 3
0.24306225776672363 -13 3
0.24963045120239258 -13 3
0.25528430938720703 -13 3
0.26166844367980957 -13 3
0.26720547676086426 -13 3
0.27422523498535156 -13 3
0.2816493511199951 -13 3
0.28724074363708496 -13 0
0.29343342781066895 -13 0
0.30017614364624023 -13 0
0.3058907985687256 -13 0
0.3121364116668701 -13 0
0.3186986446380615 -13 0
0.3241274356842041 -13 0
0.3316075801849365 -13 0
0.3370945453643799 -13 0
0.3433253765106201 -13 0
0.349867582321167 -13 0
0.35558414459228516 -13 0
0.3619966506958008 -13 0
0.36854124069213867 -13 0
0.37410688400268555 -13 0
0.38163232803344727 -13 0
0.3872101306915283 -13 0
0.39342784881591797 -13 0
0.40020322799682617 -13 0
0.4058859348297119 -13 0
0.4121429920196533 -13 0
0.41872525215148926 -13 0
0.4246234893798828 -13 0
0.4318227767944336 -13 0
0.43813657760620117 -13 0
0.4436948299407959 -13 0
0.450167179107666 -13 0
0.45584559440612793 -13 0
0.46215057373046875 -13 0
0.46871352195739746 -13 0
0.47413063049316406 -13 0
0.4810347557067871 -13 0
0.48816776275634766 -13 0
0.4937150478363037 -13 0
0.5001380443572998 -13 0
0.5058083534240723 -13 0
0.5120911598205566 -13 0
0.5228939056396484 -13 0
0.5352301597595215 -13 0
0.5417439937591553 -13 0
0.5476515293121338 -13 0
0.5618245601654053 -13 0
0.5702636241912842 -13 0
0.5789415836334229 -13 0
0.5869648456573486 -13 0
0.593224048614502 -13 0
0.6020467281341553 -13 0
0.6085708141326904 -13 0
0.6142129898071289 -13 0
0.6219618320465088 -13 0
0.6297798156738281 -13 0
0.6377220153808594 -13 0
0.6440234184265137 -13 0
0.651749849319458 -13 0
0.6595978736877441 -13 0
0.6651873588562012 -13 0
0.6717603206634521 -13 0
0.6801729202270508 -13 0
0.6869566440582275 -13 0
0.6931867599487305 -13 0
0.7049579620361328 -13 0
0.7113494873046875 -13 0
0.7169625759124756 -13 0
0.7233610153198242 -13 0
0.7301280498504639 -13 0
0.7409446239471436 -13 0
0.7493062019348145 -13 0
0.7548439502716064 -13 0
0.7612655162811279 -13 0
0.7721524238586426 -13 0
0.778735876083374 -13 0
0.7845265865325928 -13 0
0.792069673538208 -13 0
0.800955057144165 -13 0
0.806260347366333 -13 0
0.8149027824401855 -13 0
0.8213043212890625 -13 0
0.8268489837646484 -13 0
0.8330771923065186 -13 0
0.8437540531158447 -13 0
0.8502089977264404 -13 0
0.8587405681610107 -13 0
0.8642027378082275 -13 0
0.8709681034088135 -13 0
0.8793718814849854 -13 0
0.8849480152130127 -13 0
0.8921329975128174 -13 0
0.8989348411560059 -13 0
0.9109385013580322 -13 0
0.9197371006011963 -13 0
0.9254586696624756 -13 0
0.9318447113037109 -13 0
0.9401645660400391 -13 0
0.9458491802215576 -13 0
0.9665389060974121 -13 0
0.972858190536499 -13 0
0.9810948371887207 -13 0
0.9910435676574707 -13 0
0.9996709823608398 -13 0
1.0053162574768066 -13 0
1.0125598907470703 -13 0
1.0206866264343262 -13 0
1.0302841663360596 -13 0
1.0389323234558105 -13 0
1.0458829402923584 -13 0
1.0551822185516357 -13 0
1.062835693359375 -13 0
1.0707945823669434 -13 0
1.0761282444000244 -13 0
1.086261510848999 -13 0
1.0946376323699951 -13 0
1.1013824939727783 -13 0
1.1118645668029785 -13 0
1.1206028461456299 -13 0
1.1288321018218994 -13 0
1.1342449188232422 -13 0
1.1432783603668213 -13 0
1.150089979171753 -13 0
1.156182050704956 -13 0
1.1626684665679932 -13 0
1.1691768169403076 -13 0
1.1746478080749512 -13 0
1.1813461780548096 -13 0
1.1868925094604492 -13 0
1.1940045356750488 -13 0
1.20090651512146 -13 0
1.2062427997589111 -13 0
1.2126944065093994 -13 0
1.2191970348358154 -13 0
1.2246856689453125 -13 0
1.23112154006958 -13 0
1.2366869449615479 -13 0
1.2429351806640625 -13 0
1.2502577304840088 -13 0
1.2560091018676758 -13 0
1.2626633644104004 -13 0
1.2689533233642578 -13 0
1.274632215499878 -13 0
1.282257080078125 -13 0
1.296921968460083 -13 0
1.3033230304718018 -13 0
1.3100323677062988 -13 0
1.315753698348999 -13 0
1.322180986404419 -13 0
1.3287243843078613 -13 0
1.3341598510742188 -13 0
1.3409216403961182 -13 0
1.3472297191619873 -13 0
1.3572211265563965 -13 0
1.3645961284637451 -13 0
1.3712761402130127 -13 0
1.3768041133880615 -13 0
1.383317232131958 -13 0
1.3898379802703857 -13 0
1.397162675857544 -13 0
1.4033970832824707 -13 0
1.4099178314208984 -13 0
1.4159884452819824 -13 0
1.422811508178711 -13 0
1.4293572902679443 -13 0
1.4349033832550049 -13 0
1.4414868354797363 -13 0
1.4488041400909424 -13 0
1.4542560577392578 -13 0
1.4609663486480713 -13 0
1.466259479522705 -13 0
1.4727447032928467 -13 0
1.4792742729187012 -13 0
1.4846975803375244 -13 0
1.4911727905273438 -13 0
1.4967131614685059 -13 0
1.5039618015289307 -13 0
1.5106613636016846 -13 0
1.5169715881347656 -13 0
1.5232138633728027 -13 0
1.5297572612762451 -13 0
1.5353429317474365 -13 0
1.5416738986968994 -13 0
1.547215461730957 -13 0
1.5546448230743408 -13 0
1.5613057613372803 -13 0
1.5669105052947998 -13 0
1.5733075141906738 -13 0
1.579857587814331 -13 0
1.5855381488800049 -13 0
1.5917751789093018 -13 0
1.5977468490600586 -13 0
1.6049444675445557 -13 0
1.6113409996032715 -13 0
1.616910696029663 -13 0
1.6233043670654297 -13 0
1.6298701763153076 -13 0
1.635547161102295 -13 0
1.641798734664917 -13 0
1.6477000713348389 -13 0
1.6546721458435059 -13 0
1.6611294746398926 -13 0
1.6666803359985352 -13 0
1.6729414463043213 -13 0
1.679624319076538 -13 0
1.6852400302886963 -13 0
1.6915476322174072 -13 0
1.6970653533935547 -13 0
1.7046911716461182 -13 0
1.711195468902588 -13 0
1.7167277336120605 -13 0
1.7229623794555664 -13 0
1.7295036315917969 -13 0
1.7350924015045166 -13 0
1.7415945529937744 -13 0
1.7471470832824707 -13 0
1.7594177722930908 -13 0
1.7649624347686768 -13 0
1.7715747356414795 -13 0
1.777080774307251 -13 0
1.7841472625732422 -13 0
1.7909116744995117 -13 0
1.7977216243743896 -13 0
1.805086612701416 -13 0
1.8113999366760254 -13 0
1.8169875144958496 -13 0
1.823289155960083 -13 0
1.8300034999847412 -13 0
1.8356728553771973 -13 0
1.84194016456604 -13 0
1.8482320308685303 -13 0
1.8551154136657715 -13 0
1.86161208152771 -13 0
1.8671324253082275 -13 0
1.8733572959899902 -13 0
1.8799259662628174 -13 0
1.8856275081634521 -13 0
1.8918647766113281 -13 0
1.8981621265411377 -13 0
1.9037384986877441 -13 0
1.9113364219665527 -13 0
1.9169042110443115 -13 0
1.9233126640319824 -13 0
1.9298527240753174 -13 0
1.9355053901672363 -13 0
1.9417963027954102 -13 0
1.9477345943450928 -13 0
1.9537124633789062 -13 0
1.9614489078521729 -13 0
1.9669983386993408 -13 0
1.9732089042663574 -13 0
1.9798939228057861 -13 0
1.9856460094451904 -13 0
1.9933395385742188 -13 0
1.9999372959136963 -13 0
2.005640745162964 -13 0
2.0129435062408447 -13 0
2.0195131301879883 -13 0
2.0251431465148926 -13 0
2.0314760208129883 -13 0
2.0370383262634277 -13 0
2.0435030460357666 -13 0
2.050086498260498 -13 0
2.0558831691741943 -13 0
2.0631392002105713 -13 0
2.0696520805358887 -13 0
2.075282096862793 -13 0
2.081637382507324 -13 0
2.0871922969818115 -13 0
2.0936975479125977 -13 0
2.1006343364715576 -13 0
2.106043815612793 -13 0
2.113241195678711 -13 0
2.1209168434143066 -13 0
2.1262118816375732 -13 0
2.1328821182250977 -13 0
2.139620780944824 -13 0
2.145197868347168 -13 0
2.1515135765075684 -13 0
2.1625661849975586 -13 0
2.1689341068267822 -13 0
2.174816608428955 -13 0
2.1814165115356445 -13 0
2.186954975128174 -13 0
2.1931955814361572 -13 0
2.1998558044433594 -13 0
2.205554962158203 -13 0
2.218970537185669 -13 0
2.225114345550537 -13 0
2.2314350605010986 -13 0
2.236976385116577 -13 0
2.2432000637054443 -13 0
2.2497663497924805 -13 0
2.2555062770843506 -13 0
2.262770652770996 -13 0
2.269274950027466 -13 0
2.274839162826538 -13 0
2.28145432472229 -13 0
2.2869668006896973 -13 0
2.2932021617889404 -13 0
2.29978346824646 -13 0
2.3054661750793457 -13 0
2.312747001647949 -13 0
2.319267988204956 -13 0
2.324835777282715 -13 0
2.331237316131592 -13 0
2.336763381958008 -13 0
2.3432257175445557 -13 0
2.3499417304992676 -13 0
2.3556318283081055 -13 0
2.361882448196411 -13 0
2.369497776031494 -13 0
2.375136613845825 -13 0
2.3815174102783203 -13 0
2.387058973312378 -13 0
2.3933067321777344 -13 0
2.40004563331604 -13 0
2.4056921005249023 -13 0
2.411944627761841 -13 0
2.4195165634155273 -13 0
2.4251651763916016 -13 0
2.4314749240875244 -13 0
2.4369850158691406 -13 0
2.4432272911071777 -13 0
2.449779748916626 -13 0
2.4555153846740723 -13 0
2.4619269371032715 -13 0
2.469515800476074 -13 0
2.4750781059265137 -13 0
2.4815847873687744 -13 0
2.4871480464935303 -13 0
2.493349075317383 -13 0
2.4999048709869385 -13 0
2.5056188106536865 -13 0
2.5119447708129883 -13 0
2.5205230712890625 -13 0
2.5259857177734375 -13 0
2.532231330871582 -13 0
2.5388123989105225 -13 0
2.5442094802856445 -13 0
2.5509519577026367 -13 0
2.5562665462493896 -13 0
2.56855845451355 -13 0
2.5741357803344727 -13 0
2.5811214447021484 -13 0
2.5866713523864746 -13 0
2.5930981636047363 -13 0
2.599642753601074 -13 0
2.605246067047119 -13 0
2.611736297607422 -13 0
2.619277000427246 -13 0
2.6248579025268555 -13 0
2.631239891052246 -13 0
2.6367626190185547 -13 0
2.6431870460510254 -13 0
2.649726629257202 -13 0
2.655348062515259 -13 0
2.6616532802581787 -13 0
2.6689438819885254 -13 0
2.674635410308838 -13 0
2.6811718940734863 -13 0
2.686720371246338 -13 0
2.692958116531372 -13 0
2.6996512413024902 -13 0
2.70527720451355 -13 0
2.7116286754608154 -13 0
2.717161178588867 -13 0
2.7242634296417236 -13 0
2.7310047149658203 -13 0
2.7365453243255615 -13 0
2.74296236038208 -13 0
2.749499797821045 -13 0
2.7550747394561768 -13 0
2.7615809440612793 -13 0
2.767134428024292 -13 0
2.774613857269287 -13 0
2.781114101409912 -13 0
2.7866671085357666 -13 0
2.7929272651672363 -13 0
2.799497127532959 -13 0
2.805087089538574 -13 0
2.811399459838867 -13 0
2.816936731338501 -13 0
2.824281692504883 -13 0
2.831050395965576 -13 0
2.8365602493286133 -13 0
2.84279727935791 -13 0
2.849330425262451 -13 0
2.8549187183380127 -13 0
2.861306667327881 -13 0
2.868536949157715 -13 0
2.8754827976226807 -13 0
2.882014274597168 -13 0
2.8885507583618164 -13 0
2.894166946411133 -13 0
2.9009015560150146 -13 0
2.9062185287475586 -13 0
2.912710428237915 -13 0
2.919167995452881 -13 0
2.9256887435913086 -13 0
2.931931257247925 -13 0
2.9382119178771973 -13 0
2.9441051483154297 -13 0
2.950808525085449 -13 0
2.956129550933838 -13 0
2.966520071029663 -13 0
2.9739363193511963 -13 0
2.9808084964752197 -13 0
2.9861538410186768 -13 0
2.9928059577941895 -13 0
2.999603509902954 -13 0
