0 0 0
9.5367431640625e-05 -2 0
0.011579036712646484 -2 -2
0.018664121627807617 -3 -19
0.024242162704467773 -5 -22
0.03455352783203125 -7 -136
0.04114222526550293 -9 -267
0.04810452461242676 -11 -281
0.05353283882141113 -14 -313
0.061493873596191406 -16 -305
0.06938576698303223 -16 -248
0.0775296688079834 -17 -248
0.08437871932983398 -17 -248
0.09332799911499023 -17 -33
0.10005593299865723 -16 0
0.10638427734375 -16 26
0.1146242618560791 -16 26
0.12133336067199707 -16 26
0.12839150428771973 -16 26
0.1370408535003662 -16 26
0.14266538619995117 -16 26
0.15061044692993164 -15 26
0.15855145454406738 -15 26
0.16629767417907715 -15 26
0.17226052284240723 -15 26
0.18288922309875488 -15 26
0.1895313262939453 -15 26
0.1961362361907959 -15 14
0.20795607566833496 -15 14
0.21636176109313965 -15 14
0.22234392166137695 -15 14
0.22900032997131348 -15 14
0.23826241493225098 -15 14
0.24361348152160645 -15 14
0.25089597702026367 -15 6
0.25814127922058105 -15 6
0.26688385009765625 -15 6
0.2724936008453369 -15 6
0.27903199195861816 -15 6
0.2872810363769531 -15 6
0.2951924800872803 -15 6
0.30143141746520996 -15 2
0.308455228805542 -15 2
0.31725597381591797 -15 2
0.3229644298553467 -15 2
0.3293895721435547 -15 2
0.33857154846191406 -15 2
0.3473317623138428 -15 0
0.35306549072265625 -15 0
0.35951757431030273 -15 0
0.36621546745300293 -15 0
0.37435388565063477 -15 0
0.38080835342407227 -15 0
0.38864874839782715 -15 0
0.39718151092529297 -15 0
0.4028947353363037 -15 0
0.4092996120452881 -15 0
0.4170382022857666 -15 0
0.42262911796569824 -15 0
0.4303290843963623 -15 0
0.4388442039489746 -15 0
0.44435977935791016 -15 0
0.45343542098999023 -15 0
0.4601154327392578 -15 0
0.46674489974975586 -15 0
0.4743645191192627 -15 0
0.4808061122894287 -15 0
0.4888448715209961 -15 0
0.49631643295288086 -15 0
0.5024063587188721 -15 0
0.5091104507446289 -15 0
0.5177040100097656 -15 0
0.5234239101409912 -15 0
0.532111406326294 -15 0
0.53965163230896 -15 0
0.5462501049041748 -15 0
0.5520572662353516 -15 0
0.5593161582946777 -15 0
0.5669095516204834 -15 0
0.5724906921386719 -15 0
0.5799586772918701 -15 0
0.5873041152954102 -15 0
0.595940351486206 -15 0
0.6063995361328125 -15 0
0.6134645938873291 -15 0
0.6221110820770264 -15 0
0.6296060085296631 -15 0
0.6361453533172607 -15 0
0.6446046829223633 -15 0
0.6508629322052002 -15 0
0.6574440002441406 -15 0
0.6631166934967041 -15 0
0.670515775680542 -15 0
0.6780557632446289 -15 0
0.6834290027618408 -15 0
0.6907854080200195 -15 0
0.6973676681518555 -15 0
0.7030608654022217 -15 0
0.7092878818511963 -15 0
0.7156035900115967 -15 0
0.7212953567504883 -15 0
0.7280890941619873 -15 0
0.7334606647491455 -15 0
0.7396671772003174 -15 0
0.7473347187042236 -15 0
0.753061056137085 -15 0
0.7594618797302246 -15 0
0.7659845352172852 -15 0
0.7714359760284424 -15 0
0.7782914638519287 -15 0
0.7836000919342041 -15 0
0.7902498245239258 -15 0
0.7975857257843018 -15 0
0.8032679557800293 -15 0
0.8095195293426514 -15 0
0.8160669803619385 -15 0
0.821514368057251 -15 0
0.8281190395355225 -15 0
0.8335371017456055 -15 0
0.8400111198425293 -15 0
0.8475022315979004 -15 0
0.8531737327575684 -15 0
0.8594725131988525 -15 0
0.8659825325012207 -15 0
0.8714315891265869 -15 0
0.8779573440551758 -15 0
0.8834223747253418 -15 0
0.8901498317718506 -15 0
0.8974132537841797 -15 0
0.9030838012695312 -15 0
0.9095091819763184 -15 0
0.9160428047180176 -15 0
0.9214873313903809 -15 0
0.9281182289123535 -15 0
0.9335167407989502 -15 0
0.9399948120117188 -15 0
0.9472706317901611 -15 0
0.9529180526733398 -15 0
0.9591739177703857 -15 0
0.965083122253418 -15 0
0.9712173938751221 -15 0
0.9776260852813721 -15 0
0.9832789897918701 -15 0
0.9895281791687012 -15 0
0.997093677520752 -15 0
1.007451057434082 -15 0
1.0131118297576904 -15 0
1.0233428478240967 -15 0
1.0314359664916992 -15 0
1.0387027263641357 -15 0
1.047372579574585 -15 0
1.0535938739776611 -15 0
1.061344861984253 -15 0
1.0689239501953125 -15 0
1.07623291015625 -15 0
1.082698106765747 -15 0
1.0904810428619385 -15 0
1.0990712642669678 -15 0
1.106269359588623 -15 0
1.1126649379730225 -15 0
1.1195108890533447 -15 0
1.12744140625 -15 0
1.1343061923980713 -15 0
1.1405720710754395 -15 0
1.1472675800323486 -15 0
1.1539459228515625 -15 0
1.1602439880371094 -15 0
1.1667890548706055 -15 0
1.1723036766052246 -15 0
1.1787257194519043 -15 0
1.184234380722046 -15 0
1.1904971599578857 -15 0
1.197014570236206 -15 0
1.2035481929779053 -15 0
1.210237979888916 -15 0
1.216827630996704 -15 0
1.222353219985962 -15 0
1.2287311553955078 -15 0
1.2342922687530518 -15 0
1.240501880645752 -15 0
1.2470436096191406 -15 0
1.2535271644592285 -15 0
1.2599525451660156 -15 0
1.2663164138793945 -15 0
1.272113561630249 -15 0
1.2787764072418213 -15 0
1.2843303680419922 -15 0
1.2905654907226562 -15 0
1.297071933746338 -15 0
1.3034238815307617 -15 0
1.3096551895141602 -15 0
1.3162336349487305 -15 0
1.3216428756713867 -15 0
1.3285551071166992 -15 0
1.3341178894042969 -15 0
1.3403589725494385 -15 0
1.34690260887146 -15 0
1.3533697128295898 -15 0
1.3596217632293701 -15 0
1.3662075996398926 -15 0
1.3715970516204834 -15 0
1.3783512115478516 -15 0
1.3836734294891357 -15 0
1.390366792678833 -15 0
1.3968863487243652 -15 0
1.4082512855529785 -15 0
1.4135699272155762 -15 0
1.4202251434326172 -15 0
1.4268982410430908 -15 0
1.4324090480804443 -15 0
1.438971996307373 -15 0
1.4445369243621826 -15 0
1.4509057998657227 -15 0
1.4585986137390137 -15 0
1.464141607284546 -15 0
1.4703819751739502 -15 0
1.4769465923309326 -15 0
1.4825630187988281 -15 0
1.488875150680542 -15 0
1.4943938255310059 -15 0
1.5006392002105713 -15 0
1.5085530281066895 -15 0
1.5140619277954102 -15 0
1.5202910900115967 -15 0
1.5268888473510742 -15 0
1.532494068145752 -15 0
1.538975715637207 -15 0
1.544506549835205 -15 0
1.5507104396820068 -15 0
1.5584306716918945 -15 0
1.5639610290527344 -15 0
1.5703859329223633 -15 0
1.5769376754760742 -15 0
1.5825133323669434 -15 0
1.5888774394989014 -15 0
1.594388723373413 -15 0
1.6006324291229248 -15 0
1.6081445217132568 -15 0
1.613518476486206 -15 0
1.6200008392333984 -15 0
1.627474308013916 -15 0
1.6331171989440918 -15 0
1.6393568515777588 -15 0
1.6456501483917236 -15 0
1.6512913703918457 -15 0
1.6588010787963867 -15 0
1.6643636226654053 -15 0
1.6707360744476318 -15 0
1.6772994995117188 -15 0
1.68296480178833 -15 0
1.689335584640503 -15 0
1.6955888271331787 -15 0
1.701127290725708 -15 0
1.708742618560791 -15 0
1.7143092155456543 -15 0
1.7205660343170166 -15 0
1.7270565032958984 -15 0
1.7326605319976807 -15 0
1.7389671802520752 -15 0
1.7444980144500732 -15 0
1.7509632110595703 -15 0
1.7574796676635742 -15 0
1.7641549110412598 -15 0
1.7703704833984375 -15 0
1.776900053024292 -15 0
1.7823970317840576 -15 0
1.7887935638427734 -15 0
1.7943460941314697 -15 0
1.8007380962371826 -15 0
1.8122544288635254 -15 0
1.822382926940918 -15 0
1.8289687633514404 -15 0
1.8344871997833252 -15 0
1.84088134765625 -15 0
1.8476243019104004 -15 0
1.8532838821411133 -15 0
1.860544204711914 -15 0
1.8672349452972412 -15 0
1.872917890548706 -15 0
1.8791563510894775 -15 0
1.884681224822998 -15 0
1.890892744064331 -15 0
1.8974542617797852 -15 0
1.9031498432159424 -15 0
1.9093987941741943 -15 0
1.9169552326202393 -15 0
1.922551155090332 -15 0
1.92903470993042 -15 0
1.9345529079437256 -15 0
1.9407682418823242 -15 0
1.94730806350708 -15 0
1.952981948852539 -15 0
1.959221601486206 -15 0
1.9668824672698975 -15 0
1.97239089012146 -15 0
1.9787623882293701 -15 0
1.9843130111694336 -15 0
1.9928672313690186 -15 0
1.9991145133972168 -15 0
2.0061559677124023 -15 0
2.012989044189453 -15 0
2.019275665283203 -15 0
2.0251667499542236 -15 0
2.03110933303833 -15 0
2.037585973739624 -15 0
2.0432491302490234 -15 0
2.049659490585327 -15 0
2.056198835372925 -15 0
2.0620064735412598 -15 0
2.069291114807129 -15 0
2.075657844543457 -15 0
2.0812878608703613 -15 0
2.087613344192505 -15 0
2.0932722091674805 -15 0
2.0995442867279053 -15 0
2.106107234954834 -15 0
2.1116881370544434 -15 0
2.1191654205322266 -15 0
2.1247053146362305 -15 0
2.130913734436035 -15 0
2.1374728679656982 -15 0
2.1431446075439453 -15 0
2.149406671524048 -15 0
2.155963897705078 -15 0
2.1614298820495605 -15 0
2.174663782119751 -15 0
2.1808762550354004 -15 0
2.188544750213623 -15 0
2.202058792114258 -15 0
2.21264386177063 -15 0
2.2200026512145996 -15 0
2.226343870162964 -15 0
2.2323715686798096 -15 0
2.238919973373413 -15 0
2.2444417476654053 -15 0
2.250642776489258 -15 0
2.257185459136963 -15 0
2.262908697128296 -15 0
2.270167827606201 -15 0
2.27667236328125 -15 0
2.2820920944213867 -15 0
2.2887649536132812 -15 0
2.294344425201416 -15 0
2.30057692527771 -15 0
2.3070929050445557 -15 0
2.312755823135376 -15 0
2.320279359817505 -15 0
2.326798677444458 -15 0
2.332357406616211 -15 0
2.3387022018432617 -15 0
2.3442180156707764 -15 0
2.3506417274475098 -15 0
2.3571879863739014 -15 0
2.3628604412078857 -15 0
2.370169162750244 -15 0
2.3767249584198 -15 0
2.382274866104126 -15 0
2.388667583465576 -15 0
2.3942043781280518 -15 0
2.4004316329956055 -15 0
2.4071507453918457 -15 0
2.4127607345581055 -15 0
2.4201197624206543 -15 0
2.4266364574432373 -15 0
2.432105302810669 -15 0
2.4386391639709473 -15 0
2.4441604614257812 -15 0
2.4505796432495117 -15 0
2.4570980072021484 -15 0
2.4627411365509033 -15 0
2.470224618911743 -15 0
2.476855516433716 -15 0
2.4823899269104004 -15 0
2.4887850284576416 -15 0
2.4943370819091797 -15 0
2.500619888305664 -15 0
2.507270336151123 -15 0
2.5129282474517822 -15 0
2.5191562175750732 -15 0
2.526909112930298 -15 0
2.532484531402588 -15 0
2.538830280303955 -15 0
2.544369697570801 -15 0
2.5506269931793213 -15 0
2.5571658611297607 -15 0
2.562764883041382 -15 0
2.569051504135132 -15 0
2.5768325328826904 -15 0
2.582367420196533 -15 0
2.5888726711273193 -15 0
2.5943853855133057 -15 0
2.6006839275360107 -15 0
2.609675407409668 -15 0
2.6173665523529053 -15 0
2.6251251697540283 -15 0
2.631294012069702 -15 0
2.6380999088287354 -15 0
2.6434850692749023 -15 0
2.650179386138916 -15 0
2.656702756881714 -15 0
2.662255048751831 -15 0
2.668687105178833 -15 0
2.6759965419769287 -15 0
2.681450843811035 -15 0
2.688080310821533 -15 0
2.693507194519043 -15 0
2.699977159500122 -15 0
2.7063350677490234 -15 0
2.7121543884277344 -15 0
2.7187628746032715 -15 0
2.7260890007019043 -15 0
2.7315235137939453 -15 0
2.7382447719573975 -15 0
2.743577241897583 -15 0
2.7500970363616943 -15 0
2.756394624710083 -15 0
2.7620115280151367 -15 0
2.76865553855896 -15 0
2.775193691253662 -15 0
2.781151056289673 -15 0
2.7875540256500244 -15 0
2.7932467460632324 -15 0
2.799510955810547 -15 0
2.806039810180664 -15 0
2.8114850521087646 -15 0
2.8180999755859375 -15 0
2.8234705924987793 -15 0
2.830919027328491 -15 0
2.837653875350952 -15 0
2.8433151245117188 -15 0
2.8495633602142334 -15 0
2.8561172485351562 -15 0
2.861567497253418 -15 0
2.868321418762207 -15 0
2.8736140727996826 -15 0
2.8808770179748535 -15 0
2.887585401535034 -15 0
2.89326548576355 -15 0
2.8995044231414795 -15 0
2.9060370922088623 -15 0
2.911498785018921 -15 0
2.9182307720184326 -15 0
2.9235692024230957 -15 0
2.9308176040649414 -15 0
2.937382459640503 -15 0
2.943073034286499 -15 0
2.949476718902588 -15 0
2.9560227394104004 -15 0
2.961472749710083 -15 0
2.968388080596924 -15 0
2.97369384765625 -15 0
2.981105327606201 -15 0
2.98879337310791 -15 0
2.994342803955078 -15 0
