00
0.012883663177490234 0
0.024098873138427734 0
0.032347679138183594 0
0.03866696357727051 0
0.045603036880493164 0
0.05433392524719238 0
0.06028485298156738 0
0.06662368774414062 1
0.0742483139038086 1
0.08330631256103516 2
0.08898496627807617 3
0.09570646286010742 4
0.10302066802978516 5
0.10941052436828613 7
0.1166527271270752 9
0.1257328987121582 11
0.13167333602905273 13
0.13834095001220703 15
0.14596128463745117 17
0.15367984771728516 20
0.16173267364501953 25
0.16853904724121094 28
0.17544174194335938 30
0.18241190910339355 35
0.18877768516540527 40
0.1976487636566162 44
0.20429277420043945 48
0.21022558212280273 53
0.2193286418914795 58
0.2259516716003418 62
0.23186469078063965 69
0.2402634620666504 75
0.2498166561126709 81
0.2562117576599121 84
0.2624185085296631 92
0.2706484794616699 97
0.27730464935302734 102
0.2839682102203369 107
0.29248738288879395 115
0.2987484931945801 120
0.305560827255249 125
0.31578922271728516 137
0.3242959976196289 142
0.33034420013427734 148
0.33683276176452637 155
0.34613680839538574 160
0.3524324893951416 167
0.3586761951446533 172
0.3660151958465576 178
0.3719019889831543 184
0.378507137298584 190
0.3848559856414795 195
0.39081811904907227 202
0.39853525161743164 208
0.4049100875854492 213
0.4110100269317627 218
0.41873931884765625 226
0.4256250858306885 231
0.43150925636291504 236
0.43807387351989746 243
0.44583940505981445 248
0.45174455642700195 256
0.4582958221435547 261
0.46473193168640137 267
0.4707760810852051 272
0.47739458084106445 278
0.48404598236083984 283
0.4899930953979492 290
0.4974360466003418 297
0.5040938854217529 301
0.5100629329681396 308
0.5164182186126709 314
0.5230588912963867 319
0.5293252468109131 324
0.5358176231384277 330
0.5417399406433105 337
0.5493497848510742 342
0.5558197498321533 348
0.5616955757141113 353
0.5681812763214111 360
0.574631929397583 366
0.5805568695068359 372
0.5870380401611328 377
0.5939056873321533 384
0.6005501747131348 390
0.6069447994232178 395
0.6137988567352295 400
0.6197750568389893 406
0.6262123584747314 411
0.6324183940887451 418
0.638629674911499 424
0.6455082893371582 431
0.6530106067657471 436
0.6590209007263184 442
0.665724515914917 447
0.6715528964996338 453
0.6779401302337646 460
0.6845417022705078 466
0.6904799938201904 471
0.6978847980499268 478
0.704533576965332 484
0.7106039524078369 493
0.7208762168884277 498
0.7276167869567871 505
0.7342488765716553 511
0.7403230667114258 516
0.7467772960662842 524
0.7544558048248291 529
0.760390043258667 534
0.7668559551239014 540
0.7737677097320557 545
0.7797346115112305 551
0.7862203121185303 556
0.7924609184265137 564
0.7999017238616943 571
0.806370735168457 576
0.8129701614379883 582
0.8187503814697266 587
0.825594425201416 592
0.8314566612243652 598
0.837813138961792 605
0.8444600105285645 611
0.8514542579650879 616
0.8578150272369385 623
0.8644399642944336 629
0.8713722229003906 634
0.8777761459350586 642
0.8843891620635986 647
0.8904073238372803 652
0.8967840671539307 660
0.9044411182403564 665
0.910393476486206 671
0.916853666305542 676
0.9237444400787354 682
0.9297125339508057 687
0.9360592365264893 692
0.941967248916626 700
0.9486749172210693 707
0.9562361240386963 710
0.9624512195587158 718
0.9686520099639893 723
0.975461483001709 728
0.9810323715209961 734
0.9876961708068848 742
0.9943299293518066 747
1.0002620220184326 752
1.0077195167541504 760
1.0143043994903564 765
1.0202548503875732 770
1.026630163192749 776
1.0334937572479248 781
1.0393712520599365 787
1.0459790229797363 792
1.053595781326294 800
1.0596213340759277 805
1.0661063194274902 810
1.0719666481018066 818
1.078535795211792 823
1.0848793983459473 828
1.0908081531524658 834
1.0976295471191406 841
1.1055376529693604 847
1.1113438606262207 856
1.121530294418335 862
1.1282470226287842 868
1.1346924304962158 874
1.1407570838928223 880
1.1474852561950684 887
1.1548802852630615 892
1.1608529090881348 898
1.1675033569335938 905
1.1741375923156738 910
1.180201768875122 916
1.186722755432129 921
1.1936113834381104 927
1.1994388103485107 934
1.2067480087280273 940
1.2136313915252686 945
1.219574213027954 950
1.2259738445281982 956
1.2318615913391113 963
1.2388410568237305 968
1.2465672492980957 976
1.2534675598144531 983
1.2602713108062744 988
1.2666263580322266 994
1.2735092639923096 1000
1.2793588638305664 1005
1.2858924865722656 1010
1.2917962074279785 1018
1.2983074188232422 1023
1.3047869205474854 1028
1.3119316101074219 1036
1.3185465335845947 1041
1.324906349182129 1046
1.3308804035186768 1052
1.3375587463378906 1059
1.3442766666412354 1065
1.350243330001831 1070
1.356595516204834 1078
1.3643171787261963 1083
1.3703696727752686 1088
1.376758337020874 1094
1.3836431503295898 1099
1.3895823955535889 1105
1.3960130214691162 1110
1.4018819332122803 1118
1.4096324443817139 1123
1.4160263538360596 1128
1.4218945503234863 1136
1.428626298904419 1141
1.4349713325500488 1146
1.4413671493530273 1152
1.4478094577789307 1159
1.4544942378997803 1164
1.4616618156433105 1170
1.4682364463806152 1177
1.4747400283813477 1182
1.4807469844818115 1187
1.4875540733337402 1194
1.4942946434020996 1198
1.5003387928009033 1203
1.506730318069458 1210
1.514460563659668 1217
1.5246498584747314 1221
1.530761957168579 1225
1.5375783443450928 1230
1.544290542602539 1234
1.5506155490875244 1238
1.557440996170044 1242
1.564913034439087 1246
1.571054458618164 1249
1.5777499675750732 1252
1.5844435691833496 1255
1.5905163288116455 1258
1.5969629287719727 1260
1.6038968563079834 1262
1.610060453414917 1264
1.617499828338623 1266
1.6242127418518066 1267
1.6302165985107422 1268
1.6366729736328125 1269
1.64361572265625 1270
1.6495883464813232 1270
1.6560523509979248 1270
1.6636638641357422 1270
1.6698529720306396 1270
1.6763155460357666 1269
1.682936429977417 1268
1.688817024230957 1267
1.6958279609680176 1266
1.7017807960510254 1264
1.7083301544189453 1262
1.7159898281097412 1259
1.723766803741455 1257
1.729921579360962 1253
1.736393690109253 1250
1.743285894393921 1248
1.7490112781524658 1244
1.755753755569458 1241
1.7616267204284668 1236
1.7693674564361572 1232
1.7759242057800293 1228
1.7818665504455566 1223
1.7885768413543701 1219
1.794952392578125 1215
1.800992488861084 1210
1.8076567649841309 1204
1.8143479824066162 1200
1.8214945793151855 1195
1.828061819076538 1189
1.834575891494751 1184
1.840531349182129 1179
1.8470618724822998 1174
1.8539719581604004 1170
1.8599953651428223 1163
1.8682034015655518 1156
1.8747165203094482 1152
1.8806848526000977 1146
1.8873865604400635 1141
1.8940839767456055 1136
1.9000482559204102 1129
1.9065451622009277 1124
1.9134750366210938 1114
1.9243428707122803 1109
1.9303920269012451 1104
1.9368987083435059 1098
1.9437901973724365 1093
1.9499096870422363 1086
1.9564988613128662 1081
1.9633893966674805 1074
1.970290184020996 1069
1.9766690731048584 1064
1.9837675094604492 1058
1.989793062210083 1052
1.996227502822876 1048
2.002467632293701 1039
2.0102527141571045 1034
2.0166573524475098 1027
2.0243775844573975 1022
2.0304453372955322 1016
2.0368409156799316 1011
2.043766498565674 1006
2.049839496612549 999
2.0562422275543213 995
2.062870502471924 988
2.0686967372894287 981
2.076261520385742 976
2.082932949066162 970
2.0890564918518066 965
2.09966778755188 954
2.1062850952148438 949
2.112908363342285 944
2.1187140941619873 937
2.1262526512145996 934
2.1324756145477295 926
2.13883113861084 921
2.145737648010254 916
2.151634693145752 910
2.15806245803833 903
2.1645758152008057 898
2.1705260276794434 892
2.1778171062469482 886
2.1844663619995117 880
2.190406322479248 875
2.196776866912842 870
2.203639030456543 864
2.209690570831299 859
2.216269016265869 854
2.22387433052063 847
2.2298924922943115 840
2.2363474369049072 834
2.2435832023620605 827
2.2505857944488525 822
2.256988048553467 816
2.2638471126556396 811
2.2699310779571533 804
2.2773828506469727 799
2.2840285301208496 794
2.2899789810180664 786
2.2963943481445312 781
2.3030011653900146 776
2.308842658996582 770
2.3156349658966064 760
2.3268227577209473 754
2.3337414264678955 749
2.339874029159546 742
2.3464739322662354 737
2.353334903717041 732
2.3589909076690674 726
2.365722894668579 721
2.3716211318969727 714
2.379319667816162 708
2.3859355449676514 703
2.3919055461883545 696
2.404757499694824 685
2.410743474960327 680
2.4173994064331055 675
2.4240620136260986 668
2.430727005004883 662
2.4374537467956543 655
2.4441263675689697 650
2.4502222537994385 644
2.4565846920013428 639
2.463526487350464 634
2.469407081604004 628
2.4767746925354004 622
2.4837465286254883 616
2.489715576171875 611
2.4961469173431396 606
2.502397298812866 598
2.5087404251098633 593
2.5155391693115234 588
2.521376848220825 581
2.528820753097534 576
2.5356273651123047 570
2.5414769649505615 564
2.547844886779785 558
2.5544700622558594 552
2.5604114532470703 547
2.5668997764587402 542
2.573822498321533 534
2.5805747509002686 529
2.5870118141174316 524
2.5938873291015625 518
2.599865674972534 512
2.6064047813415527 506
2.6133041381835938 501
2.619016647338867 496
2.625859498977661 488
2.633544921875 483
2.6394219398498535 478
2.6459248065948486 472
2.6518402099609375 466
2.6583359241485596 460
2.6648285388946533 455
2.670806407928467 450
2.6774258613586426 442
2.6848573684692383 437
2.6909382343292236 432
2.6976242065429688 425
2.7043027877807617 420
2.710273027420044 414
2.7166125774383545 405
2.7268881797790527 398
2.7346231937408447 393
2.7408010959625244 387
2.7476303577423096 380
2.754290819168091 375
2.760223388671875 370
2.7665655612945557 364
2.7735273838043213 359
2.7794077396392822 352
2.7866523265838623 346
2.793586254119873 341
2.799462080001831 336
2.80603289604187 331
2.811894416809082 324
2.8184633255004883 318
2.8248605728149414 313
2.830829381942749 306
2.8384788036346436 300
2.844874143600464 295
2.8508403301239014 290
2.857470989227295 283
2.8641340732574463 278
2.870955228805542 272
2.877591848373413 265
2.884979486465454 260
2.890979528427124 254
2.897623300552368 247
2.904334783554077 242
2.91031551361084 237
2.9166643619537354 231
2.923560380935669 226
2.9296252727508545 219
2.936821699142456 214
2.943715810775757 208
2.9496700763702393 203
2.9560437202453613 198
2.9619131088256836 190
2.9685847759246826 185
2.974949359893799 180
2.9809341430664062 173
2.9888203144073486 168
2.9957315921783447 162
3.001633405685425 157
3.0080435276031494 150
3.0145673751831055 144
3.020548105239868 139
3.026975393295288 134
3.033869504928589 127
3.0406200885772705 121
3.0474050045013428 114
3.054100275039673 111
3.0600457191467285 104
3.0664408206939697 98
3.0733444690704346 93
3.0790491104125977 88
3.086515188217163 81
3.0935287475585938 76
3.0994150638580322 70
3.1061527729034424 65
3.1123855113983154 58
3.1186180114746094 49
3.1290457248687744 44
3.1359012126922607 36
3.14359974861145 31
3.149655818939209 26
3.156141996383667 20
3.162379741668701 13
3.168699264526367 8
3.175431966781616 3
3.1809873580932617 -3
3.188632011413574 -10
3.1954102516174316 -15
3.201023578643799 -20
3.207690477371216 -28
3.214329242706299 -33
3.2203071117401123 -38
3.226783514022827 -44
3.233689308166504 -50
3.240504026412964 -56
3.2469301223754883 -63
3.254920244216919 -68
3.26168155670166 -74
3.268083333969116 -80
3.2746126651763916 -86
3.2805731296539307 -92
3.2873520851135254 -98
3.2948436737060547 -104
3.30082631111145 -109
3.307443618774414 -116
3.3141071796417236 -121
3.3201637268066406 -127
3.326632499694824 -132
3.3335628509521484 -137
3.339597225189209 -144
3.34696102142334 -149
3.3538975715637207 -154
3.3599796295166016 -160
3.366455316543579 -165
3.3733434677124023 -170
3.379279136657715 -174
3.386000871658325 -180
3.3937997817993164 -184
3.3998451232910156 -189
3.4064459800720215 -192
3.41339373588562 -196
3.4193191528320312 -200
3.425920009613037 -202
3.4318816661834717 -206
3.438511610031128 -209
3.4461188316345215 -212
3.4524002075195312 -215
3.4587016105651855 -216
3.465644598007202 -218
3.4715588092803955 -220
3.478055715560913 -222
3.4846010208129883 -222
3.490626096725464 -223
3.49818754196167 -224
3.5046937465667725 -224
3.5106964111328125 -224
3.5174996852874756 -223
3.526876449584961 -222
3.5355496406555176 -220
3.541494131088257 -218
3.549055814743042 -216
3.5559964179992676 -214
3.561922311782837 -212
3.5685694217681885 -209
3.575437068939209 -206
3.5810186862945557 -203
3.587827205657959 -199
3.5956130027770996 -195
3.60148024559021 -191
3.607790470123291 -186
3.614412784576416 -182
3.620375394821167 -178
3.626715898513794 -174
3.6336147785186768 -170
3.639580249786377 -163
3.646928071975708 -159
3.653825044631958 -154
3.6598212718963623 -148
3.666227102279663 -144
3.6728575229644775 -138
3.678725481033325 -133
3.6855239868164062 -128
3.6913843154907227 -122
3.698850393295288 -116
3.7057554721832275 -112
3.7116312980651855 -106
3.718118190765381 -100
3.7246830463409424 -94
3.7306313514709473 -89
3.737058639526367 -84
3.7439165115356445 -77
3.7507355213165283 -72
3.757412910461426 -66
3.7640609741210938 -61
3.7701282501220703 -54
3.776609182357788 -49
3.7834975719451904 -44
3.7893645763397217 -38
3.7959086894989014 -31
3.8035647869110107 -26
3.8094282150268555 -20
3.8159050941467285 -15
3.821854591369629 -8
3.828505516052246 -2
3.8348419666290283 3
3.8407554626464844 8
3.8473520278930664 16
3.8548166751861572 21
3.860779285430908 26
3.872903823852539 37
3.8788247108459473 46
3.88858962059021 54
3.9024574756622314 64
3.908841133117676 70
3.9164912700653076 82
3.9294674396514893 88
3.9360735416412354 93
3.9419198036193848 102
3.9528634548187256 110
3.958845853805542 115
3.965754508972168 124
3.9744622707366943 130
3.9805843830108643 135
3.987048387527466 142
3.9946558475494385 148
4.001837491989136 157
4.010575294494629 162
4.017025709152222 168
4.023923397064209 175
4.031964063644409 182
4.038694143295288 188
4.047797441482544 197
4.057556867599487 206
4.065853595733643 215
4.074315547943115 220
4.080276250839233 226
4.08666467666626 235
4.0978662967681885 242
4.1057939529418945 248
4.113427639007568 255
4.119307279586792 262
4.126655578613281 269
4.13576865196228 275
4.141620874404907 280
4.148089408874512 290
4.1565210819244385 296
4.165918588638306 302
4.173598289489746 309
4.18163537979126 318
4.1883111000061035 324
4.194791555404663 329
4.20079231262207 337
4.20963191986084 344
4.216763973236084 355
4.22943639755249 362
4.236774206161499 369
4.246121883392334 375
4.252360582351685 384
4.260867357254028 396
4.277592897415161 408
4.286643743515015 413
4.293529033660889 420
4.301545858383179 429
4.310343503952026 436
4.3193747997283936 442
4.329962730407715 455
4.340051174163818 462
4.347604274749756 469
4.354978561401367 478
4.364670753479004 487
4.374385356903076 493
4.380330324172974 498
4.387709379196167 508
4.396720886230469 518
4.409825086593628 526
4.416363477706909 533
4.42607045173645 542
4.4340925216674805 546
4.440019607543945 553
4.44639778137207 558
4.452977180480957 564
4.459972143173218 571
4.466404676437378 576
4.473044395446777 582
4.478855848312378 587
4.4857378005981445 593
4.491591453552246 598
4.497939586639404 606
4.504608631134033 611
4.511648893356323 616
4.518066167831421 624
4.524578332901001 629
4.5305163860321045 635
4.537010908126831 640
4.543890476226807 646
4.549973964691162 653
4.556504249572754 660
4.564263820648193 666
4.570244073867798 671
4.576600790023804 676
4.58350133895874 682
4.5893261432647705 687
4.595827579498291 693
4.601741552352905 700
4.608474254608154 706
4.616059303283691 711
4.621906280517578 718
4.628496885299683 724
4.634896755218506 729
4.640897512435913 735
4.64755392074585 742
4.6541783809661865 747
4.660159349441528 753
4.667738199234009 760
4.674360036849976 766
4.681987285614014 773
4.6887054443359375 778
4.695551156997681 784
4.7014172077178955 789
4.707812070846558 796
4.7155797481536865 802
4.721437931060791 811
4.7318596839904785 818
4.738543510437012 824
4.744899272918701 829
4.750953674316406 835
4.757715225219727 842
4.76549768447876 847
4.771055221557617 853
4.777703762054443 860
4.784301519393921 866
4.790349960327148 871
4.796745300292969 876
4.803654670715332 882
4.809591293334961 889
4.816918134689331 895
4.82377290725708 900
4.82976222038269 906
4.836259841918945 911
4.842468500137329 918
4.8488123416900635 924
4.8556227684021 929
4.861533164978027 936
4.870045185089111 944
4.8764283657073975 949
4.883280992507935 954
4.888864994049072 960
4.895663261413574 966
4.901531934738159 971
4.908059597015381 978
4.914597511291504 984
4.92158842086792 989
4.928051471710205 996
4.940276145935059 1008
4.946794271469116 1013
4.953655958175659 1018
4.959582805633545 1024
4.9660985469818115 1031
4.9738240242004395 1036
4.979811191558838 1044
4.986217021942139 1047
4.992403268814087 1054
4.998659610748291 1060
5.005404710769653 1066
5.011011838912964 1071
5.018624305725098 1078
5.025615215301514 1084
5.0315022468566895 1089
5.037875175476074 1096
5.04448938369751 1102
5.050451993942261 1108
5.056821346282959 1113
5.063690900802612 1118
5.0704345703125 1126
5.076982498168945 1131
5.083841323852539 1136
5.089975118637085 1144
5.0970025062561035 1149
5.103928804397583 1154
5.110013484954834 1162
5.116419315338135 1168
5.124064683914185 1178
5.134197950363159 1184
5.1402459144592285 1189
5.146831035614014 1195
5.1537511348724365 1200
5.159882068634033 1208
5.166314125061035 1213
5.173985719680786 1224
5.189026832580566 1233
5.195929765701294 1238
5.201865911483765 1246
5.2085583209991455 1251
5.215390205383301 1256
5.2228851318359375 1264
5.228756427764893 1269
5.2355287075042725 1274
5.241378307342529 1280
5.248323678970337 1289
5.256250381469727 1293
5.262911796569824 1300
5.268862009048462 1308
5.276413440704346 1313
5.283284425735474 1318
5.288949966430664 1324
5.295664072036743 1329
5.301525831222534 1335
5.307875871658325 1342
5.314554452896118 1347
5.320508241653442 1353
5.328083753585815 1360
5.334587574005127 1366
5.340688467025757 1371
5.347336530685425 1376
5.354007244110107 1382
5.359952688217163 1389
5.366389036178589 1394
5.373020172119141 1400
5.380073308944702 1408
5.38663125038147 1413
5.393535852432251 1418
5.399558782577515 1424
5.406002759933472 1429
5.411926746368408 1436
5.41861891746521 1440
5.426167249679565 1445
5.432874917984009 1452
5.4387640953063965 1456
5.445691108703613 1460
5.451648712158203 1465
5.4582014083862305 1470
5.464702844619751 1474
5.470820426940918 1479
5.478474378585815 1482
5.484904050827026 1485
5.4908974170684814 1488
5.497635126113892 1492
5.50434947013855 1494
5.510406255722046 1496
5.516859769821167 1498
5.52379584312439 1500
5.535573720932007 1502
5.541515350341797 1502
5.548236608505249 1503
5.5547449588775635 1502
5.560849666595459 1502
5.567668676376343 1501
5.574357509613037 1500
5.581469535827637 1499
5.587862730026245 1497
5.594555854797363 1495
5.600661277770996 1492
5.607347726821899 1490
5.614026784896851 1487
5.619990825653076 1483
5.6265130043029785 1479
5.634250164031982 1475
5.64020562171936 1472
5.64659571647644 1468
5.653520107269287 1464
5.659403562545776 1460
5.665902614593506 1456
5.671808481216431 1450
5.6794517040252686 1445
5.686101198196411 1441
5.691958904266357 1434
5.698542833328247 1430
5.704910039901733 1425
5.710871458053589 1420
5.717584133148193 1414
5.724264621734619 1409
5.731380462646484 1404
5.737818956375122 1398
5.744467496871948 1392
5.7505669593811035 1388
5.757012128829956 1382
5.763924837112427 1378
5.769919157028198 1371
5.776384115219116 1364
5.78411078453064 1360
5.790127277374268 1354
5.796501159667969 1348
5.803422451019287 1343
5.809417486190796 1338
5.815950393676758 1333
5.821870565414429 1326
5.828529357910156 1321
5.836086750030518 1316
5.841944456100464 1308
5.848537445068359 1303
5.854900360107422 1298
5.860987186431885 1291
5.868709087371826 1286
5.875520467758179 1280
5.882859230041504 1273
5.888718128204346 1268
5.895546197891235 1263
5.901368856430054 1258
5.90777063369751 1250
5.91445517539978 1245
5.920409440994263 1240
5.926905393600464 1231
5.93819785118103 1224
5.944713354110718 1219
5.950771331787109 1213
5.9575419425964355 1206
5.964226007461548 1201
5.970291614532471 1196
5.976675510406494 1190
5.984278202056885 1183
5.990410566329956 1178
5.996796607971191 1172
6.0036797523498535 1167
6.00969386100769 1162
6.016079902648926 1157
6.021951675415039 1150
6.028544902801514 1144
6.0361645221710205 1139
6.042434215545654 1132
6.048770427703857 1126
6.055548906326294 1121
6.061425685882568 1116
6.067807912826538 1109
6.074457883834839 1104
6.080416202545166 1098
6.0879058837890625 1091
6.094583511352539 1086
6.100580215454102 1080
6.107452392578125 1073
6.114127159118652 1068
6.120218515396118 1062
6.1265869140625 1057
6.133520841598511 1050
6.140408039093018 1045
6.1467790603637695 1040
6.153660535812378 1034
6.1596360206604 1029
6.166130065917969 1024
6.17236065864563 1016
6.178638219833374 1011
6.185427665710449 1004
6.192936182022095 999
6.198732614517212 994
6.205487012863159 988
6.211376428604126 983
6.217769622802734 976
6.2244181632995605 970
6.230496883392334 965
6.237953186035156 958
6.244960069656372 951
6.253463268280029 946
6.259299278259277 940
6.265849828720093 935
6.271764278411865 928
6.2782957553863525 922
6.28474760055542 917
6.291774749755859 910
6.298327207565308 905
6.304820775985718 900
6.3107826709747314 894
6.31740927696228 887
6.3240885734558105 883
6.330025672912598 873
6.341726779937744 866
6.348560571670532 860
6.354947566986084 855
6.361047267913818 850
6.367825984954834 842
6.374462127685547 837
6.380565404891968 832
6.386966228485107 825
6.394707441329956 820
6.400739431381226 814
6.407526016235352 807
6.414199590682983 802
6.4201765060424805 796
6.426565647125244 791
6.433495044708252 786
6.439326047897339 779
6.446572780609131 773
6.453498125076294 768
6.459336996078491 763
6.46602725982666 758
6.471897125244141 750
6.478491544723511 745
6.484844207763672 740
6.49190878868103 732
6.498583078384399 727
6.5049519538879395 722
6.5110509395599365 716
6.5177271366119385 710
6.524367094039917 704
6.530426502227783 699
6.536801815032959 692
6.544442415237427 686
6.5503926277160645 681
6.556791067123413 676
6.563689947128296 670
6.569648504257202 665
6.576026916503906 660
6.581886053085327 653
6.58870530128479 646
6.5962975025177 640
6.6029486656188965 635
6.608768701553345 630
6.615554094314575 624
6.621418714523315 619
6.627817869186401 612
6.6345038414001465 606
6.6405980587005615 600
6.648358583450317 594
6.654815196990967 589
6.660749197006226 584
6.6674182415008545 576
6.674116134643555 573
6.680147409439087 566
6.686519384384155 560
6.69341254234314 554
6.7002058029174805 548
6.706682205200195 543
6.7135279178619385 537
6.719370603561401 532
6.725894927978516 527
6.731849670410156 516
6.743521213531494 509
6.750406980514526 504
6.756885051727295 498
6.763793468475342 493
6.7699995040893555 486
6.776398420333862 480
6.783035755157471 475
6.788834571838379 470
6.795680046081543 463
6.803374528884888 458
6.809053897857666 452
6.815753221511841 447
6.821643590927124 440
6.828262567520142 434
6.83472466468811 429
6.840692043304443 422
6.848316192626953 417
6.854823589324951 412
6.860811948776245 406
6.868324041366577 399
6.874796152114868 394
6.8807456493377686 388
6.8875038623809814 381
6.894189834594727 376
6.901049375534058 370
6.9076972007751465 364
6.914327383041382 358
6.92025899887085 353
6.92664909362793 348
6.933552265167236 342
6.940710544586182 335
6.947479963302612 328
6.954893589019775 323
6.9608776569366455 317
6.967569351196289 310
6.97424840927124 305
6.980196475982666 300
6.986571788787842 294
6.993528842926025 289
7.0002617835998535 282
7.006800413131714 276
7.013664722442627 271
7.019641160964966 266
7.026160955429077 261
7.032394647598267 254
7.038611173629761 248
7.044984579086304 243
7.052446126937866 236
7.058743953704834 230
7.065637588500977 225
7.071531057357788 220
7.0778796672821045 213
7.084503889083862 208
7.090540170669556 198
7.1008429527282715 192
7.10848593711853 186
7.1148645877838135 181
7.12087607383728 175
7.127683639526367 168
7.137052536010742 160
7.144685506820679 154
7.150800704956055 147
7.158673524856567 142
7.165534019470215 136
7.171442270278931 131
7.177854299545288 124
7.184506416320801 119
7.190581798553467 113
7.197004556655884 108
7.204662084579468 101
7.210673809051514 96
7.217050790786743 90
7.223940849304199 85
7.229914426803589 78
7.236342906951904 72
7.242934465408325 66
7.250653028488159 58
7.258296489715576 53
7.264732837677002 48
7.270670413970947 42
7.277339696884155 37
7.2840187549591064 32
7.290079593658447 24
7.296455144882202 19
7.303387403488159 12
7.310373783111572 7
7.31674337387085 2
7.323583364486694 -4
7.329376697540283 -9
7.335883140563965 -14
7.3417932987213135 -22
7.348322629928589 -27
7.354819297790527 -32
7.361913442611694 -39
7.374807357788086 -50
7.380848407745361 -55
7.387474536895752 -62
7.394122362136841 -66
7.400102138519287 -73
7.407500982284546 -80
7.41424822807312 -85
7.420304298400879 -91
7.426793336868286 -96
7.433686971664429 -101
7.439674377441406 -107
7.446118354797363 -112
7.45235013961792 -119
7.459668397903442 -124
7.4660584926605225 -130
7.471919536590576 -137
7.478593349456787 -142
7.484992504119873 -148
7.491370677947998 -153
7.497822999954224 -160
7.5044615268707275 -165
7.511565208435059 -170
7.517913103103638 -178
7.524555444717407 -183
7.5305681228637695 -192
7.540843963623047 -197
7.547772645950317 -204
7.554381370544434 -210
7.561509847640991 -215
7.568056583404541 -222
7.57463002204895 -227
7.580605745315552 -233
7.5870068073272705 -238
7.593922138214111 -243
7.59991979598999 -250
7.606479644775391 -258
7.614175081253052 -261
7.620146989822388 -268
7.626553773880005 -273
7.633417367935181 -279
7.639269113540649 -284
7.645821809768677 -289
7.651713609695435 -295
7.65825343132019 -302
7.666050434112549 -307
7.67191481590271 -314
7.678677082061768 -320
7.6854894161224365 -325
7.691348552703857 -330
7.6977081298828125 -337
7.704364776611328 -342
7.710357427597046 -348
7.717868089675903 -355
7.724485397338867 -360
7.730565309524536 -366
7.7369890213012695 -371
7.743955373764038 -376
7.749995231628418 -383
7.756433725357056 -388
7.764140844345093 -395
7.770182371139526 -400
7.7766289710998535 -405
7.78357458114624 -410
7.789663553237915 -414
7.796156883239746 -419
7.802445411682129 -424
7.808859348297119 -430
7.816386461257935 -433
7.823277711868286 -437
7.829026460647583 -440
7.835763931274414 -443
7.841735363006592 -447
7.848471403121948 -449
7.854902744293213 -451
7.860875129699707 -456
7.876197099685669 -458
7.885519981384277 -458
7.894663572311401 -459
7.900774955749512 -458
7.909281253814697 -458
7.917555332183838 -456
7.926548480987549 -454
7.933507680892944 -450
7.944591999053955 -447
7.953556776046753 -444
7.959628343582153 -441
7.966886043548584 -436
7.976085424423218 -432
7.981901168823242 -427
7.988546848297119 -423
7.996076822280884 -416
8.004741668701172 -412
8.010685205459595 -406
8.018341541290283 -402
8.025509595870972 -394
8.035894632339478 -389
8.04181957244873 -383
8.048318147659302 -376
8.056751489639282 -370
8.06557011604309 -362
8.074562549591064 -356
8.080530405044556 -352
8.089294672012329 -345
8.09590744972229 -340
8.101868629455566 -333
8.108580350875854 -322
8.12136173248291 -317
8.127808570861816 -310
8.13444209098816 -301
8.14619779586792 -296
8.152436971664429 -289
8.158813714981079 -280
8.169452905654907 -273
8.176422595977783 -266
8.184821844100952 -260
8.190813779830933 -255
8.199713230133057 -248
8.206539630889893 -241
8.213469982147217 -235
8.220182418823242 -228
8.227622747421265 -217
8.241374969482422 -210
8.248077869415283 -203
8.255558013916016 -198
8.263651609420776 -181
8.279875040054321 -174
8.286315441131592 -167
8.294339179992676 -158
8.304171323776245 -152
8.310293436050415 -147
8.317798852920532 -138
8.32780647277832 -130
8.335690259933472 -118
8.352946043014526 -109
8.35898756980896 -103
8.365878820419312 -98
8.373831272125244 -85
8.38435435295105 -80
8.390401124954224 -74
8.396806240081787 -67
8.406135082244873 -62
8.411978244781494 -54
8.418572902679443 -43
8.43037486076355 -38
8.43675947189331 -32
8.44363260269165 -27
8.449701309204102 -22
8.45622706413269 -16
8.462873935699463 -9
8.468730688095093 -2
8.47630763053894 4
8.482870817184448 9
8.488655805587769 15
8.495452642440796 20
8.501025676727295 26
8.507775783538818 33
8.514417171478271 38
8.520335912704468 44
8.527784824371338 51
8.534372329711914 56
8.540313482284546 62
8.546666383743286 68
8.55354356765747 73
8.559374332427979 78
8.566004991531372 84
8.571855783462524 91
8.57960319519043 96
8.586100816726685 102
8.591941833496094 109
8.598583221435547 115
8.604949235916138 120
8.610950708389282 126
8.617602825164795 133
8.624281167984009 138
8.631471157073975 144
8.637859582901001 151
8.644485235214233 156
8.650435209274292 162
8.65680742263794 168
8.663707494735718 173
8.669672966003418 178
8.676059007644653 188
8.685610055923462 193
8.691500663757324 198
8.697916269302368 206
8.704545021057129 211
8.710505485534668 216
8.717045545578003 222
8.723935604095459 229
8.730760335922241 235
8.737389326095581 244
8.747876167297363 251
8.754504919052124 256
8.760613203048706 262
8.767351388931274 268
8.773983001708984 274
8.780781269073486 280
8.78741979598999 287
8.794096231460571 291
8.800044775009155 298
8.806539535522461 304
8.813430786132812 309
8.819359064102173 314
8.825886726379395 322
8.833558559417725 327
8.83940315246582 333
8.84601616859436 338
8.851916551589966 346
8.858563423156738 351
8.864903211593628 356
8.871961116790771 364
8.878547191619873 369
8.886059761047363 374
8.891967296600342 382
8.898573637008667 387
8.904914617538452 393
8.91085433959961 398
8.917508125305176 405
8.924158573150635 411
8.930962324142456 416
8.937713623046875 424
8.944315671920776 429
8.950263261795044 434
8.956603527069092 440
8.963510990142822 446
8.969337224960327 451
8.975960493087769 458
8.983699083328247 464
8.989838123321533 471
8.996339797973633 476
9.002946615219116 482
9.008756160736084 487
9.01552700996399 493
9.021360874176025 498
9.027798175811768 506
9.03556752204895 511
9.041401624679565 516
9.047884702682495 524
9.054506301879883 529
9.06050968170166 534
9.06688642501831 540
9.073776006698608 546
9.079793214797974 553
9.086836338043213 558
9.093749523162842 564
9.099741220474243 571
9.10637640953064 576
9.113000392913818 582
9.11881971359253 587
9.125638484954834 592
9.131469964981079 600
9.1418137550354 609
9.149640560150146 614
9.15615439414978 620
9.162360191345215 627
9.168809175491333 632
9.175577402114868 638
9.18141222000122 646
9.188828229904175 651
9.195618391036987 656
9.20148515701294 662
9.207832098007202 669
9.214473247528076 674
9.220441579818726 680
9.226916790008545 686
9.234136581420898 692
9.241508722305298 698
9.24784803390503 705
9.254496812820435 711
9.260519742965698 716
9.267621755599976 724
9.275764226913452 729
9.281677722930908 736
9.289609670639038 742
9.295979738235474 747
9.301856994628906 754
9.30831527709961 760
9.314807653427124 765
9.320757389068604 771
9.32736873626709 776
9.333986043930054 784
9.340734481811523 789
9.347508668899536 796
9.354161024093628 800
9.360146045684814 807
9.366628408432007 812
9.37461256980896 820
9.380610227584839 825
9.387022495269775 832
9.394685745239258 838
9.40065336227417 844
9.407425165176392 851
9.414115190505981 854
9.42004680633545 862
9.426412343978882 867
9.433048486709595 872
9.440005779266357 880
9.446471929550171 885
9.453332901000977 891
9.459003448486328 896
9.465847253799438 902
9.47175908088684 909
9.478340864181519 914
9.484788417816162 920
9.491843700408936 927
9.49853515625 932
9.504876136779785 938
9.51084280014038 944
9.517492055892944 951
9.524139642715454 956
9.530254125595093 962
9.53661298751831 971
9.548213720321655 978
9.554692029953003 983
9.56075119972229 989
9.567512273788452 996
9.574280023574829 1002
9.580225944519043 1007
9.586715698242188 1014
9.59434986114502 1020
9.600327253341675 1025
9.606689214706421 1031
9.6135835647583 1036
9.619431734085083 1042
9.626031160354614 1047
9.631907224655151 1054
9.638517618179321 1060
9.646096229553223 1065
9.651942014694214 1072
9.65855360031128 1078
9.66491436958313 1084
9.670873641967773 1089
9.677549600601196 1096
9.684234857559204 1102
9.690171241760254 1107
9.697702646255493 1114
9.704348087310791 1120
9.710421323776245 1125
9.71679162979126 1131
9.723655700683594 1136
9.729601383209229 1142
9.736001014709473 1147
9.741922855377197 1154
9.749693870544434 1160
9.756189823150635 1165
9.762450218200684 1172
9.768768787384033 1178
9.775570631027222 1183
9.781388759613037 1189
9.787795543670654 1196
9.794430494308472 1202
9.801047086715698 1207
9.807715892791748 1214
9.814387321472168 1220
9.820334434509277 1225
9.826881170272827 1230
9.833781719207764 1236
9.839828968048096 1244
9.84705662727356 1249
9.853973150253296 1254
9.859944581985474 1262
9.866413593292236 1267
9.874036312103271 1272
9.879994630813599 1280
9.886534214019775 1285
9.893427610397339 1292
9.900221586227417 1298
9.906568765640259 1304
