0 0 0
8.463859558105469e-05 0 0
0.009594440460205078 0 2
0.01592874526977539 0 6
0.02716207504272461 2 11
0.03502345085144043 4 57
0.04234004020690918 5 179
0.049108028411865234 6 184
0.054921865463256836 7 176
0.06176424026489258 7 156
0.06833100318908691 8 129
0.07385134696960449 8 129
0.08148050308227539 8 129
0.08780908584594727 8 129
0.09349417686462402 8 129
0.09997987747192383 8 129
0.10555076599121094 8 129
0.1118628978729248 8 129
0.11856579780578613 8 23
0.12419438362121582 8 23
0.13156795501708984 8 23
0.138106107711792 8 23
0.14353632926940918 8 23
0.15001726150512695 8 23
0.1555652618408203 8 23
0.16181421279907227 8 23
0.16842079162597656 8 9
0.17402148246765137 8 9
0.18152260780334473 8 9
0.18805742263793945 8 9
0.19351696968078613 8 9
0.1999833583831787 8 9
0.20547056198120117 8 9
0.2118668556213379 8 9
0.2184159755706787 8 3
0.2240312099456787 8 3
0.23033761978149414 8 3
0.23769712448120117 8 3
0.24347305297851562 8 3
0.24994611740112305 8 3
0.2555084228515625 8 3
0.2617619037628174 8 3
0.2683079242706299 8 0
0.2738008499145508 8 0
0.28012561798095703 8 0
0.2875211238861084 8 0
0.29291820526123047 8 0
0.29982829093933105 8 0
0.3051159381866455 8 0
0.31162238121032715 8 0
0.31810760498046875 8 0
0.32352662086486816 8 0
0.3299703598022461 8 0
0.33658909797668457 8 0
0.3427917957305908 8 0
0.349090576171875 8 0
0.35471558570861816 8 0
0.36107540130615234 8 0
0.36761951446533203 8 0
0.3730623722076416 8 0
0.3797481060028076 8 0
0.3859732151031494 8 0
0.39214420318603516 8 0
0.39870738983154297 8 0
0.4043722152709961 8 0
0.41057872772216797 8 0
0.41782188415527344 8 0
0.42854928970336914 8 0
0.43501949310302734 8 0
0.44168806076049805 8 0
0.448378324508667 8 0
0.4539787769317627 8 0
0.4602363109588623 8 0
0.4657735824584961 8 0
0.4721369743347168 8 0
0.4788341522216797 8 0
0.48451852798461914 8 0
0.4918208122253418 8 0
0.49831390380859375 8 0
0.5038340091705322 8 0
0.5102174282073975 8 0
0.5157408714294434 8 0
0.5219161510467529 8 0
0.5284383296966553 8 0
0.5340185165405273 8 0
0.5415041446685791 8 0
0.5478088855743408 8 0
0.5534074306488037 8 0
0.5598742961883545 8 0
0.5653977394104004 8 0
0.571671724319458 8 0
0.5781476497650146 8 0
0.5835433006286621 8 0
0.5906898975372314 8 0
0.5965909957885742 8 0
0.6027586460113525 8 0
0.6090614795684814 8 0
0.6147091388702393 8 0
0.6209509372711182 8 0
0.6274874210357666 8 0
0.6328809261322021 8 0
0.6403417587280273 8 0
0.6458525657653809 8 0
0.6520771980285645 8 0
0.6588258743286133 8 0
0.6644747257232666 8 0
0.6706898212432861 8 0
0.676616907119751 8 0
0.6824162006378174 8 0
0.6900825500488281 8 0
0.695582389831543 8 0
0.7017972469329834 8 0
0.708350658416748 8 0
0.7138540744781494 8 0
0.7204024791717529 8 0
0.72593092918396 8 0
0.7323479652404785 8 0
0.7389059066772461 8 0
0.7455565929412842 8 0
0.7517642974853516 8 0
0.7582972049713135 8 0
0.7637920379638672 8 0
0.7701156139373779 8 0
0.7756168842315674 8 0
0.7819647789001465 8 0
0.7884743213653564 8 0
0.7949714660644531 8 0
0.801438570022583 8 0
0.8077588081359863 8 0
0.8131451606750488 8 0
0.8198366165161133 8 0
0.8300614356994629 8 0
0.8355772495269775 8 0
0.8430840969085693 8 0
0.8499419689178467 8 0
0.8554420471191406 8 0
0.8618202209472656 8 0
0.8683300018310547 8 0
0.8738267421722412 8 0
0.8801872730255127 8 0
0.8857543468475342 8 0
0.8929040431976318 8 0
0.8997814655303955 8 0
0.9050469398498535 8 0
0.9114956855773926 8 0
0.9178142547607422 8 0
0.9234204292297363 8 0
0.9298851490020752 8 0
0.9351520538330078 8 0
0.9416470527648926 8 0
0.9489438533782959 8 0
0.9545621871948242 8 0
0.9609718322753906 8 0
0.9674708843231201 8 0
0.9729092121124268 8 0
0.9799132347106934 8 0
0.9851696491241455 8 0
0.9918105602264404 8 0
0.9991505146026611 8 0
1.0048279762268066 8 0
1.0110399723052979 8 0
1.0175631046295166 8 0
1.0230965614318848 8 0
1.0298206806182861 8 0
1.0350697040557861 8 0
1.0415399074554443 8 0
1.048844814300537 8 0
1.0544800758361816 8 0
1.0607056617736816 8 0
1.066579818725586 8 0
1.0723555088043213 8 0
1.0790457725524902 8 0
1.0847158432006836 8 0
1.0909423828125 8 0
1.098515510559082 8 0
1.1040740013122559 8 0
1.1103465557098389 8 0
1.1158504486083984 8 0
1.1222362518310547 8 0
1.1287429332733154 8 0
1.1343677043914795 8 0
1.1407437324523926 8 0
1.1483118534088135 8 0
1.1537878513336182 8 0
1.1601266860961914 8 0
1.165602445602417 8 0
1.1718432903289795 8 0
1.1783454418182373 8 0
1.1838245391845703 8 0
1.1901674270629883 8 0
1.1956591606140137 8 0
1.2029340267181396 8 0
1.2095234394073486 8 0
1.2148587703704834 8 0
1.221055030822754 8 0
1.2310459613800049 8 0
1.2375550270080566 8 0
1.243107557296753 8 0
1.2507870197296143 8 0
1.2570366859436035 8 0
1.2628235816955566 8 0
1.2691280841827393 8 0
1.2747862339019775 8 0
1.2809925079345703 8 0
1.2875511646270752 8 0
1.2929260730743408 8 0
1.300415277481079 8 0
1.3059353828430176 8 0
1.3120970726013184 8 0
1.3188402652740479 8 0
1.324507713317871 8 0
1.3307254314422607 8 0
1.3366069793701172 8 0
1.3424184322357178 8 0
1.3489196300506592 8 0
1.3555452823638916 8 0
1.3617699146270752 8 0
1.368314266204834 8 0
1.3738327026367188 8 0
1.3803982734680176 8 0
1.3859117031097412 8 0
1.3920836448669434 8 0
1.3985798358917236 8 0
1.4050889015197754 8 0
1.411489486694336 8 0
1.418668270111084 8 0
1.4243357181549072 8 0
1.4305269718170166 8 0
1.4359989166259766 8 0
1.4423656463623047 8 0
1.4588267803192139 8 0
1.4660418033599854 8 0
1.4723846912384033 8 0
1.479069709777832 8 0
1.4847359657287598 8 0
1.4911491870880127 8 0
1.4976749420166016 8 0
1.5045382976531982 8 0
1.5109424591064453 8 0
1.5174789428710938 8 0
1.5229039192199707 8 0
1.5291545391082764 8 0
1.5347635746002197 8 0
1.5417401790618896 8 0
1.548431396484375 8 0
1.5549108982086182 8 0
1.5616240501403809 8 0
1.568230390548706 8 0
1.5737733840942383 8 0
1.5800940990447998 8 0
1.5855965614318848 8 0
1.5918221473693848 8 0
1.5983073711395264 8 0
1.6047563552856445 8 0
1.610966444015503 8 0
1.6174306869506836 8 0
1.6230158805847168 8 0
1.6329751014709473 8 0
1.6399545669555664 8 0
1.6454746723175049 8 0
1.6519300937652588 8 0
1.6598033905029297 8 0
1.6650409698486328 8 0
1.6714890003204346 8 0
1.6777827739715576 8 0
1.6835322380065918 8 0
1.6899755001068115 8 0
1.6954679489135742 8 0
1.7016756534576416 8 0
1.7089457511901855 8 0
1.7146172523498535 8 0
1.7208752632141113 8 0
1.7271647453308105 8 0
1.7327473163604736 8 0
1.7395102977752686 8 0
1.7448811531066895 8 0
1.7510697841644287 8 0
1.7584619522094727 8 0
1.7640106678009033 8 0
1.7704746723175049 8 0
1.7774968147277832 8 0
1.7829158306121826 8 0
1.7894060611724854 8 0
1.7948274612426758 8 0
1.8014369010925293 8 0
1.808772087097168 8 0
1.8144090175628662 8 0
1.8206086158752441 8 0
1.826092004776001 8 0
1.8322739601135254 8 0
1.838754653930664 8 0
1.8443889617919922 8 0
1.8505759239196777 8 0
1.8561136722564697 8 0
1.863769292831421 8 0
1.8700878620147705 8 0
1.8755645751953125 8 0
1.8817994594573975 8 0
1.8883213996887207 8 0
1.8938090801239014 8 0
1.9003067016601562 8 0
1.9058003425598145 8 0
1.9130234718322754 8 0
1.9199328422546387 8 0
1.925171136856079 8 0
1.9316105842590332 8 0
1.9380977153778076 8 0
1.9435346126556396 8 0
1.949986219406128 8 0
1.9554669857025146 8 0
1.9626336097717285 8 0
1.9690186977386475 8 0
1.9746744632720947 8 0
1.981055498123169 8 0
1.9875314235687256 8 0
1.9946367740631104 8 0
2.0008928775787354 8 0
2.007399082183838 8 0
2.0139951705932617 8 0
2.0202724933624268 8 0
2.0257620811462402 8 0
2.036081552505493 8 0
2.0426759719848633 8 0
2.0494019985198975 8 0
2.0548534393310547 8 0
2.062286138534546 8 0
2.06880784034729 8 0
2.0744128227233887 8 0
2.080620288848877 8 0
2.0861194133758545 8 0
2.092278242111206 8 0
2.098944902420044 8 0
2.104564905166626 8 0
2.1107633113861084 8 0
2.118354320526123 8 0
2.12382435798645 8 0
2.130143404006958 8 0
2.135634183883667 8 0
2.1418662071228027 8 0
2.1483733654022217 8 0
2.1539456844329834 8 0
2.160433053970337 8 0
2.1678004264831543 8 0
2.1734426021575928 8 0
2.1798758506774902 8 0
2.185124635696411 8 0
2.191581964492798 8 0
2.1980371475219727 8 0
2.203491687774658 8 0
2.2106099128723145 8 0
2.218235969543457 8 0
2.2237579822540283 8 0
2.230137348175049 8 0
2.2356555461883545 8 0
2.2418322563171387 8 0
2.2484233379364014 8 0
2.2602622509002686 8 0
2.267592668533325 8 0
2.272995948791504 8 0
2.2798409461975098 8 0
2.2851552963256836 8 0
2.291839122772217 8 0
2.29835844039917 8 0
2.3038392066955566 8 0
2.310187339782715 8 0
2.3175230026245117 8 0
2.3229258060455322 8 0
2.3295183181762695 8 0
2.3348729610443115 8 0
2.3415095806121826 8 0
2.347824811935425 8 0
2.353391647338867 8 0
2.3598504066467285 8 0
2.365166187286377 8 0
2.3722426891326904 8 0
2.3787448406219482 8 0
2.3843820095062256 8 0
2.390583038330078 8 0
2.396085500717163 8 0
2.4025638103485107 8 0
2.4089107513427734 8 0
2.415409803390503 8 0
2.4227850437164307 8 0
2.432029962539673 8 0
2.439866781234741 8 0
2.4451324939727783 8 0
2.451760768890381 8 0
2.458544969558716 8 0
2.4641025066375732 8 0
2.471160650253296 8 0
2.4776670932769775 8 0
2.4830362796783447 8 0
2.489759683609009 8 0
2.495035409927368 8 0
2.5015106201171875 8 0
2.5078132152557373 8 0
2.5134599208831787 8 0
2.520855188369751 8 0
2.5271239280700684 8 0
2.5326547622680664 8 0
2.539020538330078 8 0
2.544686794281006 8 0
2.5510621070861816 8 0
2.557619333267212 8 0
2.563020944595337 8 0
2.570509672164917 8 0
2.576033115386963 8 0
2.5898542404174805 8 0
2.59513521194458 8 0
2.60162091255188 8 0
2.608100414276123 8 0
2.6135077476501465 8 0
2.620677947998047 8 0
2.627033233642578 8 0
2.6325817108154297 8 0
2.6391565799713135 8 0
2.6448278427124023 8 0
2.651027202606201 8 0
2.6575677394866943 8 0
2.6629669666290283 8 0
2.6695544719696045 8 0
2.6759285926818848 8 0
2.68231201171875 8 0
2.688901662826538 8 0
2.694539785385132 8 0
2.7009003162384033 8 0
2.7074131965637207 8 0
2.71284556388855 8 0
2.719148635864258 8 0
2.725752115249634 8 0
2.731961727142334 8 0
2.7384774684906006 8 0
2.7440683841705322 8 0
2.7503585815429688 8 0
2.7558178901672363 8 0
2.762171983718872 8 0
2.7686758041381836 8 0
2.7754123210906982 8 0
2.7816264629364014 8 0
2.7880969047546387 8 0
2.793532371520996 8 0
2.800069808959961 8 0
2.805572509765625 8 0
2.811933994293213 8 0
2.818565607070923 8 0
2.8249852657318115 8 0
2.8351681232452393 8 0
2.8417584896087646 8 0
2.848452091217041 8 0
2.8540616035461426 8 0
2.8604812622070312 8 0
2.8659613132476807 8 0
2.872145414352417 8 0
2.879969358444214 8 0
2.885500907897949 8 0
2.8917253017425537 8 0
2.898224353790283 8 0
2.903606414794922 8 0
2.910064220428467 8 0
2.9155523777008057 8 0
2.921750545501709 8 0
2.9289889335632324 8 0
2.934664726257324 8 0
2.9410836696624756 8 0
2.9476101398468018 8 0
2.9529898166656494 8 0
2.9597043991088867 8 0
2.9649689197540283 8 0
2.971426486968994 8 0
2.978761911392212 8 0
2.984391450881958 8 0
2.9905786514282227 8 0
2.9960763454437256 8 0
