0 0 0
8.559226989746094e-05 -7 0
0.005959272384643555 -7 0
0.012656211853027344 -7 0
0.018988847732543945 -7 -2
0.027092695236206055 -8 -7
0.0342097282409668 -8 -7
0.041063785552978516 -8 -7
0.04778146743774414 -8 -14
0.05401110649108887 -8 -31
0.06070113182067871 -9 -31
0.06612086296081543 -9 -41
0.07260465621948242 -9 -41
0.07898759841918945 -9 -41
0.08466053009033203 -9 -41
0.09132146835327148 -9 -41
0.09864068031311035 -9 -41
0.10413956642150879 -9 -41
0.11087369918823242 -9 -41
0.11619377136230469 -9 -17
0.12272858619689941 -9 -17
0.12928199768066406 -9 -17
0.1347370147705078 -9 -17
0.14123010635375977 -9 -17
0.14864206314086914 -9 -17
0.15424895286560059 -9 -17
0.16104364395141602 -9 -17
0.16659760475158691 -9 -8
0.17288541793823242 -9 -8
0.17966270446777344 -9 -8
0.18526768684387207 -9 -8
0.19159388542175293 -9 -8
0.19890737533569336 -9 -8
0.204329252243042 -9 -8
0.21126127243041992 -9 -8
0.21682524681091309 -9 -3
0.22312426567077637 -9 -3
0.22970914840698242 -9 -3
0.23528575897216797 -9 -3
0.24163198471069336 -9 -3
0.24716997146606445 -9 -3
0.2542605400085449 -9 -3
0.2609848976135254 -9 -3
0.26633429527282715 -9 0
0.2730095386505127 -9 0
0.27954721450805664 -9 0
0.28516554832458496 -9 0
0.29151296615600586 -9 0
0.29706716537475586 -9 0
0.30423402786254883 -9 0
0.3142733573913574 -9 0
0.32117247581481934 -9 0
0.3267242908477783 -9 0
0.33322620391845703 -9 0
0.3397364616394043 -9 0
0.3452930450439453 -9 0
0.3526780605316162 -9 0
0.358989953994751 -9 0
0.3646063804626465 -9 0
0.37107157707214355 -9 0
0.3765718936920166 -9 0
0.38283848762512207 -9 0
0.3899521827697754 -9 0
0.39563751220703125 -9 0
0.40302062034606934 -9 0
0.40973567962646484 -9 0
0.41532254219055176 -9 0
0.42160582542419434 -9 0
0.4321436882019043 -9 0
0.4418754577636719 -9 0
0.4546020030975342 -9 0
0.4614861011505127 -9 0
0.4699249267578125 -9 0
0.47562098503112793 -9 0
0.48189425468444824 -9 0
0.4903271198272705 -9 0
0.4960451126098633 -9 0
0.5033762454986572 -9 0
0.5114054679870605 -9 0
0.5187897682189941 -9 0
0.5247039794921875 -9 0
0.5322349071502686 -9 0
0.5399880409240723 -9 0
0.5456774234771729 -9 0
0.553985595703125 -9 0
0.5615537166595459 -9 0
0.5689826011657715 -9 0
0.5749020576477051 -9 0
0.5821759700775146 -9 0
0.5898454189300537 -9 0
0.5955567359924316 -9 0
0.6028649806976318 -9 0
0.6108624935150146 -9 0
0.6199638843536377 -9 0
0.6286613941192627 -9 0
0.6358642578125 -9 0
0.6431853771209717 -9 0
0.650933027267456 -9 0
0.6593658924102783 -9 0
0.6648921966552734 -9 0
0.6721882820129395 -9 0
0.6817781925201416 -9 0
0.6902999877929688 -9 0
0.6959893703460693 -9 0
0.7026243209838867 -9 0
0.7156205177307129 -9 0
0.7220718860626221 -9 0
0.7286365032196045 -9 0
0.7342286109924316 -9 0
0.7439661026000977 -9 0
0.7509186267852783 -9 0
0.7598536014556885 -9 0
0.7655208110809326 -9 0
0.7738142013549805 -9 0
0.7802364826202393 -9 0
0.7858901023864746 -9 0
0.7921366691589355 -9 0
0.8049006462097168 -9 0
0.8122720718383789 -9 0
0.8202977180480957 -9 0
0.8259425163269043 -9 0
0.8334448337554932 -9 0
0.8411691188812256 -9 0
0.8482613563537598 -9 0
0.8538334369659424 -9 0
0.871206521987915 -9 0
0.8822438716888428 -9 0
0.8900613784790039 -9 0
0.8986148834228516 -9 0
0.9109299182891846 -9 0
0.916222333908081 -9 0
0.9249763488769531 -9 0
0.9330508708953857 -9 0
0.9398195743560791 -9 0
0.9486720561981201 -9 0
0.9582211971282959 -9 0
0.9659383296966553 -9 0
0.9757049083709717 -9 0
0.9840893745422363 -9 0
0.9909899234771729 -9 0
0.9967536926269531 -9 0
1.00596284866333 -9 0
1.0146241188049316 -9 0
1.0210790634155273 -9 0
1.029430627822876 -9 0
1.0350022315979004 -9 0
1.041381597518921 -9 0
1.0487518310546875 -9 0
1.0543181896209717 -9 0
1.0629842281341553 -9 0
1.0712292194366455 -9 0
1.079601526260376 -9 0
1.0851845741271973 -9 0
1.0916600227355957 -9 0
1.0990021228790283 -9 0
1.1046347618103027 -9 0
1.1170525550842285 -9 0
1.1257727146148682 -9 0
1.1322226524353027 -9 0
1.1387619972229004 -9 0
1.1443183422088623 -9 0
1.153200626373291 -9 0
1.159867763519287 -9 0
1.1662874221801758 -9 0
1.1740736961364746 -9 0
1.181610107421875 -9 0
1.1889722347259521 -9 0
1.1946227550506592 -9 0
1.201965570449829 -9 0
1.210237979888916 -9 0
1.2186813354492188 -9 0
1.2266268730163574 -9 0
1.2330296039581299 -9 0
1.2395765781402588 -9 0
1.248689889907837 -9 0
1.2561619281768799 -9 0
1.2641334533691406 -9 0
1.2739787101745605 -9 0
1.2803261280059814 -9 0
1.2860009670257568 -9 0
1.2969675064086914 -9 0
1.3032708168029785 -9 0
1.3098199367523193 -9 0
1.316871166229248 -9 0
1.3253390789031982 -9 0
1.331688404083252 -9 0
1.337170124053955 -9 0
1.343395709991455 -9 0
1.3521292209625244 -9 0
1.3586616516113281 -9 0
1.3640854358673096 -9 0
1.374119758605957 -9 0
1.3810906410217285 -9 0
1.3895606994628906 -9 0
1.3958549499511719 -9 0
1.4028823375701904 -9 0
1.411651372909546 -9 0
1.4188177585601807 -9 0
1.4246044158935547 -9 0
1.4367249011993408 -9 0
1.4446499347686768 -9 0
1.4512784481048584 -9 0
1.459888219833374 -9 0
1.4655375480651855 -9 0
1.4729785919189453 -9 0
1.48679518699646 -9 0
1.4962480068206787 -9 0
1.5053222179412842 -9 0
1.5156073570251465 -9 0
1.5252561569213867 -9 0
1.5320639610290527 -9 0
1.5410735607147217 -9 0
1.548661231994629 -9 0
1.5563387870788574 -9 0
1.5655832290649414 -9 0
1.5752575397491455 -9 0
1.5817692279815674 -9 0
1.5896217823028564 -9 0
1.595229148864746 -9 0
1.603304147720337 -9 0
1.611253261566162 -9 0
1.6185929775238037 -9 0
1.6252844333648682 -9 0
1.6339290142059326 -9 0
1.6422359943389893 -9 0
1.6487557888031006 -9 0
1.6543254852294922 -9 0
1.6615872383117676 -9 0
1.6671011447906494 -9 0
1.6742830276489258 -9 0
1.6809885501861572 -9 0
1.6862821578979492 -9 0
1.6927907466888428 -9 0
1.6992368698120117 -9 0
1.7047042846679688 -9 0
1.7113502025604248 -9 0
1.7169091701507568 -9 0
1.7241015434265137 -9 0
1.7307446002960205 -9 0
1.736128568649292 -9 0
1.7427308559417725 -9 0
1.7492380142211914 -9 0
1.754680871963501 -9 0
1.7611405849456787 -9 0
1.7666122913360596 -9 0
1.7739698886871338 -9 0
1.7803068161010742 -9 0
1.785966157913208 -9 0
1.7921853065490723 -9 0
1.7987234592437744 -9 0
1.804180383682251 -9 0
1.8108477592468262 -9 0
1.8161697387695312 -9 0
1.8226544857025146 -9 0
1.8301417827606201 -9 0
1.835866928100586 -9 0
1.8421111106872559 -9 0
1.848616361618042 -9 0
1.8540265560150146 -9 0
1.8606891632080078 -9 0
1.8660409450531006 -9 0
1.8726706504821777 -9 0
1.880007266998291 -9 0
1.885681390762329 -9 0
1.8921024799346924 -9 0
1.8986003398895264 -9 0
1.9040379524230957 -9 0
1.914172887802124 -9 0
1.9211313724517822 -9 0
1.9282193183898926 -9 0
1.9340896606445312 -9 0
1.9409785270690918 -9 0
1.9462878704071045 -9 0
1.952927589416504 -9 0
1.96110200881958 -9 0
1.9665863513946533 -9 0
1.972874402999878 -9 0
1.9801218509674072 -9 0
1.9872915744781494 -9 0
1.9935176372528076 -9 0
2.000206708908081 -9 0
2.005878448486328 -9 0
2.0122745037078857 -9 0
2.0188329219818115 -9 0
2.024217128753662 -9 0
2.0317506790161133 -9 0
2.037256956100464 -9 0
2.043468475341797 -9 0
2.04998779296875 -9 0
2.0556352138519287 -9 0
2.0619704723358154 -9 0
2.0682358741760254 -9 0
2.07403564453125 -9 0
2.0814156532287598 -9 0
2.086974620819092 -9 0
2.093181848526001 -9 0
2.099673271179199 -9 0
2.105232000350952 -9 0
2.1115033626556396 -9 0
2.1170473098754883 -9 0
2.123250722885132 -9 0
2.1311426162719727 -9 0
2.1366875171661377 -9 0
2.142899990081787 -9 0
2.149439811706543 -9 0
2.1549699306488037 -9 0
2.161323070526123 -9 0
2.1668472290039062 -9 0
2.173090934753418 -9 0
2.1796374320983887 -9 0
2.1861608028411865 -9 0
2.192791223526001 -9 0
2.1992461681365967 -9 0
2.2047200202941895 -9 0
2.211185932159424 -9 0
2.2167158126831055 -9 0
2.2229511737823486 -9 0
2.2294702529907227 -9 0
2.2358906269073486 -9 0
2.2421488761901855 -9 0
2.2486517429351807 -9 0
2.254253387451172 -9 0
2.261178970336914 -9 0
2.266709804534912 -9 0
2.2729499340057373 -9 0
2.2794904708862305 -9 0
2.2859790325164795 -9 0
2.292229652404785 -9 0
2.2987446784973145 -9 0
2.304182529449463 -9 0
2.3145828247070312 -9 0
2.321258068084717 -9 0
2.3267602920532227 -9 0
2.334196090698242 -9 0
2.3410391807556152 -9 0
2.346327543258667 -9 0
2.352806329727173 -9 0
2.359245538711548 -9 0
2.3646745681762695 -9 0
2.3712809085845947 -9 0
2.376844882965088 -9 0
2.390305995941162 -9 0
2.3967385292053223 -9 0
2.403146982192993 -9 0
2.409821033477783 -9 0
2.415489673614502 -9 0
2.4218671321868896 -9 0
2.4294469356536865 -9 0
2.4359185695648193 -9 0
2.4421586990356445 -9 0
2.448727607727051 -9 0
2.4541592597961426 -9 0
2.4608705043792725 -9 0
2.4661781787872314 -9 0
2.472630262374878 -9 0
2.47896671295166 -9 0
2.484614133834839 -9 0
2.492061138153076 -9 0
2.498610496520996 -9 0
2.5040318965911865 -9 0
2.51033616065979 -9 0
2.5160155296325684 -9 0
2.522696018218994 -9 0
2.5289881229400635 -9 0
2.534623622894287 -9 0
2.5418155193328857 -9 0
2.5477101802825928 -9 0
2.5539519786834717 -9 0
2.5602951049804688 -9 0
2.5659492015838623 -9 0
2.5721991062164307 -9 0
2.5787737369537354 -9 0
2.58417010307312 -9 0
2.5916833877563477 -9 0
2.597208261489868 -9 0
2.603379964828491 -9 0
2.610079288482666 -9 0
2.615758180618286 -9 0
2.622016668319702 -9 0
2.628298282623291 -9 0
2.6339361667633057 -9 0
2.6414456367492676 -9 0
2.6470324993133545 -9 0
2.6534368991851807 -9 0
2.6599574089050293 -9 0
2.665675163269043 -9 0
2.672056198120117 -9 0
2.678563356399536 -9 0
2.684008836746216 -9 0
2.6913790702819824 -9 0
2.696927070617676 -9 0
2.7031455039978027 -9 0
2.709670066833496 -9 0
2.7199323177337646 -9 0
2.7255876064300537 -9 0
2.7320611476898193 -9 0
2.738603353500366 -9 0
2.7452445030212402 -9 0
2.7515432834625244 -9 0
2.7570807933807373 -9 0
2.763293504714966 -9 0
2.769832134246826 -9 0
2.7755260467529297 -9 0
2.781883478164673 -9 0
2.787785530090332 -9 0
2.7951319217681885 -9 0
2.8014466762542725 -9 0
2.806995153427124 -9 0
2.8132259845733643 -9 0
2.8197436332702637 -9 0
2.8252837657928467 -9 0
2.8315751552581787 -9 0
2.837118148803711 -9 0
2.844238758087158 -9 0
2.8511691093444824 -9 0
2.856732130050659 -9 0
2.8629884719848633 -9 0
2.869493246078491 -9 0
2.875009059906006 -9 0
2.8813602924346924 -9 0
2.8869223594665527 -9 0
2.8942084312438965 -9 0
2.900953531265259 -9 0
2.9062325954437256 -9 0
2.91288161277771 -9 0
2.919415235519409 -9 0
2.924941301345825 -9 0
2.9312970638275146 -9 0
2.9367880821228027 -9 0
2.9440362453460693 -9 0
2.9507179260253906 -9 0
2.9560484886169434 -9 0
2.9622673988342285 -9 0
2.9687750339508057 -9 0
2.9743154048919678 -9 0
2.9810469150543213 -9 0
2.9863264560699463 -9 0
2.9928317070007324 -9 0
