0 0 0
8.416175842285156e-05 -2 0
0.008788585662841797 -2 0
0.01727128028869629 -3 -23
0.023455381393432617 -4 -9
0.030976295471191406 -6 -152
0.03900957107543945 -8 -176
0.04476666450500488 -9 -231
0.0510406494140625 -11 -276
0.05768895149230957 -12 -277
0.06342792510986328 -14 -262
0.06971955299377441 -15 -242
0.07604622840881348 -16 -225
0.08171653747558594 -16 -225
0.08918976783752441 -16 -225
0.09480524063110352 -16 -225
0.10120654106140137 -16 -26
0.10797238349914551 -15 -26
0.11370110511779785 -15 0
0.11995840072631836 -15 0
0.1265418529510498 -15 0
0.13199281692504883 -15 0
0.13951492309570312 -15 0
0.14505267143249512 -15 0
0.15131640434265137 -15 0
0.15803813934326172 -15 0
0.16375994682312012 -15 5
0.1700434684753418 -15 5
0.17665338516235352 -15 5
0.18888044357299805 -15 5
0.19447827339172363 -15 5
0.20092034339904785 -15 5
0.20762133598327637 -15 5
0.21333527565002441 -15 7
0.21978330612182617 -15 7
0.22613763809204102 -15 7
0.23180222511291504 -15 7
0.23942041397094727 -15 7
0.2450273036956787 -15 7
0.25127363204956055 -15 7
0.257828950881958 -15 7
0.2635505199432373 -15 3
0.26984477043151855 -15 3
0.2763996124267578 -15 3
0.2820119857788086 -15 3
0.28877830505371094 -15 3
0.29549670219421387 -15 3
0.30152440071105957 -15 3
0.30804967880249023 -15 3
0.3137519359588623 -15 0
0.3199937343597412 -15 0
0.32659053802490234 -15 0
0.33202552795410156 -15 0
0.3389461040496826 -15 0
0.34606051445007324 -15 0
0.35175418853759766 -15 0
0.3580739498138428 -15 0
0.36374902725219727 -15 0
0.3703880310058594 -15 0
0.37677669525146484 -15 0
0.382488489151001 -15 0
0.38895606994628906 -15 0
0.3960607051849365 -15 0
0.4019010066986084 -15 0
0.4085402488708496 -15 0
0.4139223098754883 -15 0
0.42036938667297363 -15 0
0.4267454147338867 -15 0
0.43236422538757324 -15 0
0.4388883113861084 -15 0
0.445995569229126 -15 0
0.45154762268066406 -15 0
0.45851659774780273 -15 0
0.4639437198638916 -15 0
0.4704320430755615 -15 0
0.4767768383026123 -15 0
0.48241472244262695 -15 0
0.4889073371887207 -15 0
0.49604249000549316 -15 0
0.5018870830535889 -15 0
0.5085389614105225 -15 0
0.513920783996582 -15 0
0.5205509662628174 -15 0
0.5270540714263916 -15 0
0.5325016975402832 -15 0
0.5389659404754639 -15 0
0.5460469722747803 -15 0
0.5516111850738525 -15 0
0.5580296516418457 -15 0
0.5637240409851074 -15 0
0.5699923038482666 -15 0
0.5775947570800781 -15 0
0.5879220962524414 -15 0
0.594531774520874 -15 0
0.6009664535522461 -15 0
0.6076309680938721 -15 0
0.6133198738098145 -15 0
0.6195571422576904 -15 0
0.6251022815704346 -15 0
0.6317100524902344 -15 0
0.6385164260864258 -15 0
0.6439120769500732 -15 0
0.6510426998138428 -15 0
0.6576976776123047 -15 0
0.663374662399292 -15 0
0.6696624755859375 -15 0
0.6756038665771484 -15 0
0.6815536022186279 -15 0
0.6879703998565674 -15 0
0.693678617477417 -15 0
0.7010812759399414 -15 0
0.7076425552368164 -15 0
0.713315486907959 -15 0
0.719524621963501 -15 0
0.72507643699646 -15 0
0.731264591217041 -15 0
0.7378408908843994 -15 0
0.7435297966003418 -15 0
0.750762939453125 -15 0
0.7575333118438721 -15 0
0.7631435394287109 -15 0
0.7694611549377441 -15 0
0.7750120162963867 -15 0
0.7812654972076416 -15 0
0.7878384590148926 -15 0
0.7935173511505127 -15 0
0.80078125 -15 0
0.8074018955230713 -15 0
0.8130083084106445 -15 0
0.819481611251831 -15 0
0.8249893188476562 -15 0
0.8312127590179443 -15 0
0.8377816677093506 -15 0
0.8434765338897705 -15 0
0.8507623672485352 -15 0
0.8573207855224609 -15 0
0.8628997802734375 -15 0
0.8692560195922852 -15 0
0.8748433589935303 -15 0
0.8812525272369385 -15 0
0.8879947662353516 -15 0
0.8936762809753418 -15 0
0.9010169506072998 -15 0
0.907604455947876 -15 0
0.9133117198944092 -15 0
0.9195568561553955 -15 0
0.9254894256591797 -15 0
0.9313483238220215 -15 0
0.9380593299865723 -15 0
0.9437854290008545 -15 0
0.9510362148284912 -15 0
0.9576694965362549 -15 0
0.9633347988128662 -15 0
0.9695727825164795 -15 0
0.9750916957855225 -15 0
0.9839949607849121 -15 0
0.991779088973999 -15 0
0.9987399578094482 -15 0
1.0049805641174316 -15 0
1.0115108489990234 -15 0
1.0180635452270508 -15 0
1.023742914199829 -15 0
1.0299742221832275 -15 0
1.0365395545959473 -15 0
1.0419511795043945 -15 0
1.0486509799957275 -15 0
1.054995059967041 -15 0
1.0613691806793213 -15 0
1.0679097175598145 -15 0
1.073578119277954 -15 0
1.0798306465148926 -15 0
1.0863869190216064 -15 0
1.091843843460083 -15 0
1.0985074043273926 -15 0
1.104879379272461 -15 0
1.111083745956421 -15 0
1.1178090572357178 -15 0
1.1235356330871582 -15 0
1.1297824382781982 -15 0
1.136056661605835 -15 0
1.1416265964508057 -15 0
1.1484787464141846 -15 0
1.1548898220062256 -15 0
1.1611051559448242 -15 0
1.1676843166351318 -15 0
1.1733567714691162 -15 0
1.1797823905944824 -15 0
1.186345100402832 -15 0
1.191739559173584 -15 0
1.1980655193328857 -15 0
1.2046911716461182 -15 0
1.2109296321868896 -15 0
1.217454195022583 -15 0
1.2230288982391357 -15 0
1.229384183883667 -15 0
1.2349250316619873 -15 0
1.2413299083709717 -15 0
1.2478947639465332 -15 0
1.253544807434082 -15 0
1.2607944011688232 -15 0
1.2673120498657227 -15 0
1.2728312015533447 -15 0
1.2794530391693115 -15 0
1.2871952056884766 -15 0
1.2937610149383545 -15 0
1.3013875484466553 -15 0
1.3280365467071533 -15 0
1.3366687297821045 -15 0
1.3449366092681885 -15 0
1.3540844917297363 -15 0
1.361846923828125 -15 0
1.3690643310546875 -15 0
1.3780453205108643 -15 0
1.3880817890167236 -15 0
1.4092590808868408 -15 0
1.4194786548614502 -15 0
1.4307873249053955 -15 0
1.4419641494750977 -15 0
1.453995704650879 -15 0
1.4645631313323975 -15 0
1.470998764038086 -15 0
1.4805018901824951 -15 0
1.4875881671905518 -15 0
1.4985499382019043 -15 0
1.5039567947387695 -15 0
1.5116052627563477 -15 0
1.5227744579315186 -15 0
1.5337491035461426 -15 0
1.5404245853424072 -15 0
1.5508511066436768 -15 0
1.5578498840332031 -15 0
1.5649752616882324 -15 0
1.5804517269134521 -15 0
1.58742094039917 -15 0
1.6000077724456787 -15 0
1.6117706298828125 -15 0
1.6191871166229248 -15 0
1.6265997886657715 -15 0
1.6344654560089111 -15 0
1.6413800716400146 -15 0
1.649261713027954 -15 0
1.654782772064209 -15 0
1.6675715446472168 -15 0
1.6732869148254395 -15 0
1.6808173656463623 -15 0
1.6908447742462158 -15 0
1.6977128982543945 -15 0
1.7060234546661377 -15 0
1.7118897438049316 -15 0
1.7208209037780762 -15 0
1.7295827865600586 -15 0
1.7385025024414062 -15 0
1.7439007759094238 -15 0
1.7518525123596191 -15 0
1.75992751121521 -15 0
1.7688462734222412 -15 0
1.7797038555145264 -15 0
1.7913906574249268 -15 0
1.8015146255493164 -15 0
1.8123915195465088 -15 0
1.819169521331787 -15 0
1.8246996402740479 -15 0
1.8311326503753662 -15 0
1.842522382736206 -15 0
1.849226951599121 -15 0
1.8625068664550781 -15 0
1.8700311183929443 -15 0
1.879190444946289 -15 0
1.8878347873687744 -15 0
1.8935270309448242 -15 0
1.9011757373809814 -15 0
1.9125747680664062 -15 0
1.9191594123840332 -15 0
1.9247462749481201 -15 0
1.9335486888885498 -15 0
1.9398407936096191 -15 0
1.9473273754119873 -15 0
1.9549548625946045 -15 0
1.961564540863037 -15 0
1.968505859375 -15 0
1.9768054485321045 -15 0
1.9827284812927246 -15 0
1.9893169403076172 -15 0
1.9988055229187012 -15 0
2.0080389976501465 -15 0
2.0137147903442383 -15 0
2.0205078125 -15 0
2.0292835235595703 -15 0
2.0348169803619385 -15 0
2.0412325859069824 -15 0
2.049921751022339 -15 0
2.0566842555999756 -15 0
2.0648036003112793 -15 0
2.07120418548584 -15 0
2.078023672103882 -15 0
2.0865724086761475 -15 0
2.0920002460479736 -15 0
2.0994813442230225 -15 0
2.112058639526367 -15 0
2.118980646133423 -15 0
2.1275687217712402 -15 0
2.1331875324249268 -15 0
2.139824151992798 -15 0
2.1474838256835938 -15 0
2.1540627479553223 -15 0
2.1615350246429443 -15 0
2.1693575382232666 -15 0
2.176743745803833 -15 0
2.1827008724212646 -15 0
2.1944401264190674 -15 0
2.203604221343994 -15 0
2.210066080093384 -15 0
2.21681809425354 -15 0
2.2248075008392334 -15 0
2.231217861175537 -15 0
2.2378275394439697 -15 0
2.246403932571411 -15 0
2.253084421157837 -15 0
2.2595438957214355 -15 0
2.267303705215454 -15 0
2.272905111312866 -15 0
2.280465602874756 -15 0
2.288029909133911 -15 0
2.2937302589416504 -15 0
2.301227569580078 -15 0
2.3098909854888916 -15 0
2.317796230316162 -15 0
2.323535680770874 -15 0
2.332465887069702 -15 0
2.3446121215820312 -15 0
2.351536273956299 -15 0
2.3630661964416504 -15 0
2.3695547580718994 -15 0
2.375088930130005 -15 0
2.381889581680298 -15 0
2.3906397819519043 -15 0
2.3972084522247314 -15 0
2.402754068374634 -15 0
2.412482261657715 -15 0
2.419203519821167 -15 0
2.424750566482544 -15 0
2.431043863296509 -15 0
2.440908670425415 -15 0
2.447727680206299 -15 0
2.4534523487091064 -15 0
2.460902452468872 -15 0
2.4689018726348877 -15 0
2.475571870803833 -15 0
2.4818508625030518 -15 0
2.4895763397216797 -15 0
2.497488260269165 -15 0
2.5031182765960693 -15 0
2.5130462646484375 -15 0
2.5195326805114746 -15 0
2.5250911712646484 -15 0
2.531334400177002 -15 0
2.5399160385131836 -15 0
2.5464906692504883 -15 0
2.551988124847412 -15 0
2.5607314109802246 -15 0
2.568664312362671 -15 0
2.579296588897705 -15 0
2.590635299682617 -15 0
2.5994629859924316 -15 0
2.609225034713745 -15 0
2.617988348007202 -15 0
2.6236767768859863 -15 0
2.63153076171875 -15 0
2.6418943405151367 -15 0
2.64864182472229 -15 0
2.6574409008026123 -15 0
2.666788101196289 -15 0
2.672718048095703 -15 0
2.6796422004699707 -15 0
2.691298246383667 -15 0
2.7027571201324463 -15 0
2.7113704681396484 -15 0
2.7191333770751953 -15 0
2.729219436645508 -15 0
2.7347846031188965 -15 0
2.7436697483062744 -15 0
2.7527029514312744 -15 0
2.7600884437561035 -15 0
2.7673373222351074 -15 0
2.7775306701660156 -15 0
2.78314471244812 -15 0
2.7907819747924805 -15 0
2.799187421798706 -15 0
2.8081209659576416 -15 0
2.817706346511841 -15 0
2.823472738265991 -15 0
2.833190441131592 -15 0
2.8424599170684814 -15 0
2.8535540103912354 -15 0
2.863513946533203 -15 0
2.8719491958618164 -15 0
2.878816604614258 -15 0
2.8841044902801514 -15 0
2.8938956260681152 -15 0
2.9012863636016846 -15 0
2.9091906547546387 -15 0
2.917632579803467 -15 0
2.9284682273864746 -15 0
2.9338598251342773 -15 0
2.9404945373535156 -15 0
2.950784683227539 -15 0
2.958649158477783 -15 0
2.967996120452881 -15 0
2.976578950881958 -15 0
2.982543468475342 -15 0
2.9940028190612793 -15 0
