0 0 0
8.654594421386719e-05 -2 0
0.00896000862121582 -2 0
0.014630317687988281 -1 7
0.02201700210571289 0 59
0.03050065040588379 1 38
0.0364532470703125 2 188
0.04266834259033203 4 115
0.04954981803894043 6 223
0.05490756034851074 7 234
0.061463117599487305 8 227
0.0681459903717041 9 213
0.0746006965637207 10 149
0.08132052421569824 10 46
0.08769798278808594 9 46
0.09339475631713867 9 46
0.09992408752441406 9 46
0.10552072525024414 9 46
0.11178445816040039 9 46
0.11833691596984863 9 46
0.12395262718200684 9 46
0.13130974769592285 9 7
0.1376633644104004 9 7
0.14344525337219238 9 7
0.1499183177947998 9 7
0.15546512603759766 9 7
0.16173362731933594 9 7
0.1682724952697754 9 7
0.17384719848632812 9 7
0.18085503578186035 9 0
0.18741321563720703 9 0
0.1928250789642334 9 0
0.19968724250793457 9 0
0.2049851417541504 9 0
0.2114698886871338 9 0
0.22199368476867676 9 0
0.22988080978393555 9 0
0.2354140281677246 9 -3
0.2418203353881836 9 -3
0.24836468696594238 9 -3
0.25397706031799316 9 -3
0.26047182083129883 9 -3
0.266404390335083 9 -3
0.27226734161376953 9 -3
0.27999329566955566 9 -3
0.2855548858642578 9 0
0.2917513847351074 9 0
0.2983365058898926 9 0
0.3039214611053467 9 0
0.310222864151001 9 0
0.3157162666320801 9 0
0.3220794200897217 9 0
0.32990527153015137 9 0
0.33542418479919434 9 0
0.34166646003723145 9 0
0.3482091426849365 9 0
0.3537023067474365 9 0
0.36008548736572266 9 0
0.3656189441680908 9 0
0.3718373775482178 9 0
0.3784949779510498 9 0
0.38496994972229004 9 0
0.39142417907714844 9 0
0.3986220359802246 9 0
0.40427494049072266 9 0
0.41053128242492676 9 0
0.41644763946533203 9 0
0.42227816581726074 9 0
0.42877912521362305 9 0
0.435504674911499 9 0
0.44198060035705566 9 0
0.44852423667907715 9 0
0.45418763160705566 9 0
0.4605867862701416 9 0
0.46691346168518066 9 0
0.47246885299682617 9 0
0.47887444496154785 9 0
0.48560333251953125 9 0
0.49184250831604004 9 0
0.49852514266967773 9 0
0.5042018890380859 9 0
0.5104014873504639 9 0
0.5158665180206299 9 0
0.5221023559570312 9 0
0.5286645889282227 9 0
0.5350139141082764 9 0
0.5414879322052002 9 0
0.5479373931884766 9 0
0.5533537864685059 9 0
0.5599954128265381 9 0
0.5655217170715332 9 0
0.5717451572418213 9 0
0.5782546997070312 9 0
0.5847280025482178 9 0
0.5913636684417725 9 0
0.5976676940917969 9 0
0.6032681465148926 9 0
0.609729528427124 9 0
0.6197044849395752 9 0
0.6250119209289551 9 0
0.6316256523132324 9 0
0.639380693435669 9 0
0.6447300910949707 9 0
0.6513402462005615 9 0
0.6582155227661133 9 0
0.663689136505127 9 0
0.6700680255889893 9 0
0.6755986213684082 9 0
0.6819944381713867 9 0
0.6896641254425049 9 0
0.6949398517608643 9 0
0.7014219760894775 9 0
0.7076871395111084 9 0
0.7132952213287354 9 0
0.7199161052703857 9 0
0.7254631519317627 9 0
0.7316880226135254 9 0
0.7394027709960938 9 0
0.7447695732116699 9 0
0.7510209083557129 9 0
0.7575573921203613 9 0
0.7629537582397461 9 0
0.769669771194458 9 0
0.7749412059783936 9 0
0.7814054489135742 9 0
0.7887492179870605 9 0
0.7944085597991943 9 0
0.8008172512054443 9 0
0.8073177337646484 9 0
0.8127448558807373 9 0
0.819385290145874 9 0
0.8247346878051758 9 0
0.8309326171875 9 0
0.8384666442871094 9 0
0.8440694808959961 9 0
0.8505430221557617 9 0
0.8564369678497314 9 0
0.8625233173370361 9 0
0.8689184188842773 9 0
0.8745777606964111 9 0
0.8808066844940186 9 0
0.8881614208221436 9 0
0.8937170505523682 9 0
0.9000864028930664 9 0
0.9056234359741211 9 0
0.9118192195892334 9 0
0.9185302257537842 9 0
0.9241728782653809 9 0
0.9303865432739258 9 0
0.9359066486358643 9 0
0.9432895183563232 9 0
0.9497160911560059 9 0
0.9549949169158936 9 0
0.9615185260772705 9 0
0.9679920673370361 9 0
0.9733936786651611 9 0
0.98004150390625 9 0
0.9856030941009521 9 0
0.9928452968597412 9 0
0.999854326248169 9 0
1.0053365230560303 9 0
1.011521816253662 9 0
1.020725965499878 9 0
1.0283358097076416 9 0
1.0338969230651855 9 0
1.0414302349090576 9 0
1.047682523727417 9 0
1.0534114837646484 9 0
1.0598511695861816 9 0
1.0653777122497559 9 0
1.0716238021850586 9 0
1.0781617164611816 9 0
1.0836939811706543 9 0
1.0907652378082275 9 0
1.097351312637329 9 0
1.1029002666473389 9 0
1.109802484512329 9 0
1.1152684688568115 9 0
1.121488094329834 9 0
1.1279668807983398 9 0
1.1333692073822021 9 0
1.1398298740386963 9 0
1.146928071975708 9 0
1.1524291038513184 9 0
1.1590280532836914 9 0
1.1646509170532227 9 0
1.1708598136901855 9 0
1.1773302555084229 9 0
1.182718276977539 9 0
1.1892704963684082 9 0
1.1957001686096191 9 0
1.2019157409667969 9 0
1.2083909511566162 9 0
1.2139556407928467 9 0
1.2204253673553467 9 0
1.2259323596954346 9 0
1.2321202754974365 9 0
1.2387938499450684 9 0
1.2454833984375 9 0
1.2516758441925049 9 0
1.2581760883331299 9 0
1.2636778354644775 9 0
1.270071268081665 9 0
1.2755701541900635 9 0
1.2819185256958008 9 0
1.2883856296539307 9 0
1.2948086261749268 9 0
1.3012609481811523 9 0
1.3075613975524902 9 0
1.3129312992095947 9 0
1.319629192352295 9 0
1.324892520904541 9 0
1.3313207626342773 9 0
1.3376505374908447 9 0
1.3434371948242188 9 0
1.3506994247436523 9 0
1.3570005893707275 9 0
1.3625380992889404 9 0
1.3693444728851318 9 0
1.3746938705444336 9 0
1.3808724880218506 9 0
1.387434959411621 9 0
1.3928213119506836 9 0
1.4012806415557861 9 0
1.4075512886047363 9 0
1.4129493236541748 9 0
1.422879934310913 9 0
1.429779291152954 9 0
1.4350166320800781 9 0
1.4416513442993164 9 0
1.4493670463562012 9 0
1.4547080993652344 9 0
1.4612815380096436 9 0
1.4675583839416504 9 0
1.4729797840118408 9 0
1.479665994644165 9 0
1.4849092960357666 9 0
1.4913537502288818 9 0
1.4986248016357422 9 0
1.5043070316314697 9 0
1.5105407238006592 9 0
1.5160164833068848 9 0
1.5224928855895996 9 0
1.5288808345794678 9 0
1.5345275402069092 9 0
1.5407531261444092 9 0
1.5472524166107178 9 0
1.5538556575775146 9 0
1.5601756572723389 9 0
1.565657377243042 9 0
1.5718748569488525 9 0
1.5785198211669922 9 0
1.5841951370239258 9 0
1.5903830528259277 9 0
1.595853567123413 9 0
1.6033427715301514 9 0
1.6097676753997803 9 0
1.6152589321136475 9 0
1.6215002536773682 9 0
1.6281538009643555 9 0
1.6336619853973389 9 0
1.6401686668395996 9 0
1.6464800834655762 9 0
1.654310941696167 9 0
1.6680529117584229 9 0
1.6734726428985596 9 0
1.679917573928833 9 0
1.685417890548706 9 0
1.6916353702545166 9 0
1.6983394622802734 9 0
1.7048652172088623 9 0
1.7112882137298584 9 0
1.7175745964050293 9 0
1.7229325771331787 9 0
1.7303359508514404 9 0
1.7358160018920898 9 0
1.7421462535858154 9 0
1.7488136291503906 9 0
1.755547285079956 9 0
1.7619338035583496 9 0
1.7695350646972656 9 0
1.7756493091583252 9 0
1.7818844318389893 9 0
1.7883620262145996 9 0
1.7939069271087646 9 0
1.8002104759216309 9 0
1.8075904846191406 9 0
1.8129353523254395 9 0
1.8235654830932617 9 0
1.830134630203247 9 0
1.83561372756958 9 0
1.8419740200042725 9 0
1.8486366271972656 9 0
1.855029821395874 9 0
1.8615531921386719 9 0
1.8680419921875 9 0
1.8734395503997803 9 0
1.880030632019043 9 0
1.8854999542236328 9 0
1.8919141292572021 9 0
1.8984131813049316 9 0
1.9047152996063232 9 0
1.910928726196289 9 0
1.9175713062286377 9 0
1.922926902770996 9 0
1.9296016693115234 9 0
1.9348981380462646 9 0
1.9415111541748047 9 0
1.9480106830596924 9 0
1.953399896621704 9 0
1.9606654644012451 9 0
1.9669032096862793 9 0
1.972423791885376 9 0
1.9788312911987305 9 0
1.9844541549682617 9 0
1.9906761646270752 9 0
1.9988811016082764 9 0
2.0045902729034424 9 0
2.011763572692871 9 0
2.0184414386749268 9 0
2.0240285396575928 9 0
2.030304193496704 9 0
2.0358285903930664 9 0
2.0419974327087402 9 0
2.0485339164733887 9 0
2.0541958808898926 9 0
2.0616352558135986 9 0
2.0681862831115723 9 0
2.0736865997314453 9 0
2.080064296722412 9 0
2.0855772495269775 9 0
2.0917775630950928 9 0
2.0982866287231445 9 0
2.1038618087768555 9 0
2.1108672618865967 9 0
2.1174018383026123 9 0
2.1229794025421143 9 0
2.129676103591919 9 0
2.134939432144165 9 0
2.141369581222534 9 0
2.1477036476135254 9 0
2.1542320251464844 9 0
2.1614389419555664 9 0
2.1686930656433105 9 0
2.1743550300598145 9 0
2.1807861328125 9 0
2.187286853790283 9 0
2.1926746368408203 9 0
2.198996067047119 9 0
2.2046144008636475 9 0
2.211899518966675 9 0
2.2183573246002197 9 0
2.228537082672119 9 0
2.2342212200164795 9 0
2.240691661834717 9 0
2.247015953063965 9 0
2.2590012550354004 9 0
2.2657079696655273 9 0
2.2719078063964844 9 0
2.2785322666168213 9 0
2.2842001914978027 9 0
2.290478229522705 9 0
2.2959980964660645 9 0
2.302609443664551 9 0
2.3088948726654053 9 0
2.3156375885009766 9 0
2.321882724761963 9 0
2.328348159790039 9 0
2.3338871002197266 9 0
2.3401639461517334 9 0
2.3456759452819824 9 0
2.351890802383423 9 0
2.3585197925567627 9 0
2.3649961948394775 9 0
2.3714537620544434 9 0
2.377955913543701 9 0
2.3833537101745605 9 0
2.3897693157196045 9 0
2.3959646224975586 9 0
2.402146100997925 9 0
2.408832550048828 9 0
2.4155449867248535 9 0
2.4219565391540527 9 0
2.4284632205963135 9 0
2.4340593814849854 9 0
2.4404098987579346 9 0
2.445906639099121 9 0
2.4521069526672363 9 0
2.4586007595062256 9 0
2.4650168418884277 9 0
2.4714856147766113 9 0
2.4780962467193604 9 0
2.4836435317993164 9 0
2.4907877445220947 9 0
2.497288703918457 9 0
2.5028674602508545 9 0
2.5097768306732178 9 0
2.5159835815429688 9 0
2.522200584411621 9 0
2.528728485107422 9 0
2.5343704223632812 9 0
2.5407822132110596 9 0
2.5473086833953857 9 0
2.5527613162994385 9 0
2.5593910217285156 9 0
2.5657851696014404 9 0
2.5719423294067383 9 0
2.578486442565918 9 0
2.584059953689575 9 0
2.59037184715271 9 0
2.595867872238159 9 0
2.6022095680236816 9 0
2.6087448596954346 9 0
2.6144063472747803 9 0
2.624620199203491 9 0
2.631967544555664 9 0
2.6387112140655518 9 0
2.644376277923584 9 0
2.6507208347320557 9 0
2.6570332050323486 9 0
2.6628334522247314 9 0
2.6704437732696533 9 0
2.6759555339813232 9 0
2.682164192199707 9 0
2.6886982917785645 9 0
2.694335699081421 9 0
2.7006256580352783 9 0
2.7064969539642334 9 0
2.7122926712036133 9 0
2.7199997901916504 9 0
2.7254981994628906 9 0
2.731733560562134 9 0
2.7382748126983643 9 0
2.7438619136810303 9 0
2.7501769065856934 9 0
2.7556850910186768 9 0
2.7618930339813232 9 0
2.7694621086120605 9 0
2.774815082550049 9 0
2.7814481258392334 9 0
2.787710428237915 9 0
2.793333053588867 9 0
2.7999448776245117 9 0
2.8054704666137695 9 0
2.81168794631958 9 0
2.818225383758545 9 0
2.8247082233428955 9 0
2.8309080600738525 9 0
2.837440013885498 9 0
2.842977523803711 9 0
2.849673271179199 9 0
2.854918956756592 9 0
2.8613882064819336 9 0
2.867682933807373 9 0
2.8742597103118896 9 0
2.8804538249969482 9 0
2.88594126701355 9 0
2.892172336578369 9 0
2.8988242149353027 9 0
2.9044718742370605 9 0
2.9107236862182617 9 0
2.9169723987579346 9 0
2.923794984817505 9 0
2.9303159713745117 9 0
2.9358139038085938 9 0
2.942030906677246 9 0
2.948603630065918 9 0
2.9542434215545654 9 0
2.9606261253356934 9 0
2.966885566711426 9 0
2.973611831665039 9 0
2.9799656867980957 9 0
2.9854164123535156 9 0
2.9916434288024902 9 0
2.998155355453491 9 0
