0 0 0
8.20159912109375e-05 -6 0
0.007683515548706055 -6 0
0.014725446701049805 -6 0
0.022721052169799805 -7 -7
0.03166389465332031 -8 -40
0.03725719451904297 -8 -12
0.04351472854614258 -9 -31
0.050074100494384766 -10 -62
0.0557246208190918 -10 -123
0.062085866928100586 -11 -119
0.0676567554473877 -11 -86
0.07427287101745605 -12 -86
0.08188939094543457 -12 -86
0.08746147155761719 -12 -86
0.0937337875366211 -12 -86
0.10033392906188965 -12 -86
0.1060788631439209 -12 -86
0.11235165596008301 -12 -86
0.11828041076660156 -12 -22
0.12512803077697754 -12 -22
0.13268280029296875 -12 -22
0.13927698135375977 -12 -22
0.1451253890991211 -12 -22
0.15163230895996094 -12 -22
0.15722942352294922 -12 -22
0.1637115478515625 -12 -22
0.17039966583251953 -12 -8
0.17614984512329102 -12 -8
0.1833488941192627 -12 -8
0.19011330604553223 -12 -8
0.19575834274291992 -12 -8
0.20210766792297363 -12 -8
0.20768332481384277 -12 -8
0.21395492553710938 -12 -8
0.22055411338806152 -12 -3
0.2262718677520752 -12 -3
0.23351812362670898 -12 -3
0.2401120662689209 -12 -3
0.24574851989746094 -12 -3
0.25225186347961426 -12 -3
0.2577981948852539 -12 -3
0.26404595375061035 -12 -3
0.2706012725830078 -12 0
0.2762901782989502 -12 0
0.28356099128723145 -12 0
0.29027771949768066 -12 0
0.2960083484649658 -12 0
0.3022429943084717 -12 0
0.3077378273010254 -12 0
0.31423473358154297 -12 0
0.3206770420074463 -12 0
0.32632875442504883 -12 0
0.33362460136413574 -12 0
0.344240665435791 -12 0
0.3511676788330078 -12 0
0.356564998626709 -12 0
0.36319708824157715 -12 0
0.3698439598083496 -12 0
0.3753502368927002 -12 0
0.3817412853240967 -12 0
0.38910770416259766 -12 0
0.3945579528808594 -12 0
0.4011728763580322 -12 0
0.4065241813659668 -12 0
0.41277122497558594 -12 0
0.41933369636535645 -12 0
0.4251689910888672 -12 0
0.43187427520751953 -12 0
0.439255952835083 -12 0
0.44471240043640137 -12 0
0.4514610767364502 -12 0
0.456740140914917 -12 0
0.4632236957550049 -12 0
0.4697303771972656 -12 0
0.47516369819641113 -12 0
0.4816303253173828 -12 0
0.4900248050689697 -12 0
0.4956216812133789 -12 0
0.5019538402557373 -12 0
0.5074572563171387 -12 0
0.5136847496032715 -12 0
0.5202529430389404 -12 0
0.525841474533081 -12 0
0.5322282314300537 -12 0
0.5397846698760986 -12 0
0.545198917388916 -12 0
0.5518457889556885 -12 0
0.5574076175689697 -12 0
0.563706636428833 -12 0
0.5702047348022461 -12 0
0.5757696628570557 -12 0
0.5820560455322266 -12 0
0.5894219875335693 -12 0
0.5947997570037842 -12 0
0.6015048027038574 -12 0
0.6070346832275391 -12 0
0.6134719848632812 -12 0
0.6200408935546875 -12 0
0.6256203651428223 -12 0
0.631913423538208 -12 0
0.6392316818237305 -12 0
0.6446664333343506 -12 0
0.6513571739196777 -12 0
0.656646728515625 -12 0
0.6631355285644531 -12 0
0.6694560050964355 -12 0
0.6753628253936768 -12 0
0.6819348335266113 -12 0
0.689284086227417 -12 0
0.6947154998779297 -12 0
0.7014527320861816 -12 0
0.7067453861236572 -12 0
0.7131931781768799 -12 0
0.7194805145263672 -12 0
0.7250854969024658 -12 0
0.7317373752593994 -12 0
0.7419257164001465 -12 0
0.7492296695709229 -12 0
0.7547914981842041 -12 0
0.7616746425628662 -12 0
0.7672030925750732 -12 0
0.7735874652862549 -12 0
0.7801163196563721 -12 0
0.785728931427002 -12 0
0.7930595874786377 -12 0
0.7993831634521484 -12 0
0.8048019409179688 -12 0
0.8117070198059082 -12 0
0.8172204494476318 -12 0
0.8234682083129883 -12 0
0.8300046920776367 -12 0
0.835496187210083 -12 0
0.8426215648651123 -12 0
0.8491337299346924 -12 0
0.8547263145446777 -12 0
0.8614811897277832 -12 0
0.8667798042297363 -12 0
0.8733115196228027 -12 0
0.8798575401306152 -12 0
0.885869026184082 -12 0
0.8933627605438232 -12 0
0.9000949859619141 -12 0
0.9056813716888428 -12 0
0.9122428894042969 -12 0
0.9177591800689697 -12 0
0.9239490032196045 -12 0
0.930513858795166 -12 0
0.9361679553985596 -12 0
0.943587064743042 -12 0
0.9501445293426514 -12 0
0.9557127952575684 -12 0
0.9620177745819092 -12 0
0.9675650596618652 -12 0
0.9739391803741455 -12 0
0.9805214405059814 -12 0
0.9862258434295654 -12 0
0.9935324192047119 -12 0
1.0000660419464111 -12 0
1.0056564807891846 -12 0
1.0119576454162598 -12 0
1.0174791812896729 -12 0
1.023695468902588 -12 0
1.0303354263305664 -12 0
1.0360000133514404 -12 0
1.0422096252441406 -12 0
1.049778699874878 -12 0
1.055204153060913 -12 0
1.0616378784179688 -12 0
1.067188024520874 -12 0
1.0736072063446045 -12 0
1.0801126956939697 -12 0
1.0857057571411133 -12 0
1.092146873474121 -12 0
1.0997376441955566 -12 0
1.1051974296569824 -12 0
1.1116595268249512 -12 0
1.1171979904174805 -12 0
1.1234240531921387 -12 0
1.1299793720245361 -12 0
1.1354856491088867 -12 0
1.1464457511901855 -12 0
1.1531808376312256 -12 0
1.1598820686340332 -12 0
1.1653954982757568 -12 0
1.1719305515289307 -12 0
1.1774868965148926 -12 0
1.1837022304534912 -12 0
1.1903235912322998 -12 0
1.1967988014221191 -12 0
1.2034494876861572 -12 0
1.2101283073425293 -12 0
1.2157576084136963 -12 0
1.2220356464385986 -12 0
1.227565050125122 -12 0
1.2337403297424316 -12 0
1.2402591705322266 -12 0
1.2466933727264404 -12 0
1.2531812191009521 -12 0
1.259484052658081 -12 0
1.265125036239624 -12 0
1.2717547416687012 -12 0
1.277297019958496 -12 0
1.2835052013397217 -12 0
1.2900233268737793 -12 0
1.295595407485962 -12 0
1.302724838256836 -12 0
1.3093295097351074 -12 0
1.3147356510162354 -12 0
1.321457862854004 -12 0
1.3267295360565186 -12 0
1.333418369293213 -12 0
1.3399484157562256 -12 0
1.3454771041870117 -12 0
1.3526263236999512 -12 0
1.3591737747192383 -12 0
1.3646178245544434 -12 0
1.3713226318359375 -12 0
1.3766329288482666 -12 0
1.3830866813659668 -12 0
1.3894546031951904 -12 0
1.3956410884857178 -12 0
1.402747631072998 -12 0
1.4092693328857422 -12 0
1.4147186279296875 -12 0
1.421452283859253 -12 0
1.4267303943634033 -12 0
1.4331903457641602 -12 0
1.439697265625 -12 0
1.44516921043396 -12 0
1.4524998664855957 -12 0
1.4587821960449219 -12 0
1.464630365371704 -12 0
1.4713571071624756 -12 0
1.4767141342163086 -12 0
1.4831902980804443 -12 0
1.4903926849365234 -12 0
1.4960508346557617 -12 0
1.503368854522705 -12 0
1.5100855827331543 -12 0
1.5156731605529785 -12 0
1.5219569206237793 -12 0
1.5274760723114014 -12 0
1.5337042808532715 -12 0
1.5426959991455078 -12 0
1.5506694316864014 -12 0
1.5572988986968994 -12 0
1.5637195110321045 -12 0
1.5705089569091797 -12 0
1.5762033462524414 -12 0
1.582475185394287 -12 0
1.5890300273895264 -12 0
1.5946481227874756 -12 0
1.6024501323699951 -12 0
1.6090564727783203 -12 0
1.6145267486572266 -12 0
1.6211822032928467 -12 0
1.6265809535980225 -12 0
1.6336214542388916 -12 0
1.6401429176330566 -12 0
1.6457200050354004 -12 0
1.6520085334777832 -12 0
1.659397840499878 -12 0
1.6655092239379883 -12 0
1.67207932472229 -12 0
1.6775891780853271 -12 0
1.683945655822754 -12 0
1.6907331943511963 -12 0
1.6964032649993896 -12 0
1.7026426792144775 -12 0
1.710188388824463 -12 0
1.7157621383666992 -12 0
1.7222132682800293 -12 0
1.727769136428833 -12 0
1.7339611053466797 -12 0
1.7404732704162598 -12 0
1.7461414337158203 -12 0
1.7525653839111328 -12 0
1.7601683139801025 -12 0
1.765733003616333 -12 0
1.7720589637756348 -12 0
1.777573823928833 -12 0
1.783757209777832 -12 0
1.7903518676757812 -12 0
1.7960169315338135 -12 0
1.8022422790527344 -12 0
1.8099381923675537 -12 0
1.8154995441436768 -12 0
1.821890115737915 -12 0
1.8274080753326416 -12 0
1.833664894104004 -12 0
1.8401648998260498 -12 0
1.8457505702972412 -12 0
1.8522062301635742 -12 0
1.859710693359375 -12 0
1.8651645183563232 -12 0
1.8718204498291016 -12 0
1.8773465156555176 -12 0
1.883573055267334 -12 0
1.890082836151123 -12 0
1.8956639766693115 -12 0
1.9020154476165771 -12 0
1.909374713897705 -12 0
1.9147849082946777 -12 0
1.9214918613433838 -12 0
1.9267950057983398 -12 0
1.9334709644317627 -12 0
1.9399988651275635 -12 0
1.9502909183502197 -12 0
1.9560222625732422 -12 0
1.9633691310882568 -12 0
1.970066785812378 -12 0
1.9756581783294678 -12 0
1.9821484088897705 -12 0
1.9876625537872314 -12 0
1.9959516525268555 -12 0
2.002190589904785 -12 0
2.0094590187072754 -12 0
2.0151543617248535 -12 0
2.021622896194458 -12 0
2.0271546840667725 -12 0
2.0334277153015137 -12 0
2.0399625301361084 -12 0
2.045572519302368 -12 0
2.0520687103271484 -12 0
2.0575926303863525 -12 0
2.0647904872894287 -12 0
2.0767364501953125 -12 0
2.0832746028900146 -12 0
2.089780330657959 -12 0
2.0951852798461914 -12 0
2.101673126220703 -12 0
2.1072587966918945 -12 0
2.1146914958953857 -12 0
2.1214146614074707 -12 0
2.1267058849334717 -12 0
2.133730888366699 -12 0
2.1404013633728027 -12 0
2.1460399627685547 -12 0
2.152453660964966 -12 0
2.158740282058716 -12 0
2.1657116413116455 -12 0
2.1722140312194824 -12 0
2.177727460861206 -12 0
2.183990240097046 -12 0
2.190553665161133 -12 0
2.1962060928344727 -12 0
2.2024481296539307 -12 0
2.2086994647979736 -12 0
2.215596914291382 -12 0
2.2219271659851074 -12 0
2.2275164127349854 -12 0
2.2339186668395996 -12 0
2.2406721115112305 -12 0
2.246363878250122 -12 0
2.2525908946990967 -12 0
2.259108304977417 -12 0
2.265716075897217 -12 0
2.2720234394073486 -12 0
2.2775533199310303 -12 0
2.2837531566619873 -12 0
2.290477752685547 -12 0
2.29614520072937 -12 0
2.3024656772613525 -12 0
2.3087618350982666 -12 0
2.315652370452881 -12 0
2.3219597339630127 -12 0
2.3274645805358887 -12 0
2.333707332611084 -12 0
2.340223789215088 -12 0
2.350579261779785 -12 0
2.3562841415405273 -12 0
2.3627007007598877 -12 0
2.3704073429107666 -12 0
2.3761093616485596 -12 0
2.3823764324188232 -12 0
2.3882906436920166 -12 0
2.3941891193389893 -12 0
2.4005751609802246 -12 0
2.40620756149292 -12 0
2.412569284439087 -12 0
2.4200806617736816 -12 0
2.4256582260131836 -12 0
2.432515859603882 -12 0
2.439467191696167 -12 0
2.4453701972961426 -12 0
2.451978921890259 -12 0
2.4574742317199707 -12 0
2.4638426303863525 -12 0
2.471721649169922 -12 0
2.4772403240203857 -12 0
2.483469247817993 -12 0
2.490692377090454 -12 0
2.496351718902588 -12 0
2.5027921199798584 -12 0
2.509355306625366 -12 0
2.5147385597229004 -12 0
2.522278070449829 -12 0
2.5281901359558105 -12 0
2.534320116043091 -12 0
2.5407400131225586 -12 0
2.5463738441467285 -12 0
2.5526256561279297 -12 0
2.5591564178466797 -12 0
2.5645899772644043 -12 0
2.572012424468994 -12 0
2.5775210857391357 -12 0
2.5837485790252686 -12 0
2.590489387512207 -12 0
2.5961697101593018 -12 0
2.602386951446533 -12 0
2.6086630821228027 -12 0
2.6142191886901855 -12 0
2.6217010021209717 -12 0
2.627230167388916 -12 0
2.633601427078247 -12 0
2.6401658058166504 -12 0
2.645747184753418 -12 0
2.6521992683410645 -12 0
2.657726764678955 -12 0
2.6639387607574463 -12 0
2.6715776920318604 -12 0
2.677128791809082 -12 0
2.6834425926208496 -12 0
2.689986228942871 -12 0
2.695490598678589 -12 0
2.701895236968994 -12 0
2.7074358463287354 -12 0
2.7138304710388184 -12 0
2.7215428352355957 -12 0
2.7270445823669434 -12 0
2.7333340644836426 -12 0
2.7398688793182373 -12 0
2.750096082687378 -12 0
2.755709171295166 -12 0
2.7623069286346436 -12 0
2.7682082653045654 -12 0
2.7756259441375732 -12 0
2.782003164291382 -12 0
2.787505626678467 -12 0
2.7937800884246826 -12 0
2.8003227710723877 -12 0
2.805997371673584 -12 0
2.812228202819824 -12 0
2.817774772644043 -12 0
2.825183629989624 -12 0
2.8318281173706055 -12 0
2.837385416030884 -12 0
2.84359073638916 -12 0
2.8501272201538086 -12 0
2.8557143211364746 -12 0
2.862062931060791 -12 0
2.8675730228424072 -12 0
2.8748035430908203 -12 0
2.8815464973449707 -12 0
2.887050151824951 -12 0
2.8934834003448486 -12 0
2.900014877319336 -12 0
2.905625820159912 -12 0
2.911942720413208 -12 0
2.9174680709838867 -12 0
2.9246773719787598 -12 0
2.9314587116241455 -12 0
2.9367685317993164 -12 0
2.9432690143585205 -12 0
2.949923515319824 -12 0
2.955479860305786 -12 0
2.9618852138519287 -12 0
2.967411756515503 -12 0
2.9736902713775635 -12 0
2.981442451477051 -12 0
2.9866998195648193 -12 0
2.9931650161743164 -12 0
2.9994776248931885 -12 0
