0 0 0
8.320808410644531e-05 -3 0
0.009184837341308594 -2 3
0.019088029861450195 -2 22
0.02610921859741211 0 24
0.03430056571960449 2 65
0.04186296463012695 4 215
0.047403812408447266 6 272
0.053646087646484375 7 284
0.060216665267944336 9 266
0.06594729423522949 10 248
0.07221293449401855 10 248
0.07975172996520996 10 248
0.08537006378173828 10 248
0.09187889099121094 10 248
0.09744763374328613 10 248
0.10369324684143066 10 22
0.1104586124420166 10 22
0.1161353588104248 9 0
0.12236428260803223 9 -17
0.12989449501037598 9 -17
0.13557934761047363 9 -17
0.1419205665588379 9 -17
0.14745736122131348 9 -17
0.15397167205810547 9 -17
0.16040563583374023 9 -17
0.16614246368408203 9 -17
0.17238807678222656 9 -14
0.17895078659057617 9 -14
0.18570709228515625 9 -14
0.1919713020324707 9 -14
0.19751548767089844 9 -14
0.20371365547180176 9 -14
0.21043705940246582 9 -14
0.21611785888671875 9 -14
0.22237634658813477 9 -8
0.2289271354675293 9 -8
0.23558449745178223 9 -8
0.24213814735412598 9 -8
0.2484292984008789 9 -8
0.25398945808410645 9 -8
0.26041674613952637 9 -8
0.2661166191101074 9 -8
0.2727985382080078 9 -3
0.2791407108306885 9 -3
0.28581929206848145 9 -3
0.2920997142791748 9 -3
0.2984809875488281 9 -3
0.30413317680358887 9 -3
0.3104386329650879 9 -3
0.3161275386810303 9 -3
0.3223762512207031 9 0
0.3289070129394531 9 0
0.3356144428253174 9 0
0.3418903350830078 9 0
0.3473935127258301 9 0
0.35356998443603516 9 0
0.3601052761077881 9 0
0.3657076358795166 9 0
0.37302160263061523 9 0
0.3795125484466553 9 0
0.38590335845947266 9 0
0.3922996520996094 9 0
0.39881014823913574 9 0
0.40969038009643555 9 0
0.4152235984802246 9 0
0.4217565059661865 9 0
0.42722535133361816 9 0
0.4345536231994629 9 0
0.4412717819213867 9 0
0.446521520614624 9 0
0.45321178436279297 9 0
0.4597437381744385 9 0
0.465362548828125 9 0
0.4716298580169678 9 0
0.4771461486816406 9 0
0.48334193229675293 9 0
0.49147725105285645 9 0
0.4969916343688965 9 0
0.5034756660461426 9 0
0.5102112293243408 9 0
0.5158803462982178 9 0
0.5221168994903564 9 0
0.5280425548553467 9 0
0.533940315246582 9 0
0.5414812564849854 9 0
0.5469560623168945 9 0
0.5531916618347168 9 0
0.5597233772277832 9 0
0.5652327537536621 9 0
0.5717730522155762 9 0
0.5772902965545654 9 0
0.583488941192627 9 0
0.5911273956298828 9 0
0.5964021682739258 9 0
0.6028411388397217 9 0
0.6091294288635254 9 0
0.6145029067993164 9 0
0.6211967468261719 9 0
0.6264595985412598 9 0
0.6331164836883545 9 0
0.6403303146362305 9 0
0.6459658145904541 9 0
0.6521971225738525 9 0
0.6584146022796631 9 0
0.6638104915618896 9 0
0.6703107357025146 9 0
0.6759469509124756 9 0
0.6821565628051758 9 0
0.6898205280303955 9 0
0.6954038143157959 9 0
0.7017166614532471 9 0
0.707190752029419 9 0
0.7133548259735107 9 0
0.7198481559753418 9 0
0.7254290580749512 9 0
0.7317254543304443 9 0
0.7372064590454102 9 0
0.744417667388916 9 0
0.7512960433959961 9 0
0.756798505783081 9 0
0.7631900310516357 9 0
0.7696974277496338 9 0
0.7751967906951904 9 0
0.78155517578125 9 0
0.7871103286743164 9 0
0.794323205947876 9 0
0.8009829521179199 9 0
0.8113784790039062 9 0
0.8168830871582031 9 0
0.8232614994049072 9 0
0.8299143314361572 9 0
0.8354558944702148 9 0
0.8425562381744385 9 0
0.8490660190582275 9 0
0.8544540405273438 9 0
0.8611559867858887 9 0
0.866419792175293 9 0
0.8730762004852295 9 0
0.8796217441558838 9 0
0.8851077556610107 9 0
0.8924129009246826 9 0
0.8989989757537842 9 0
0.9043772220611572 9 0
0.910966157913208 9 0
0.9163167476654053 9 0
0.9225034713745117 9 0
0.929072380065918 9 0
0.9348881244659424 9 0
0.9413471221923828 9 0
0.9479882717132568 9 0
0.9537858963012695 9 0
0.9603047370910645 9 0
0.9659287929534912 9 0
0.972125768661499 9 0
0.9780054092407227 9 0
0.9839420318603516 9 0
0.990478515625 9 0
0.9970195293426514 9 0
1.0032336711883545 9 0
1.0100040435791016 9 0
1.015589714050293 9 0
1.022082805633545 9 0
1.0279638767242432 9 0
1.0337491035461426 9 0
1.0402379035949707 9 0
1.0469391345977783 9 0
1.0533185005187988 9 0
1.0598344802856445 9 0
1.0653843879699707 9 0
1.0716972351074219 9 0
1.0772006511688232 9 0
1.0833520889282227 9 0
1.0898377895355225 9 0
1.0963263511657715 9 0
1.1025567054748535 9 0
1.109060287475586 9 0
1.114823341369629 9 0
1.1212501525878906 9 0
1.126525640487671 9 0
1.1330459117889404 9 0
1.1395235061645508 9 0
1.1458489894866943 9 0
1.1523044109344482 9 0
1.1588129997253418 9 0
1.164196491241455 9 0
1.1709513664245605 9 0
1.176292896270752 9 0
1.1824545860290527 9 0
1.1889979839324951 9 0
1.1943833827972412 9 0
1.20180344581604 9 0
1.2120721340179443 9 0
1.2179536819458008 9 0
1.2240571975708008 9 0
1.2309768199920654 9 0
1.2363109588623047 9 0
1.2432379722595215 9 0
1.2510697841644287 9 0
1.2563650608062744 9 0
1.2629430294036865 9 0
1.2692384719848633 9 0
1.2749114036560059 9 0
1.2814929485321045 9 0
1.2869763374328613 9 0
1.2933423519134521 9 0
1.3009328842163086 9 0
1.3062829971313477 9 0
1.3124728202819824 9 0
1.3189823627471924 9 0
1.3243904113769531 9 0
1.3310766220092773 9 0
1.3363490104675293 9 0
1.3425524234771729 9 0
1.3500556945800781 9 0
1.3557443618774414 9 0
1.3619606494903564 9 0
1.3691930770874023 9 0
1.3747849464416504 9 0
1.3812463283538818 9 0
1.386530876159668 9 0
1.3929779529571533 9 0
1.399226188659668 9 0
1.4057691097259521 9 0
1.4121763706207275 9 0
1.4184625148773193 9 0
1.4240000247955322 9 0
1.4303884506225586 9 0
1.4360361099243164 9 0
1.4422917366027832 9 0
1.4488096237182617 9 0
1.4554142951965332 9 0
1.4617083072662354 9 0
1.4671988487243652 9 0
1.473587989807129 9 0
1.4800684452056885 9 0
1.4857170581817627 9 0
1.4919261932373047 9 0
1.497422695159912 9 0
1.504509449005127 9 0
1.5111849308013916 9 0
1.51643705368042 9 0
1.5229027271270752 9 0
1.529222011566162 9 0
1.5349912643432617 9 0
1.5416862964630127 9 0
1.5471842288970947 9 0
1.5543808937072754 9 0
1.5610771179199219 9 0
1.5663785934448242 9 0
1.572807788848877 9 0
1.5791001319885254 9 0
1.5844626426696777 9 0
1.5913467407226562 9 0
1.5965595245361328 9 0
1.6039507389068604 9 0
1.6139953136444092 9 0
1.620521068572998 9 0
1.6261518001556396 9 0
1.632493019104004 9 0
1.6389787197113037 9 0
1.6443908214569092 9 0
1.6512391567230225 9 0
1.657541036605835 9 0
1.6637110710144043 9 0
1.6703524589538574 9 0
1.676025152206421 9 0
1.6822564601898193 9 0
1.6885268688201904 9 0
1.6940464973449707 9 0
1.70047926902771 9 0
1.7071774005889893 9 0
1.713526964187622 9 0
1.7200593948364258 9 0
1.7257072925567627 9 0
1.731931447982788 9 0
1.7374098300933838 9 0
1.7435615062713623 9 0
1.7500743865966797 9 0
1.7565364837646484 9 0
1.7630274295806885 9 0
1.769667387008667 9 0
1.7751808166503906 9 0
1.7814950942993164 9 0
1.7884185314178467 9 0
1.793827772140503 9 0
1.8004686832427979 9 0
1.8071746826171875 9 0
1.8134040832519531 9 0
1.8198864459991455 9 0
1.8254525661468506 9 0
1.83186936378479 9 0
1.8373384475708008 9 0
1.8435266017913818 9 0
1.8500640392303467 9 0
1.8556222915649414 9 0
1.8629732131958008 9 0
1.8692388534545898 9 0
1.87483811378479 9 0
1.8813025951385498 9 0
1.8867833614349365 9 0
1.8931844234466553 9 0
1.8997910022735596 9 0
1.9053547382354736 9 0
1.912437915802002 9 0
1.9189517498016357 9 0
1.9249186515808105 9 0
1.931567907333374 9 0
1.9370977878570557 9 0
1.9432940483093262 9 0
1.9500000476837158 9 0
1.956031322479248 9 0
1.9632201194763184 9 0
1.9697208404541016 9 0
1.975184440612793 9 0
1.9815049171447754 9 0
1.9870295524597168 9 0
1.9949233531951904 9 0
2.001342535018921 9 0
2.012326955795288 9 0
2.0188546180725098 9 0
2.0244381427764893 9 0
2.0313093662261963 9 0
2.0365488529205322 9 0
2.043175458908081 9 0
2.0496625900268555 9 0
2.055184841156006 9 0
2.062481641769409 9 0
2.069018602371216 9 0
2.0745604038238525 9 0
2.081240653991699 9 0
2.086479663848877 9 0
2.0928919315338135 9 0
2.0992236137390137 9 0
2.104863166809082 9 0
2.111976146697998 9 0
2.117490530014038 9 0
2.1236772537231445 9 0
2.1303868293762207 9 0
2.136061429977417 9 0
2.1422624588012695 9 0
2.148547887802124 9 0
2.1541435718536377 9 0
2.1604697704315186 9 0
2.167201519012451 9 0
2.173400640487671 9 0
2.1799018383026123 9 0
2.185474395751953 9 0
2.19193172454834 9 0
2.1973960399627686 9 0
2.2035715579986572 9 0
2.2101011276245117 9 0
2.216557741165161 9 0
2.2229998111724854 9 0
2.229221820831299 9 0
2.241265296936035 9 0
2.2467992305755615 9 0
2.2531912326812744 9 0
2.259678840637207 9 0
2.2661643028259277 9 0
2.272416353225708 9 0
2.2789528369903564 9 0
2.2843270301818848 9 0
2.2909181118011475 9 0
2.296299934387207 9 0
2.3024768829345703 9 0
2.3090693950653076 9 0
2.3158793449401855 9 0
2.3222970962524414 9 0
2.328819751739502 9 0
2.3342056274414062 9 0
2.3404831886291504 9 0
2.346144437789917 9 0
2.352349281311035 9 0
2.358865737915039 9 0
2.3642807006835938 9 0
2.3724284172058105 9 0
2.378925085067749 9 0
2.384310722351074 9 0
2.3909287452697754 9 0
2.3962559700012207 9 0
2.4024946689605713 9 0
2.4118852615356445 9 0
2.420372724533081 9 0
2.4260201454162598 9 0
2.432513952255249 9 0
2.4390532970428467 9 0
2.4447755813598633 9 0
2.451395273208618 9 0
2.456914186477661 9 0
2.4631683826446533 9 0
2.470482110977173 9 0
2.4760968685150146 9 0
2.4823238849639893 9 0
2.488792657852173 9 0
2.494361162185669 9 0
2.500969648361206 9 0
2.506300210952759 9 0
2.5124573707580566 9 0
2.520479679107666 9 0
2.5261261463165283 9 0
2.5324759483337402 9 0
2.5390443801879883 9 0
2.544830322265625 9 0
2.5514330863952637 9 0
2.55698561668396 9 0
2.56316876411438 9 0
2.570422887802124 9 0
2.5761003494262695 9 0
2.582476854324341 9 0
2.5890424251556396 9 0
2.5944206714630127 9 0
2.6011528968811035 9 0
2.606409788131714 9 0
2.6130542755126953 9 0
2.619536876678467 9 0
2.6259522438049316 9 0
2.6321728229522705 9 0
2.6384246349334717 9 0
2.64398193359375 9 0
2.6503701210021973 9 0
2.656014919281006 9 0
2.6622161865234375 9 0
2.6684744358062744 9 0
2.6754212379455566 9 0
2.681699514389038 9 0
2.687169313430786 9 0
2.693368673324585 9 0
2.6998825073242188 9 0
2.705421209335327 9 0
2.711866855621338 9 0
2.7173216342926025 9 0
2.724506139755249 9 0
2.7313766479492188 9 0
2.736938953399658 9 0
2.7431371212005615 9 0
2.7496135234832764 9 0
2.7549867630004883 9 0
2.761451005935669 9 0
2.7669506072998047 9 0
2.774158239364624 9 0
2.7804982662200928 9 0
2.7869255542755127 9 0
2.7961413860321045 9 0
2.802534818649292 9 0
2.809065818786621 9 0
2.8198282718658447 9 0
2.8262975215911865 9 0
2.832893133163452 9 0
2.839207887649536 9 0
2.8451828956604004 9 0
2.8516693115234375 9 0
2.8572232723236084 9 0
2.8634235858917236 9 0
2.869947910308838 9 0
2.876415491104126 9 0
2.882842540740967 9 0
2.889155149459839 9 0
2.894507646560669 9 0
2.901221990585327 9 0
2.906482458114624 9 0
2.9130752086639404 9 0
2.919639825820923 9 0
2.92614483833313 9 0
2.9323480129241943 9 0
2.9388601779937744 9 0
2.9442780017852783 9 0
2.950523614883423 9 0
2.9562718868255615 9 0
2.962449073791504 9 0
2.9689390659332275 9 0
2.9744975566864014 9 0
2.9819648265838623 9 0
2.98748517036438 9 0
2.9936766624450684 9 0
