0 0 0
8.559226989746094e-05 2 0
0.010074138641357422 2 0
0.017577409744262695 2 0
0.02287769317626953 2 0
0.031000852584838867 2 0
0.03797292709350586 2 0
0.04495501518249512 2 0
0.05048322677612305 2 0
0.05730104446411133 2 0
0.06766819953918457 2 0
0.0729682445526123 2 0
0.07957339286804199 2 0
0.08681964874267578 2 0
0.09351444244384766 2 0
0.09974813461303711 2 0
0.1063084602355957 2 0
0.11191725730895996 2 0
0.11838626861572266 2 0
0.12394952774047852 2 0
0.13018441200256348 2 0
0.13668179512023926 2 0
0.1423649787902832 2 0
0.14966201782226562 2 0
0.15622663497924805 2 0
0.1617279052734375 2 0
0.1682872772216797 2 0
0.17381715774536133 2 0
0.18043923377990723 2 0
0.1868751049041748 2 0
0.19251036643981934 2 0
0.1997225284576416 2 0
0.2062375545501709 2 0
0.21182966232299805 2 0
0.2181544303894043 2 0
0.22373652458190918 2 0
0.23000168800354004 2 0
0.23676228523254395 2 0
0.24243640899658203 2 0
0.24956536293029785 2 0
0.2560873031616211 2 0
0.2615931034088135 2 0
0.2679743766784668 2 0
0.27347898483276367 2 0
0.279705286026001 2 0
0.28620457649230957 2 0
0.2916991710662842 2 0
0.29898643493652344 2 0
0.3055257797241211 2 0
0.31090736389160156 2 0
0.3175771236419678 2 0
0.3228609561920166 2 0
0.32932400703430176 2 0
0.33567214012145996 2 0
0.34130001068115234 2 0
0.3486018180847168 2 0
0.3545408248901367 2 0
0.36069750785827637 2 0
0.3670332431793213 2 0
0.3726809024810791 2 0
0.37885355949401855 2 0
0.3853874206542969 2 0
0.3907923698425293 2 0
0.3980889320373535 2 0
0.4036681652069092 2 0
0.4098503589630127 2 0
0.41654276847839355 2 0
0.422213077545166 2 0
0.4285728931427002 2 0
0.434467077255249 2 0
0.44031667709350586 2 0
0.44679784774780273 2 0
0.45352721214294434 2 0
0.4597775936126709 2 0
0.4698507785797119 2 0
0.47662901878356934 2 0
0.4822978973388672 2 0
0.4886631965637207 2 0
0.49494504928588867 2 0
0.5017549991607666 2 0
0.5081565380096436 2 0
0.5153458118438721 2 0
0.520761251449585 2 0
0.5274174213409424 2 0
0.532761812210083 2 0
0.5393822193145752 2 0
0.5456874370574951 2 0
0.5523829460144043 2 0
0.5587561130523682 2 0
0.5653114318847656 2 0
0.5707764625549316 2 0
0.5773851871490479 2 0
0.5827572345733643 2 0
0.5889451503753662 2 0
0.5954852104187012 2 0
0.6022994518280029 2 0
0.6085262298583984 2 0
0.6144208908081055 2 0
0.6202385425567627 2 0
0.6267056465148926 2 0
0.6323435306549072 2 0
0.6386125087738037 2 0
0.6444978713989258 2 0
0.6503012180328369 2 0
0.6581673622131348 2 0
0.6637225151062012 2 0
0.6699464321136475 2 0
0.6765570640563965 2 0
0.6822290420532227 2 0
0.6885955333709717 2 0
0.6944818496704102 2 0
0.7003276348114014 2 0
0.7079918384552002 2 0
0.7134890556335449 2 0
0.7198500633239746 2 0
0.7263767719268799 2 0
0.7319602966308594 2 0
0.738243579864502 2 0
0.7437362670898438 2 0
0.7499268054962158 2 0
0.7576446533203125 2 0
0.7629423141479492 2 0
0.7694323062896729 2 0
0.7757241725921631 2 0
0.7814929485321045 2 0
0.7880003452301025 2 0
0.7934901714324951 2 0
0.7997393608093262 2 0
0.8069713115692139 2 0
0.8126280307769775 2 0
0.8190233707427979 2 0
0.8255534172058105 2 0
0.8309438228607178 2 0
0.8378164768218994 2 0
0.8433656692504883 2 0
0.8495714664459229 2 0
0.8567924499511719 2 0
0.8624475002288818 2 0
0.8728876113891602 2 0
0.8795154094696045 2 0
0.8861150741577148 2 0
0.8916523456573486 2 0
0.8983075618743896 2 0
0.9038240909576416 2 0
0.9110133647918701 2 0
0.9179813861846924 2 0
0.9234833717346191 2 0
0.9297375679016113 2 0
0.9362530708312988 2 0
0.9418575763702393 2 0
0.948314905166626 2 0
0.9538636207580566 2 0
0.9614384174346924 2 0
0.9678730964660645 2 0
0.9733743667602539 2 0
0.9795753955841064 2 0
0.9861209392547607 2 0
0.9916336536407471 2 0
0.9979760646820068 2 0
1.0034637451171875 2 0
1.0105624198913574 2 0
1.0174217224121094 2 0
1.0227832794189453 2 0
1.0289790630340576 2 0
1.0354928970336914 2 0
1.0409111976623535 2 0
1.0476617813110352 2 0
1.0529217720031738 2 0
1.0602045059204102 2 0
1.066701889038086 2 0
1.0723624229431152 2 0
1.0788004398345947 2 0
1.0852794647216797 2 0
1.0907018184661865 2 0
1.0970063209533691 2 0
1.1026558876037598 2 0
1.109874963760376 2 0
1.1163928508758545 2 0
1.1219673156738281 2 0
1.1282896995544434 2 0
1.1337947845458984 2 0
1.1401629447937012 2 0
1.1466736793518066 2 0
1.1523349285125732 2 0
1.1586289405822754 2 0
1.1662013530731201 2 0
1.1717047691345215 2 0
1.178009271621704 2 0
1.183487892150879 2 0
1.1897034645080566 2 0
1.1963813304901123 2 0
1.2019691467285156 2 0
1.2084195613861084 2 0
1.2160215377807617 2 0
1.2214336395263672 2 0
1.2278892993927002 2 0
1.2333695888519287 2 0
1.2396867275238037 2 0
1.246222972869873 2 0
1.2516908645629883 2 0
1.2581849098205566 2 0
1.2682151794433594 2 0
1.2761287689208984 2 0
1.2816781997680664 2 0
1.288182020187378 2 0
1.2936720848083496 2 0
1.3000648021697998 2 0
1.3065826892852783 2 0
1.3129827976226807 2 0
1.319641351699829 2 0
1.3261680603027344 2 0
1.3316879272460938 2 0
1.3382072448730469 2 0
1.3437035083770752 2 0
1.3498680591583252 2 0
1.3563928604125977 2 0
1.3619582653045654 2 0
1.3689796924591064 2 0
1.3755016326904297 2 0
1.3810298442840576 2 0
1.387735366821289 2 0
1.3929967880249023 2 0
1.399444341659546 2 0
1.405712366104126 2 0
1.4113099575042725 2 0
1.4184551239013672 2 0
1.4239706993103027 2 0
1.4301655292510986 2 0
1.436812400817871 2 0
1.4424660205841064 2 0
1.4486973285675049 2 0
1.4549400806427002 2 0
1.4604566097259521 2 0
1.468196153640747 2 0
1.4737470149993896 2 0
1.47996187210083 2 0
1.4865648746490479 2 0
1.4922277927398682 2 0
1.4985790252685547 2 0
1.504460334777832 2 0
1.5102789402008057 2 0
1.5186278820037842 2 0
1.5245397090911865 2 0
1.5304474830627441 2 0
1.5368475914001465 2 0
1.5424678325653076 2 0
1.5487115383148193 2 0
1.554957389831543 2 0
1.5607945919036865 2 0
1.568293571472168 2 0
1.5738105773925781 2 0
1.5799810886383057 2 0
1.586524248123169 2 0
1.5920822620391846 2 0
1.5985784530639648 2 0
1.6044645309448242 2 0
1.610438346862793 2 0
1.6181411743164062 2 0
1.6237385272979736 2 0
1.6299171447753906 2 0
1.6364004611968994 2 0
1.641937017440796 2 0
1.6482243537902832 2 0
1.6536948680877686 2 0
1.6599030494689941 2 0
1.670506238937378 2 0
1.6774859428405762 2 0
1.6828629970550537 2 0
1.6894774436950684 2 0
1.6957433223724365 2 0
1.7016310691833496 2 0
1.7079949378967285 2 0
1.7134792804718018 2 0
1.7207119464874268 2 0
1.7275805473327637 2 0
1.7328579425811768 2 0
1.7394459247589111 2 0
1.7457149028778076 2 0
1.7513351440429688 2 0
1.757796049118042 2 0
1.7630410194396973 2 0
1.7701141834259033 2 0
1.776660442352295 2 0
1.7823054790496826 2 0
1.788527488708496 2 0
1.7940459251403809 2 0
1.800541639328003 2 0
1.8069074153900146 2 0
1.8125605583190918 2 0
1.8188350200653076 2 0
1.8264110088348389 2 0
1.8319785594940186 2 0
1.8382635116577148 2 0
1.8438165187835693 2 0
1.8500277996063232 2 0
1.8567543029785156 2 0
1.862403392791748 2 0
1.8686063289642334 2 0
1.8761324882507324 2 0
1.881639003753662 2 0
1.8880414962768555 2 0
1.8935353755950928 2 0
1.8997526168823242 2 0
1.906280517578125 2 0
1.9118549823760986 2 0
1.9183285236358643 2 0
1.9255990982055664 2 0
1.931027889251709 2 0
1.93768310546875 2 0
1.9429452419281006 2 0
1.9494214057922363 2 0
1.9557065963745117 2 0
1.961397409439087 2 0
1.9678122997283936 2 0
1.9744179248809814 2 0
1.9805283546447754 2 0
1.9870615005493164 2 0
1.9949359893798828 2 0
2.000483989715576 2 0
2.006880521774292 2 0
2.012526035308838 2 0
2.0187649726867676 2 0
2.02628493309021 2 0
2.0318338871002197 2 0
2.0383148193359375 2 0
2.0438382625579834 2 0
2.0500309467315674 2 0
2.0565671920776367 2 0
2.0622079372406006 2 0
2.07234525680542 2 0
2.079716444015503 2 0
2.086362361907959 2 0
2.0919299125671387 2 0
2.0984606742858887 2 0
2.103992462158203 2 0
2.1102054119110107 2 0
2.116854667663574 2 0
2.1224730014801025 2 0
2.129730463027954 2 0
2.136232376098633 2 0
2.1417253017425537 2 0
2.1480982303619385 2 0
2.1536459922790527 2 0
2.1600117683410645 2 0
2.1665406227111816 2 0
2.1722030639648438 2 0
2.179417848587036 2 0
2.1857316493988037 2 0
2.1913323402404785 2 0
2.1977603435516357 2 0
2.203038215637207 2 0
2.209480047225952 2 0
2.21614146232605 2 0
2.221721887588501 2 0
2.2288665771484375 2 0
2.235450029373169 2 0
2.240847587585449 2 0
2.2477169036865234 2 0
2.268310070037842 2 0
2.2738749980926514 2 0
2.2814693450927734 2 0
2.2878949642181396 2 0
2.2933921813964844 2 0
2.2996551990509033 2 0
2.3061821460723877 2 0
2.311692714691162 2 0
2.3180456161499023 2 0
2.3235645294189453 2 0
2.3308122158050537 2 0
2.3376758098602295 2 0
2.342939853668213 2 0
2.3493313789367676 2 0
2.355637550354004 2 0
2.361023426055908 2 0
2.367708683013916 2 0
2.3729944229125977 2 0
2.380253791809082 2 0
2.386805534362793 2 0
2.3924458026885986 2 0
2.398811101913452 2 0
2.405280590057373 2 0
2.4107043743133545 2 0
2.4170234203338623 2 0
2.422656774520874 2 0
2.428896903991699 2 0
2.4364023208618164 2 0
2.441986322402954 2 0
2.4482638835906982 2 0
2.4537734985351562 2 0
2.460156202316284 2 0
2.4666755199432373 2 0
2.476970672607422 2 0
2.483592987060547 2 0
2.489957571029663 2 0
2.496734857559204 2 0
2.502397298812866 2 0
2.5087738037109375 2 0
2.5163686275482178 2 0
2.5219171047210693 2 0
2.5282676219940186 2 0
2.5355589389801025 2 0
2.540938138961792 2 0
2.547668695449829 2 0
2.5529489517211914 2 0
2.5593974590301514 2 0
2.565741539001465 2 0
2.571337938308716 2 0
2.577922821044922 2 0
2.584977149963379 2 0
2.5904996395111084 2 0
2.5969038009643555 2 0
2.602909564971924 2 0
2.6096432209014893 2 0
2.616180896759033 2 0
2.6216800212860107 2 0
2.627981424331665 2 0
2.6352782249450684 2 0
2.6409573554992676 2 0
2.6476500034332275 2 0
2.6529409885406494 2 0
2.6594045162200928 2 0
2.665715456008911 2 0
2.671337604522705 2 0
2.677751064300537 2 0
2.683018684387207 2 0
2.690235137939453 2 0
2.6969470977783203 2 0
2.7026233673095703 2 0
2.708845853805542 2 0
2.7153522968292236 2 0
2.720761299133301 2 0
2.727400779724121 2 0
2.7327396869659424 2 0
2.739816188812256 2 0
2.7462968826293945 2 0
2.7518601417541504 2 0
2.758328676223755 2 0
2.763824701309204 2 0
2.77020525932312 2 0
2.776693105697632 2 0
2.7823281288146973 2 0
2.7895872592926025 2 0
2.796097755432129 2 0
2.8014774322509766 2 0
2.807894468307495 2 0
2.813436985015869 2 0
2.8198041915893555 2 0
2.8263161182403564 2 0
2.831895589828491 2 0
2.838982582092285 2 0
2.845566987991333 2 0
2.8509573936462402 2 0
2.857653856277466 2 0
2.8629326820373535 2 0
2.871978759765625 2 0
2.879570722579956 2 0
2.8862266540527344 2 0
2.89262056350708 2 0
2.8993422985076904 2 0
2.9056646823883057 2 0
2.9110214710235596 2 0
2.917706251144409 2 0
2.9229602813720703 2 0
2.929405927658081 2 0
2.9357011318206787 2 0
2.942610025405884 2 0
2.9488322734832764 2 0
2.9553580284118652 2 0
2.9607784748077393 2 0
2.9674220085144043 2 0
2.972752571105957 2 0
2.9789373874664307 2 0
2.9854846000671387 2 0
2.9921233654022217 2 0
2.9985759258270264 2 0
