0 0 0
7.867813110351562e-05 -3122 0
0.007730960845947266 -3122 0
0.014081716537475586 -3121 8
0.02089071273803711 -3120 67
0.02934432029724121 -3118 39
0.034917593002319336 -3117 34
0.041361093521118164 -3115 226
0.04883861541748047 -3113 289
0.05431509017944336 -3110 327
0.06186699867248535 -3108 363
0.06974244117736816 -3104 389
0.07537627220153809 -3101 414
0.08280539512634277 -3099 445
0.09018373489379883 -3095 469
0.09591102600097656 -3091 489
0.10328269004821777 -3087 510
0.11129283905029297 -3084 521
0.11865925788879395 -3080 540
0.12417244911193848 -3076 556
0.1319413185119629 -3072 567
0.13869905471801758 -3068 575
0.14635634422302246 -3063 585
0.152923583984375 -3060 592
0.1595151424407959 -3054 596
0.16709542274475098 -3051 601
0.17339730262756348 -3047 611
0.17999696731567383 -3043 619
0.18836092948913574 -3038 623
0.19423484802246094 -3033 624
0.20095086097717285 -3031 627
0.2062537670135498 -3026 628
0.2137458324432373 -3020 633
0.22138094902038574 -3017 635
0.22874784469604492 -3013 636
0.2341938018798828 -3008 641
0.24196076393127441 -3004 644
0.24976062774658203 -2999 646
0.25542378425598145 -2994 650
0.26285886764526367 -2991 652
0.27027273178100586 -2986 649
0.27596068382263184 -2980 650
0.2833080291748047 -2975 649
0.291104793548584 -2972 649
0.29780006408691406 -2968 654
0.303821325302124 -2962 654
0.3116328716278076 -2958 656
0.31924962997436523 -2954 658
0.32473301887512207 -2949 661
0.3321189880371094 -2945 660
0.33974575996398926 -2940 659
0.3453230857849121 -2934 657
0.3527834415435791 -2932 654
0.35957956314086914 -2925 656
0.36724162101745605 -2921 660
0.3782846927642822 -2915 660
0.3841700553894043 -2910 660
0.3919086456298828 -2906 661
0.3996906280517578 -2900 662
0.4053318500518799 -2895 659
0.41279172897338867 -2892 658
0.4201812744140625 -2887 657
0.4259064197540283 -2882 658
0.4334232807159424 -2878 661
0.4400193691253662 -2874 664
0.4457376003265381 -2870 666
0.45201802253723145 -2866 663
0.4583323001861572 -2862 663
0.4639894962310791 -2858 660
0.47060632705688477 -2854 660
0.47607922554016113 -2848 660
0.4832930564880371 -2845 659
0.4900827407836914 -2841 658
0.49581027030944824 -2837 657
0.5022804737091064 -2833 660
0.5088610649108887 -2829 665
0.5142769813537598 -2824 667
0.5210428237915039 -2821 665
0.5263426303863525 -2816 662
0.5337846279144287 -2812 660
0.5402166843414307 -2808 661
0.5459072589874268 -2804 661
0.5523338317871094 -2800 660
0.5589148998260498 -2796 660
0.5643491744995117 -2790 659
0.5710883140563965 -2788 661
0.5766487121582031 -2782 663
0.5837843418121338 -2778 665
0.5902683734893799 -2774 666
0.5959651470184326 -2770 661
0.6022293567657471 -2765 659
0.6098721027374268 -2761 659
0.6155946254730225 -2757 660
0.6218228340148926 -2753 662
0.627722978591919 -2748 661
0.6351408958435059 -2744 664
0.6414997577667236 -2740 663
0.6470575332641602 -2736 665
0.6533010005950928 -2732 664
0.659869909286499 -2728 665
0.6655817031860352 -2724 660
0.6720240116119385 -2720 660
0.6783270835876465 -2715 656
0.6851773262023926 -2711 660
0.6915338039398193 -2707 661
0.6970713138580322 -2703 667
0.7033736705780029 -2699 666
0.7099776268005371 -2695 665
0.715703010559082 -2691 663
0.7219665050506592 -2687 664
0.7283251285552979 -2682 662
0.7354233264923096 -2678 661
0.7417654991149902 -2674 659
0.7473020553588867 -2670 659
0.7535519599914551 -2666 659
0.7603108882904053 -2662 665
0.7659969329833984 -2658 668
0.7727870941162109 -2650 664
0.7841732501983643 -2644 661
0.7912123203277588 -2642 660
0.7967965602874756 -2636 660
0.8031871318817139 -2633 660
0.8097498416900635 -2629 660
0.815403938293457 -2625 660
0.8217504024505615 -2621 661
0.8273138999938965 -2617 662
0.8347902297973633 -2612 666
0.841362714767456 -2608 664
0.8469095230102539 -2604 663
0.8533270359039307 -2600 660
0.8598959445953369 -2596 661
0.8656187057495117 -2592 659
0.87190842628479 -2588 661
0.8782272338867188 -2584 661
0.8838136196136475 -2578 664
0.8915755748748779 -2574 664
0.8971397876739502 -2570 664
0.9033958911895752 -2566 666
0.9101254940032959 -2562 668
0.9157884120941162 -2558 665
0.9220333099365234 -2554 662
0.9286558628082275 -2550 659
0.9341108798980713 -2545 659
0.9416007995605469 -2541 659
0.9471609592437744 -2537 664
0.9534108638763428 -2533 664
0.9599854946136475 -2529 664
0.9657080173492432 -2525 664
0.9721560478210449 -2521 664
0.9787189960479736 -2517 665
0.984215259552002 -2512 663
0.9917747974395752 -2508 661
0.9973053932189941 -2504 657
