0 0 0
0.0004620552062988281 -4776 0
0.008202791213989258 -4776 0
0.014605283737182617 -4776 0
0.020531415939331055 -4776 -2
0.02888202667236328 -4776 -2
0.035553693771362305 -4777 -17
0.04224085807800293 -4778 -47
0.048352718353271484 -4778 -78
0.05812573432922363 -4779 -92
0.06446504592895508 -4780 -99
0.06999492645263672 -4780 -99
0.07650256156921387 -4782 -108
0.08492088317871094 -4782 -116
0.09155011177062988 -4783 -126
0.09699368476867676 -4784 -131
0.10453629493713379 -4785 -138
0.11233854293823242 -4786 -140
0.11799931526184082 -4788 -144
0.12543106079101562 -4788 -147
0.13284802436828613 -4789 -148
0.13855338096618652 -4791 -152
0.15129399299621582 -4792 -155
0.15845322608947754 -4793 -156
0.16488218307495117 -4795 -158
0.1740248203277588 -4796 -159
0.17964410781860352 -4797 -159
0.18587565422058105 -4798 -160
0.1944563388824463 -4799 -161
0.20161032676696777 -4800 -164
0.20746445655822754 -4802 -165
0.21480417251586914 -4802 -163
0.2224128246307373 -4804 -163
0.22799181938171387 -4805 -163
0.23793578147888184 -4806 -165
0.2442915439605713 -4807 -165
0.2498767375946045 -4808 -165
0.2560875415802002 -4810 -165
0.2646918296813965 -4811 -164
0.2709958553314209 -4812 -165
0.27666521072387695 -4813 -165
0.2850222587585449 -4814 -167
0.29163122177124023 -4815 -168
0.297466516494751 -4816 -168
0.304811954498291 -4817 -167
0.3126077651977539 -4819 -167
0.3229193687438965 -4821 -167
0.33161473274230957 -4822 -167
0.3376452922821045 -4823 -168
0.34423303604125977 -4824 -167
0.3529624938964844 -4826 -169
0.3586392402648926 -4826 -167
0.3649146556854248 -4828 -167
0.37372732162475586 -4829 -166
0.37901949882507324 -4830 -166
0.38553738594055176 -4831 -166
0.39290428161621094 -4832 -166
0.39861106872558594 -4834 -164
0.4060032367706299 -4835 -165
0.41404223442077637 -4836 -165
0.42145586013793945 -4837 -166
0.42690205574035645 -4838 -165
0.4342212677001953 -4839 -167
0.43975281715393066 -4840 -166
0.44600510597229004 -4841 -164
0.4525468349456787 -4842 -165
0.45822715759277344 -4843 -165
0.46464037895202637 -4844 -166
0.47214722633361816 -4846 -167
0.47775936126708984 -4846 -168
0.48415708541870117 -4848 -168
0.48972272872924805 -4848 -167
0.49601078033447266 -4850 -168
0.5026040077209473 -4850 -166
0.5083191394805908 -4852 -167
0.5145697593688965 -4852 -169
0.5205626487731934 -4854 -167
0.5276496410369873 -4855 -168
0.5342416763305664 -4858 -167
0.5509970188140869 -4858 -167
0.5570330619812012 -4860 -167
0.5656356811523438 -4861 -167
0.5722620487213135 -4862 -167
0.5787780284881592 -4864 -166
0.5884819030761719 -4865 -166
0.5949273109436035 -4866 -167
0.601515531539917 -4867 -167
0.6069636344909668 -4868 -168
0.6155955791473389 -4869 -167
0.622185468673706 -4870 -166
0.6286242008209229 -4872 -166
0.6360070705413818 -4873 -167
0.6438186168670654 -4874 -167
0.6505112648010254 -4875 -168
0.6568338871002197 -4876 -167
0.6644635200500488 -4878 -166
0.6720790863037109 -4879 -166
0.6786074638366699 -4880 -166
0.6916084289550781 -4882 -166
0.6983096599578857 -4883 -165
0.7053842544555664 -4884 -165
0.7135839462280273 -4886 -165
0.7240157127380371 -4888 -165
0.7330079078674316 -4889 -166
0.7386965751647949 -4890 -167
0.7458109855651855 -4891 -167
0.7525594234466553 -4892 -168
0.7582545280456543 -4893 -167
0.7644963264465332 -4894 -167
0.7700295448303223 -4895 -167
0.7783827781677246 -4896 -168
0.7846577167510986 -4898 -169
0.7909514904022217 -4898 -169
0.796501636505127 -4900 -169
0.8029656410217285 -4900 -167
0.8086450099945068 -4902 -167
0.8149206638336182 -4902 -167
0.8215022087097168 -4904 -167
0.8282694816589355 -4905 -168
0.8347072601318359 -4906 -168
0.841001033782959 -4907 -167
0.846696138381958 -4908 -166
0.8535892963409424 -4909 -166
0.8589468002319336 -4910 -165
0.8654477596282959 -4911 -166
0.871995210647583 -4912 -166
0.8784871101379395 -4914 -165
0.8856594562530518 -4914 -166
0.8923797607421875 -4916 -166
0.897996187210083 -4917 -166
0.9043183326721191 -4918 -165
0.909876823425293 -4919 -166
0.9161291122436523 -4920 -167
0.922720193862915 -4921 -167
0.9294648170471191 -4922 -167
0.9357409477233887 -4923 -166
0.9423325061798096 -4924 -165
0.9479677677154541 -4925 -165
0.9545009136199951 -4926 -166
0.9600446224212646 -4927 -167
0.966259241104126 -4928 -167
0.9728500843048096 -4929 -168
0.9785399436950684 -4930 -166
0.9860327243804932 -4931 -166
0.992579460144043 -4932 -164
0.9983234405517578 -4933 -167
