0 0 0
7.748603820800781e-05 -4941 0
0.007420539855957031 -4940 2
0.013929605484008789 -4940 2
0.020445823669433594 -4940 6
0.027760744094848633 -4940 6
0.03656935691833496 -4939 13
0.042258501052856445 -4939 55
0.0486757755279541 -4938 75
0.056908607482910156 -4937 47
0.06553959846496582 -4936 89
0.07099652290344238 -4936 89
0.07777118682861328 -4935 113
0.08618760108947754 -4934 117
0.09171366691589355 -4933 130
0.09827136993408203 -4932 132
0.10570287704467773 -4931 139
0.11145830154418945 -4930 141
0.11886763572692871 -4929 145
0.1266336441040039 -4928 147
0.13235759735107422 -4926 152
0.1397709846496582 -4926 155
0.1475539207458496 -4924 156
0.1538550853729248 -4923 158
0.16281890869140625 -4922 159
0.16936969757080078 -4921 160
0.17593979835510254 -4920 161
0.18360066413879395 -4918 163
0.18984222412109375 -4918 164
0.19643044471740723 -4916 164
0.20398926734924316 -4915 164
0.21024608612060547 -4914 164
0.21698880195617676 -4913 164
0.22268033027648926 -4912 164
0.23005151748657227 -4910 166
0.2378370761871338 -4910 166
0.24497509002685547 -4908 166
0.2507040500640869 -4907 165
0.2584571838378906 -4906 165
0.2660861015319824 -4905 166
0.2763957977294922 -4903 168
0.28445982933044434 -4902 168
0.29070258140563965 -4901 167
0.29758167266845703 -4900 167
0.3060293197631836 -4898 168
0.31162214279174805 -4897 169
0.3180661201477051 -4896 169
0.3265087604522705 -4895 170
0.33219218254089355 -4894 170
0.33860254287719727 -4893 169
0.34625935554504395 -4891 170
0.35188817977905273 -4890 170
0.35931897163391113 -4889 170
0.36674046516418457 -4888 170
0.37247347831726074 -4886 171
0.37984323501586914 -4885 170
0.38781285285949707 -4884 169
0.3945314884185791 -4883 168
0.40087437629699707 -4882 167
0.4084901809692383 -4881 168
0.4161033630371094 -4880 168
0.42170166969299316 -4878 168
0.4289975166320801 -4878 167
0.4366474151611328 -4876 167
0.44235897064208984 -4875 168
0.44971275329589844 -4874 168
0.4564967155456543 -4873 168
0.46221232414245605 -4872 168
0.4684460163116455 -4871 168
0.474015474319458 -4870 168
0.48021960258483887 -4869 168
0.4868001937866211 -4868 168
0.49249768257141113 -4866 169
0.49976277351379395 -4865 169
0.5063598155975342 -4864 170
0.5119621753692627 -4863 168
0.5184950828552246 -4862 167
0.5244126319885254 -4861 167
0.5304374694824219 -4860 168
0.5369093418121338 -4859 168
0.5426242351531982 -4858 168
0.5499246120452881 -4857 168
0.556490421295166 -4856 168
0.5621919631958008 -4855 168
0.5684463977813721 -4854 168
0.5740299224853516 -4853 169
0.5806877613067627 -4852 169
0.5870070457458496 -4851 171
0.5926773548126221 -4850 170
0.6000490188598633 -4848 169
0.6067047119140625 -4848 170
0.6124258041381836 -4846 169
0.6187088489532471 -4845 169
0.6253128051757812 -4844 169
0.6307871341705322 -4843 170
0.6377272605895996 -4842 169
0.643035888671875 -4841 169
0.6506979465484619 -4840 169
0.6573801040649414 -4839 168
0.662804126739502 -4838 168
0.6693069934844971 -4836 168
0.6793887615203857 -4835 168
0.68572998046875 -4834 167
0.6916563510894775 -4833 167
0.6993284225463867 -4832 166
0.7057106494903564 -4831 166
0.7114083766937256 -4830 167
0.7179605960845947 -4828 167
0.7235071659088135 -4828 168
0.7297892570495605 -4826 168
0.7363533973693848 -4826 167
0.7419826984405518 -4824 168
0.7483205795288086 -4824 167
0.7557287216186523 -4822 168
0.7616369724273682 -4821 170
0.7680537700653076 -4820 170
0.7736489772796631 -4819 169
0.7800867557525635 -4818 169
0.7866477966308594 -4817 169
0.7923803329467773 -4816 168
0.7986812591552734 -4815 168
0.8063209056854248 -4814 170
0.8119416236877441 -4813 169
0.8184447288513184 -4812 169
0.8239912986755371 -4810 169
0.8303115367889404 -4810 168
0.8368456363677979 -4808 168
0.8425703048706055 -4808 168
0.8488631248474121 -4806 169
0.8564419746398926 -4805 169
0.8620724678039551 -4804 169
0.868424654006958 -4803 169
0.8739678859710693 -4802 169
0.8804776668548584 -4801 169
0.886948823928833 -4800 169
0.892632246017456 -4799 169
0.8989171981811523 -4798 170
0.9067330360412598 -4797 169
0.912442684173584 -4796 169
0.9187572002410889 -4795 167
0.9253189563751221 -4794 166
0.9307653903961182 -4793 168
0.9376516342163086 -4792 168
0.9429519176483154 -4790 168
0.9494876861572266 -4789 168
0.9568216800689697 -4788 167
0.9625632762908936 -4787 167
0.9688608646392822 -4786 166
0.9754471778869629 -4785 166
0.980938196182251 -4784 166
0.9877104759216309 -4783 167
0.9930014610290527 -4782 168
0.9996898174285889 -4781 168
