0 0 0
8.392333984375e-05 1 0
0.008704185485839844 1 0
0.014201641082763672 1 7
0.020762205123901367 2 15
0.028578758239746094 3 38
0.036010026931762695 4 18
0.041726112365722656 4 58
0.04868435859680176 5 111
0.0542600154876709 6 113
0.06079983711242676 6 113
0.06725287437438965 6 113
0.0729210376739502 6 113
0.07918477058410645 6 113
0.08721542358398438 6 113
0.09293246269226074 6 113
0.09917593002319336 6 113
0.10576248168945312 6 24
0.11133623123168945 6 24
0.11806511878967285 6 24
0.12364697456359863 6 24
0.1298995018005371 6 24
0.13718962669372559 6 24
0.142913818359375 6 24
0.14915966987609863 6 24
0.15575289726257324 6 9
0.16122961044311523 6 9
0.16814899444580078 6 9
0.17369866371154785 6 9
0.1799924373626709 6 9
0.18666434288024902 6 9
0.19315767288208008 6 9
0.1996455192565918 6 9
0.205963134765625 6 3
0.21157193183898926 6 3
0.21805930137634277 6 3
0.223602294921875 6 3
0.2300124168395996 6 3
0.2420485019683838 6 3
0.24859881401062012 6 3
0.2541320323944092 6 0
0.2604856491088867 6 0
0.26714015007019043 6 0
0.272799015045166 6 0
0.27903103828430176 6 0
0.2853515148162842 6 0
0.29239320755004883 6 0
0.2987785339355469 6 0
0.30426454544067383 6 0
0.310483455657959 6 0
0.3171570301055908 6 0
0.3228294849395752 6 0
0.3290696144104004 6 0
0.3355679512023926 6 0
0.3421504497528076 6 0
0.34860992431640625 6 0
0.3541440963745117 6 0
0.3603174686431885 6 0
0.36684513092041016 6 0
0.3725552558898926 6 0
0.3787975311279297 6 0
0.38430190086364746 6 0
0.39172983169555664 6 0
0.3982114791870117 6 0
0.4037299156188965 6 0
0.4102060794830322 6 0
0.4166750907897949 6 0
0.42221832275390625 6 0
0.42851758003234863 6 0
0.43402934074401855 6 0
0.44025349617004395 6 0
0.4486987590789795 6 0
0.4541947841644287 6 0
0.46041035652160645 6 0
0.46712660789489746 6 0
0.47275280952453613 6 0
0.4789707660675049 6 0
0.48520898818969727 6 0
0.4907376766204834 6 0
0.4982306957244873 6 0
0.5037407875061035 6 0
0.5099639892578125 6 0
0.5164787769317627 6 0
0.5219664573669434 6 0
0.5285003185272217 6 0
0.533994197845459 6 0
0.5402333736419678 6 0
0.5480048656463623 6 0
0.5533182621002197 6 0
0.5598022937774658 6 0
0.5663259029388428 6 0
0.5717239379882812 6 0
0.5783512592315674 6 0
0.5838887691497803 6 0
0.5902609825134277 6 0
0.5979771614074707 6 0
0.6032357215881348 6 0
0.6097426414489746 6 0
0.616018533706665 6 0
0.6216254234313965 6 0
0.6280465126037598 6 0
0.6333284378051758 6 0
0.6432812213897705 6 0
0.6508469581604004 6 0
0.6576766967773438 6 0
0.6630303859710693 6 0
0.6696293354034424 6 0
0.6759772300720215 6 0
0.6816244125366211 6 0
0.6880590915679932 6 0
0.6936004161834717 6 0
0.700463056564331 6 0
0.707148551940918 6 0
0.7128162384033203 6 0
0.7190456390380859 6 0
0.7256026268005371 6 0
0.7309963703155518 6 0
0.7372820377349854 6 0
0.7429502010345459 6 0
0.7501111030578613 6 0
0.7566440105438232 6 0
0.7621979713439941 6 0
0.7686481475830078 6 0
0.7741396427154541 6 0
0.7803142070770264 6 0
0.7868432998657227 6 0
0.7924821376800537 6 0
0.799790620803833 6 0
0.8062758445739746 6 0
0.8117160797119141 6 0
0.8181509971618652 6 0
0.823676586151123 6 0
0.8300266265869141 6 0
0.836714506149292 6 0
0.8422927856445312 6 0
0.8492662906646729 6 0
0.8558351993560791 6 0
0.8612298965454102 6 0
0.8679506778717041 6 0
0.8732187747955322 6 0
0.8796181678771973 6 0
0.8858897686004639 6 0
0.891679048538208 6 0
0.8981645107269287 6 0
0.9052426815032959 6 0
0.9109504222869873 6 0
0.9172661304473877 6 0
0.9228990077972412 6 0
0.9291267395019531 6 0
0.9356226921081543 6 0
0.9410016536712646 6 0
0.947765588760376 6 0
0.9541513919830322 6 0
0.9603288173675537 6 0
0.9672300815582275 6 0
0.9729001522064209 6 0
0.9791500568389893 6 0
0.985710620880127 6 0
0.9911127090454102 6 0
0.9977073669433594 6 0
1.0040411949157715 6 0
1.0104155540466309 6 0
1.0169496536254883 6 0
1.0225801467895508 6 0
1.028792142868042 6 0
1.0342919826507568 6 0
1.0447237491607666 6 0
1.0520379543304443 6 0
1.058563470840454 6 0
1.064110517501831 6 0
1.0707364082336426 6 0
1.0771055221557617 6 0
1.0827257633209229 6 0
1.0889267921447754 6 0
1.0952341556549072 6 0
1.101060152053833 6 0
1.1085386276245117 6 0
1.114009141921997 6 0
1.1202075481414795 6 0
1.1268444061279297 6 0
1.1324076652526855 6 0
1.1386849880218506 6 0
1.1441807746887207 6 0
1.1503467559814453 6 0
1.1580352783203125 6 0
1.1633174419403076 6 0
1.1697564125061035 6 0
1.1760072708129883 6 0
1.1816422939300537 6 0
1.188234806060791 6 0
1.1937305927276611 6 0
1.1999602317810059 6 0
1.2072644233703613 6 0
1.2129290103912354 6 0
1.2191457748413086 6 0
1.2256214618682861 6 0
1.2312133312225342 6 0
1.2386939525604248 6 0
1.2442231178283691 6 0
1.250591516494751 6 0
1.2581069469451904 6 0
1.263350009918213 6 0
1.269859790802002 6 0
1.2763876914978027 6 0
1.2817842960357666 6 0
1.2882606983184814 6 0
1.293766736984253 6 0
1.2999939918518066 6 0
1.3077504634857178 6 0
1.3130865097045898 6 0
1.3192684650421143 6 0
1.3258891105651855 6 0
1.3312571048736572 6 0
1.3379878997802734 6 0
1.343240737915039 6 0
1.3496637344360352 6 0
1.35707688331604 6 0
1.3627128601074219 6 0
1.369086742401123 6 0
1.3755872249603271 6 0
1.3809711933135986 6 0
1.387294054031372 6 0
1.3929224014282227 6 0
1.3991217613220215 6 0
1.4056012630462646 6 0
1.4122216701507568 6 0
1.4185113906860352 6 0
1.4239859580993652 6 0
1.4303417205810547 6 0
1.4368932247161865 6 0
1.448214054107666 6 0
1.4537255764007568 6 0
1.461078405380249 6 0
1.467942476272583 6 0
1.4732248783111572 6 0
1.4796345233917236 6 0
1.4859035015106201 6 0
1.4917080402374268 6 0
1.4981751441955566 6 0
1.5036766529083252 6 0
1.5108072757720947 6 0
1.517225980758667 6 0
1.522855520248413 6 0
1.5291311740875244 6 0
1.5356128215789795 6 0
1.5410537719726562 6 0
1.5478577613830566 6 0
1.553147792816162 6 0
1.5604512691497803 6 0
1.5669896602630615 6 0
1.5726466178894043 6 0
1.5788624286651611 6 0
1.5847911834716797 6 0
1.5906009674072266 6 0
1.5980846881866455 6 0
1.6052837371826172 6 0
1.632889747619629 6 0
1.6419804096221924 6 0
1.6498913764953613 6 0
1.6577725410461426 6 0
1.6665329933166504 6 0
1.6721429824829102 6 0
1.6803734302520752 6 0
1.6870803833007812 6 0
1.6956510543823242 6 0
1.7012133598327637 6 0
1.7080819606781006 6 0
1.7178730964660645 6 0
1.7231323719024658 6 0
1.7298657894134521 6 0
1.7386164665222168 6 0
1.7719035148620605 6 0
1.7828116416931152 6 0
1.7956428527832031 6 0
1.8071401119232178 6 0
1.8209636211395264 6 0
1.8311545848846436 6 0
1.8468329906463623 6 0
1.8543362617492676 6 0
1.8609650135040283 6 0
1.8721563816070557 6 0
1.8855750560760498 6 0
1.8911921977996826 6 0
1.9004192352294922 6 0
1.909034013748169 6 0
1.9169261455535889 6 0
1.9253206253051758 6 0
1.9331648349761963 6 0
1.9396343231201172 6 0
1.9470176696777344 6 0
1.9557809829711914 6 0
1.9637670516967773 6 0
1.9702489376068115 6 0
1.9827611446380615 6 0
1.9930672645568848 6 0
1.999727487564087 6 0
2.0171308517456055 6 0
2.027008056640625 6 0
2.0326881408691406 6 0
2.046668529510498 6 0
2.0583670139312744 6 0
2.0669777393341064 6 0
2.072678327560425 6 0
2.0868539810180664 6 0
2.097862958908081 6 0
2.103161334991455 6 0
2.116711139678955 6 0
2.124281406402588 6 0
2.1356589794158936 6 0
2.1456408500671387 6 0
2.156517744064331 6 0
2.164069652557373 6 0
2.1727709770202637 6 0
2.180513620376587 6 0
2.1885664463043213 6 0
2.2003097534179688 6 0
2.2091169357299805 6 0
2.2156472206115723 6 0
2.2300822734832764 6 0
2.2397096157073975 6 0
2.2502729892730713 6 0
2.2570409774780273 6 0
2.268160581588745 6 0
2.273670196533203 6 0
2.281053304672241 6 0
2.2927937507629395 6 0
2.299201250076294 6 0
2.305699586868286 6 0
2.3272039890289307 6 0
2.335899829864502 6 0
2.343034029006958 6 0
2.3538036346435547 6 0
2.362290143966675 6 0
2.369288921356201 6 0
2.3760316371917725 6 0
2.3865342140197754 6 0
2.3941028118133545 6 0
2.4021823406219482 6 0
2.4088847637176514 6 0
2.4188454151153564 6 0
2.4266040325164795 6 0
2.434109926223755 6 0
2.442141056060791 6 0
2.451711416244507 6 0
2.4680898189544678 6 0
2.4772064685821533 6 0
2.4857308864593506 6 0
2.4933202266693115 6 0
2.50588059425354 6 0
2.514845371246338 6 0
2.522632122039795 6 0
2.529237747192383 6 0
2.5464131832122803 6 0
2.553208589553833 6 0
2.562180995941162 6 0
2.5702261924743652 6 0
2.581312417984009 6 0
2.5966362953186035 6 0
2.6055827140808105 6 0
2.6130619049072266 6 0
2.622880220413208 6 0
2.635619640350342 6 0
2.649064064025879 6 0
2.656872272491455 6 0
2.6640264987945557 6 0
2.6759092807769775 6 0
2.6827657222747803 6 0
2.689297676086426 6 0
2.6999950408935547 6 0
2.7067034244537354 6 0
2.7142913341522217 6 0
2.7279088497161865 6 0
2.73709774017334 6 0
2.7455859184265137 6 0
2.7522330284118652 6 0
2.7589335441589355 6 0
2.7716400623321533 6 0
2.781259775161743 6 0
2.789738178253174 6 0
2.8015921115875244 6 0
2.8091795444488525 6 0
2.8217976093292236 6 0
2.8287179470062256 6 0
2.8371341228485107 6 0
2.845749855041504 6 0
2.851255178451538 6 0
2.8590004444122314 6 0
2.8703486919403076 6 0
2.8770647048950195 6 0
2.8840250968933105 6 0
2.8977084159851074 6 0
2.90639328956604 6 0
2.911916971206665 6 0
2.921739339828491 6 0
2.9291787147521973 6 0
2.947089433670044 6 0
2.956967830657959 6 0
2.965864658355713 6 0
2.9738645553588867 6 0
2.980242967605591 6 0
2.9921512603759766 6 0
2.9988174438476562 6 0
