0 0 0
7.987022399902344e-05 -3 0
0.007108926773071289 -3 2
0.014866113662719727 -2 6
0.021598100662231445 0 17
0.030194997787475586 2 170
0.03712034225463867 3 199
0.04366612434387207 6 291
0.04955244064331055 8 297
0.056627750396728516 9 307
0.06202530860900879 10 288
0.06825971603393555 12 258
0.07483053207397461 12 190
0.08027863502502441 12 123
0.08701944351196289 12 123
0.09256887435913086 11 0
0.09998369216918945 11 -33
0.10666441917419434 10 -61
0.11208677291870117 10 -61
0.11875414848327637 10 -61
0.1253349781036377 10 -47
0.1308729648590088 9 -49
0.13725948333740234 9 -49
0.1428072452545166 9 -47
0.15010404586791992 9 -47
0.15682578086853027 9 -47
0.1621847152709961 9 -47
0.1686859130859375 9 -47
0.17532038688659668 9 -47
0.18091416358947754 9 -47
0.18735575675964355 9 -47
0.19291138648986816 9 -17
0.20018291473388672 9 -17
0.20691227912902832 9 -17
0.21225261688232422 9 -17
0.21874785423278809 9 -17
0.22544097900390625 9 -17
0.23097991943359375 9 -17
0.23754119873046875 9 -17
0.24311542510986328 9 -8
0.25054478645324707 9 -8
0.2570357322692871 9 -8
0.26258349418640137 9 -8
0.2688589096069336 9 -8
0.27541327476501465 9 -8
0.28098225593566895 9 -8
0.2873978614807129 9 -8
0.29299163818359375 9 -3
0.30067873001098633 9 -3
0.30716729164123535 9 -3
0.3141641616821289 9 -3
0.3197507858276367 9 -3
0.32621169090270996 9 -3
0.33188629150390625 9 -3
0.3381345272064209 9 0
0.34465718269348145 9 0
0.35124635696411133 9 0
0.3577399253845215 9 0
0.36322999000549316 9 0
0.3694579601287842 9 0
0.37596631050109863 9 0
0.3871784210205078 9 0
0.3926832675933838 9 0
0.3998994827270508 9 0
0.4067084789276123 9 0
0.4121096134185791 9 0
0.4187014102935791 9 0
0.4249567985534668 9 0
0.4305708408355713 9 0
0.4369940757751465 9 0
0.44227170944213867 9 0
0.4487495422363281 9 0
0.45604777336120605 9 0
0.4617013931274414 9 0
0.4679591655731201 9 0
0.474212646484375 9 0
0.48011136054992676 9 0
0.48697781562805176 9 0
0.4922211170196533 9 0
0.4986710548400879 9 0
0.5059287548065186 9 0
0.511573314666748 9 0
0.5177993774414062 9 0
0.5236783027648926 9 0
0.529517650604248 9 0
0.5361762046813965 9 0
0.5418398380279541 9 0
0.5480711460113525 9 0
0.5555951595306396 9 0
0.5611684322357178 9 0
0.5674543380737305 9 0
0.5729415416717529 9 0
0.5791430473327637 9 0
0.5856444835662842 9 0
0.5912044048309326 9 0
0.5976426601409912 9 0
0.604896068572998 9 0
0.6102590560913086 9 0
0.6171438694000244 9 0
0.6226747035980225 9 0
0.628934383392334 9 0
0.6354279518127441 9 0
0.6409285068511963 9 0
0.647303581237793 9 0
0.6545515060424805 9 0
0.6601386070251465 9 0
0.6668136119842529 9 0
0.672121524810791 9 0
0.6785390377044678 9 0
0.6848194599151611 9 0
0.6901950836181641 9 0
0.6968977451324463 9 0
0.7021865844726562 9 0
0.7094056606292725 9 0
0.7160723209381104 9 0
0.721696138381958 9 0
0.7279376983642578 9 0
0.7342042922973633 9 0
0.739739179611206 9 0
0.7462916374206543 9 0
0.7519564628601074 9 0
0.759070634841919 9 0
0.7655518054962158 9 0
0.7711207866668701 9 0
0.778101921081543 9 0
0.7885572910308838 9 0
0.7948586940765381 9 0
0.8006970882415771 9 0
0.8079936504364014 9 0
0.814537525177002 9 0
0.819932222366333 9 0
0.8262062072753906 9 0
0.8318307399749756 9 0
0.8382201194763184 9 0
0.8447577953338623 9 0
0.8501520156860352 9 0
0.8576054573059082 9 0
0.8630819320678711 9 0
0.8692581653594971 9 0
0.8759744167327881 9 0
0.8816254138946533 9 0
0.887871503829956 9 0
0.8937530517578125 9 0
0.8999354839324951 9 0
0.9062418937683105 9 0
0.9128859043121338 9 0
0.9190676212310791 9 0
0.9255712032318115 9 0
0.9311637878417969 9 0
0.9374613761901855 9 0
0.9429848194122314 9 0
0.9491786956787109 9 0
0.9558212757110596 9 0
0.9625825881958008 9 0
0.9687795639038086 9 0
0.9752411842346191 9 0
0.980633020401001 9 0
0.9870829582214355 9 0
0.9925544261932373 9 0
0.998779296875 9 0
1.0054190158843994 9 0
1.0118968486785889 9 0
1.018294095993042 9 0
1.0248217582702637 9 0
1.0301902294158936 9 0
1.0371906757354736 9 0
1.0427217483520508 9 0
1.0489368438720703 9 0
1.0554375648498535 9 0
1.061903953552246 9 0
1.068138599395752 9 0
1.0746738910675049 9 0
1.0802326202392578 9 0
1.0869371891021729 9 0
1.0922479629516602 9 0
1.0986852645874023 9 0
1.1049487590789795 9 0
1.1115872859954834 9 0
1.117879867553711 9 0
1.123748540878296 9 0
1.1295363903045654 9 0
1.13623046875 9 0
1.1418826580047607 9 0
1.1480765342712402 9 0
1.1545627117156982 9 0
1.159972906112671 9 0
1.1674189567565918 9 0
1.1729207038879395 9 0
1.1790964603424072 9 0
1.1891727447509766 9 0
1.1959216594696045 9 0
1.2015717029571533 9 0
1.2079241275787354 9 0
1.2154896259307861 9 0
1.2209694385528564 9 0
1.2273077964782715 9 0
1.2328007221221924 9 0
1.2389984130859375 9 0
1.2455344200134277 9 0
1.251089334487915 9 0
1.2575604915618896 9 0
1.2648696899414062 9 0
1.2706882953643799 9 0
1.2771563529968262 9 0
1.2826566696166992 9 0
1.2889230251312256 9 0
1.295410394668579 9 0
1.3009512424468994 9 0
1.3072419166564941 9 0
1.321531057357788 9 0
1.3279104232788086 9 0
1.3372738361358643 9 0
1.3462531566619873 9 0
1.3527939319610596 9 0
1.3615636825561523 9 0
1.368809461593628 9 0
1.3754665851593018 9 0
1.3829450607299805 9 0
1.3893015384674072 9 0
1.396113634109497 9 0
1.4017744064331055 9 0
1.4092862606048584 9 0
1.417961597442627 9 0
1.425668478012085 9 0
1.4312078952789307 9 0
1.4378790855407715 9 0
1.4463067054748535 9 0
1.451960563659668 9 0
1.4581801891326904 9 0
1.4677386283874512 9 0
1.4736554622650146 9 0
1.4795043468475342 9 0
1.4872190952301025 9 0
1.494516134262085 9 0
1.500152349472046 9 0
1.5111000537872314 9 0
1.5201666355133057 9 0
1.5273029804229736 9 0
1.535714864730835 9 0
1.5412492752075195 9 0
1.5475478172302246 9 0
1.558168888092041 9 0
1.5648066997528076 9 0
1.5731070041656494 9 0
1.579277515411377 9 0
1.5892713069915771 9 0
1.5971448421478271 9 0
1.6042535305023193 9 0
1.6100823879241943 9 0
1.6178932189941406 9 0
1.6256904602050781 9 0
1.634958267211914 9 0
1.6426138877868652 9 0
1.6488921642303467 9 0
1.6555709838867188 9 0
1.661146879196167 9 0
1.668276071548462 9 0
1.6762847900390625 9 0
1.6892180442810059 9 0
1.6957359313964844 9 0
1.7013084888458252 9 0
1.7088556289672852 9 0
1.7162084579467773 9 0
1.7247860431671143 9 0
1.7302095890045166 9 0
1.73787522315979 9 0
1.7517337799072266 9 0
1.7606275081634521 9 0
1.7681341171264648 9 0
1.7789194583892822 9 0
1.7866172790527344 9 0
1.796093463897705 9 0
1.801734209060669 9 0
1.8091578483581543 9 0
1.8191452026367188 9 0
1.8270583152770996 9 0
1.8370580673217773 9 0
1.8425707817077637 9 0
1.8511664867401123 9 0
1.8578605651855469 9 0
1.8649561405181885 9 0
1.8762736320495605 9 0
1.8819804191589355 9 0
1.88820219039917 9 0
1.8947031497955322 9 0
1.9023025035858154 9 0
1.908785343170166 9 0
1.9154458045959473 9 0
1.9211957454681396 9 0
1.9282283782958984 9 0
1.9348070621490479 9 0
1.9401710033416748 9 0
1.94688081741333 9 0
1.9521796703338623 9 0
1.9586341381072998 9 0
1.9649431705474854 9 0
1.970304012298584 9 0
1.9779067039489746 9 0
1.9874188899993896 9 0
1.9962167739868164 9 0
2.001845598220825 9 0
2.008206367492676 9 0
2.0148072242736816 9 0
2.0205655097961426 9 0
2.027690887451172 9 0
2.033207893371582 9 0
2.0395495891571045 9 0
2.046220302581787 9 0
2.051846981048584 9 0
2.058049440383911 9 0
2.0645532608032227 9 0
2.0700254440307617 9 0
2.076632499694824 9 0
2.0830655097961426 9 0
2.0892555713653564 9 0
2.097560405731201 9 0
2.103067636489868 9 0
2.1092166900634766 9 0
2.115711212158203 9 0
2.121239423751831 9 0
2.1275205612182617 9 0
2.134890556335449 9 0
2.140254497528076 9 0
2.1469521522521973 9 0
2.1521873474121094 9 0
2.158820152282715 9 0
2.165339231491089 9 0
2.170718193054199 9 0
2.1773428916931152 9 0
2.1846656799316406 9 0
2.1900649070739746 9 0
2.1966516971588135 9 0
2.2019739151000977 9 0
2.2081804275512695 9 0
2.214700698852539 9 0
2.220236301422119 9 0
2.226895332336426 9 0
2.233259439468384 9 0
2.2394087314605713 9 0
2.2459235191345215 9 0
2.251584529876709 9 0
2.25780987739563 9 0
2.2632877826690674 9 0
2.2694621086120605 9 0
2.2761881351470947 9 0
2.282911777496338 9 0
2.2890827655792236 9 0
2.2955899238586426 9 0
2.3011739253997803 9 0
2.3076133728027344 9 0
2.314828872680664 9 0
2.3201985359191895 9 0
2.326897144317627 9 0
2.3331949710845947 9 0
2.3459556102752686 9 0
2.3516781330108643 9 0
2.3579070568084717 9 0
2.3641610145568848 9 0
2.369696855545044 9 0
2.3760907649993896 9 0
2.382702350616455 9 0
2.392913818359375 9 0
2.3994126319885254 9 0
2.406135082244873 9 0
2.41180682182312 9 0
2.4181835651397705 9 0
2.424692392349243 9 0
2.4300649166107178 9 0
2.437683582305908 9 0
2.443192958831787 9 0
2.449390172958374 9 0
2.4560627937316895 9 0
2.461688280105591 9 0
2.467872142791748 9 0
2.473778247833252 9 0
2.479679822921753 9 0
2.487187147140503 9 0
2.4926888942718506 9 0
2.498927354812622 9 0
2.5054428577423096 9 0
2.5109686851501465 9 0
2.517477512359619 9 0
2.522981882095337 9 0
2.529214859008789 9 0
2.536731004714966 9 0
2.542074680328369 9 0
2.5482752323150635 9 0
2.554793119430542 9 0
2.560178756713867 9 0
2.5670628547668457 9 0
2.572543144226074 9 0
2.5789194107055664 9 0
2.5861074924468994 9 0
2.59181547164917 9 0
2.5980465412139893 9 0
2.6045215129852295 9 0
2.609931230545044 9 0
2.6162467002868652 9 0
2.621873617172241 9 0
2.6280689239501953 9 0
2.6345527172088623 9 0
2.641489028930664 9 0
2.6477136611938477 9 0
2.653198719024658 9 0
2.6593894958496094 9 0
2.6658666133880615 9 0
2.671499252319336 9 0
2.6777498722076416 9 0
2.6832499504089355 9 0
2.690304756164551 9 0
2.6971426010131836 9 0
2.7026617527008057 9 0
2.708885669708252 9 0
2.7154157161712646 9 0
2.72092342376709 9 0
2.727234363555908 9 0
2.7327234745025635 9 0
2.7399234771728516 9 0
2.746208429336548 9 0
2.751845121383667 9 0
2.7582035064697266 9 0
2.7647335529327393 9 0
2.7701096534729004 9 0
2.7766976356506348 9 0
2.782050132751465 9 0
2.7941694259643555 9 0
2.7999258041381836 9 0
2.80670428276062 9 0
2.8120486736297607 9 0
2.8188064098358154 9 0
2.825451135635376 9 0
2.8309457302093506 9 0
2.8372385501861572 9 0
2.8445656299591064 9 0
2.8499715328216553 9 0
2.8562729358673096 9 0
2.8619987964630127 9 0
2.8681957721710205 9 0
2.87471604347229 9 0
2.880247116088867 9 0
2.886911630630493 9 0
2.8932106494903564 9 0
2.8994040489196777 9 0
2.905933380126953 9 0
2.911564826965332 9 0
2.917771339416504 9 0
2.923245906829834 9 0
2.9294326305389404 9 0
2.9361162185668945 9 0
2.9428329467773438 9 0
2.94901442527771 9 0
2.955713987350464 9 0
2.961291790008545 9 0
2.967573642730713 9 0
2.9730708599090576 9 0
2.979224920272827 9 0
2.9857239723205566 9 0
2.992130994796753 9 0
2.9987871646881104 9 0
