0 0 0
7.891654968261719e-05 0 0
0.014272928237915039 0 -2
0.019969701766967773 -2 -17
0.027364492416381836 -2 -13
0.033963680267333984 -4 -83
0.039672136306762695 -6 -53
0.04614996910095215 -7 -248
0.05274248123168945 -10 -297
0.058293819427490234 -12 -341
0.06531953811645508 -14 -353
0.07091569900512695 -16 -336
0.07818865776062012 -18 -288
0.0850069522857666 -18 -288
0.09037351608276367 -18 -288
0.09692120552062988 -18 -288
0.10355138778686523 -17 -31
0.10923004150390625 -17 -31
0.1155855655670166 -17 0
0.12109541893005371 -16 23
0.12879228591918945 -16 41
0.1353015899658203 -16 41
0.14087557792663574 -16 41
0.1472015380859375 -16 41
0.15377426147460938 -16 41
0.15943360328674316 -16 41
0.16590285301208496 -16 41
0.1722729206085205 -16 41
0.17930388450622559 -16 20
0.1858081817626953 -16 20
0.19136977195739746 -16 20
0.19778776168823242 -16 20
0.2043318748474121 -16 20
0.2100517749786377 -16 20
0.2163238525390625 -16 20
0.22295188903808594 -16 20
0.22974634170532227 -16 8
0.23603081703186035 -16 8
0.24715662002563477 -16 8
0.2538774013519287 -16 8
0.2596099376678467 -16 8
0.26602840423583984 -16 8
0.272413969039917 -16 8
0.27927231788635254 -16 3
0.28566575050354004 -16 3
0.2912142276763916 -16 3
0.29743266105651855 -16 3
0.3042306900024414 -16 3
0.3100130558013916 -16 3
0.31632256507873535 -16 3
0.3229243755340576 -16 3
0.32965588569641113 -16 0
0.33591270446777344 -16 0
0.341874361038208 -16 0
0.34780359268188477 -16 0
0.35428524017333984 -16 0
0.35996150970458984 -16 0
0.36641359329223633 -16 0
0.373049259185791 -16 0
0.37980151176452637 -16 0
0.3861057758331299 -16 0
0.3926661014556885 -16 0
0.39816904067993164 -16 0
0.4049205780029297 -16 0
0.41025590896606445 -16 0
0.41673707962036133 -16 0
0.42306089401245117 -16 0
0.42993688583374023 -16 0
0.4366447925567627 -16 0
0.4429965019226074 -16 0
0.44869208335876465 -16 0
0.45518946647644043 -16 0
0.46079349517822266 -16 0
0.4671165943145752 -16 0
0.47367167472839355 -16 0
0.4801199436187744 -16 0
0.48694920539855957 -16 0
0.4935286045074463 -16 0
0.49906301498413086 -16 0
0.5054364204406738 -16 0
0.5109961032867432 -16 0
0.5176479816436768 -16 0
0.5250380039215088 -16 0
0.5313575267791748 -16 0
0.537635087966919 -16 0
0.5443558692932129 -16 0
0.5500657558441162 -16 0
0.556312084197998 -16 0
0.5629444122314453 -16 0
0.5723645687103271 -16 0
0.5780165195465088 -16 0
0.5854697227478027 -16 0
0.5910203456878662 -16 0
0.597287654876709 -16 0
0.6040029525756836 -16 0
0.6097011566162109 -16 0
0.61600661277771 -16 0
0.6222717761993408 -16 0
0.6278688907623291 -16 0
0.6353328227996826 -16 0
0.6452674865722656 -16 0
0.6508424282073975 -16 0
0.6572539806365967 -16 0
0.6640033721923828 -16 0
0.669705867767334 -16 0
0.6761219501495361 -16 0
0.6843624114990234 -16 0
0.6900527477264404 -16 0
0.6967000961303711 -16 0
0.7030417919158936 -16 0
0.7087216377258301 -16 0
0.7151837348937988 -16 0
0.7207350730895996 -16 0
0.7271831035614014 -16 0
0.7347719669342041 -16 0
0.7402281761169434 -16 0
0.7466921806335449 -16 0
0.7530300617218018 -16 0
0.7586753368377686 -16 0
0.7651588916778564 -16 0
0.7706921100616455 -16 0
0.7769608497619629 -16 0
0.7836923599243164 -16 0
0.7901401519775391 -16 0
0.7963879108428955 -16 0
0.8029487133026123 -16 0
0.8083734512329102 -16 0
0.8151302337646484 -16 0
0.8206424713134766 -16 0
0.8270888328552246 -16 0
0.833667516708374 -16 0
0.8402299880981445 -16 0
0.8468585014343262 -16 0
0.8535568714141846 -16 0
0.8590970039367676 -16 0
0.865492582321167 -16 0
0.871004581451416 -16 0
0.8772232532501221 -16 0
0.8837625980377197 -16 0
0.8902311325073242 -16 0
0.896721601486206 -16 0
0.9030580520629883 -16 0
0.9089672565460205 -16 0
0.9153721332550049 -16 0
0.9209122657775879 -16 0
0.9271695613861084 -16 0
0.9336967468261719 -16 0
0.9402201175689697 -16 0
0.9466848373413086 -16 0
0.9530441761016846 -16 0
0.9588608741760254 -16 0
0.9655096530914307 -16 0
0.9710566997528076 -16 0
0.9772946834564209 -16 0
0.983860969543457 -16 0
0.9903445243835449 -16 0
0.9968607425689697 -16 0
1.0033793449401855 -16 0
1.0088286399841309 -16 0
1.0153119564056396 -16 0
1.020857810974121 -16 0
1.027329683303833 -16 0
1.033853530883789 -16 0
1.0403110980987549 -16 0
1.0506656169891357 -16 0
1.05706787109375 -16 0
1.0637753009796143 -16 0
1.069366455078125 -16 0
1.0758264064788818 -16 0
1.0813705921173096 -16 0
1.087921142578125 -16 0
1.0955066680908203 -16 0
1.1010563373565674 -16 0
1.107297658920288 -16 0
1.1139378547668457 -16 0
1.119614601135254 -16 0
1.1258528232574463 -16 0
1.1313934326171875 -16 0
1.1375939846038818 -16 0
1.145479679107666 -16 0
1.1510004997253418 -16 0
1.1572880744934082 -16 0
1.1638047695159912 -16 0
1.169435739517212 -16 0
1.175774097442627 -16 0
1.1813178062438965 -16 0
1.1875522136688232 -16 0
1.1951324939727783 -16 0
1.200735092163086 -16 0
1.2071795463562012 -16 0
1.213881015777588 -16 0
1.2195677757263184 -16 0
1.2258126735687256 -16 0
1.231339931488037 -16 0
1.2375288009643555 -16 0
1.2452218532562256 -16 0
1.2507495880126953 -16 0
1.2570679187774658 -16 0
1.2637672424316406 -16 0
1.2693495750427246 -16 0
1.2756664752960205 -16 0
1.2811849117279053 -16 0
1.28745436668396 -16 0
1.295170545578003 -16 0
1.3006861209869385 -16 0
1.3069438934326172 -16 0
1.313535451889038 -16 0
1.3190717697143555 -16 0
1.32564115524292 -16 0
1.3311798572540283 -16 0
1.337414026260376 -16 0
1.3452954292297363 -16 0
1.3508358001708984 -16 0
1.3570711612701416 -16 0
1.3635902404785156 -16 0
1.369203805923462 -16 0
1.3755097389221191 -16 0
1.381049394607544 -16 0
1.3874106407165527 -16 0
1.393991231918335 -16 0
1.4008235931396484 -16 0
1.4070653915405273 -16 0
1.4136099815368652 -16 0
1.4192068576812744 -16 0
1.4255177974700928 -16 0
1.431077003479004 -16 0
1.4372878074645996 -16 0
1.448340654373169 -16 0
1.455246925354004 -16 0
1.4607899188995361 -16 0
1.467209815979004 -16 0
1.4739694595336914 -16 0
1.4796569347381592 -16 0
1.485987901687622 -16 0
1.4923100471496582 -16 0
1.4991164207458496 -16 0
1.5056819915771484 -16 0
1.5112330913543701 -16 0
1.517455816268921 -16 0
1.523987054824829 -16 0
1.5296778678894043 -16 0
1.535905361175537 -16 0
1.5418767929077148 -16 0
1.5488016605377197 -16 0
1.5553007125854492 -16 0
1.5608515739440918 -16 0
1.5673072338104248 -16 0
1.5739047527313232 -16 0
1.5795888900756836 -16 0
1.5858306884765625 -16 0
1.59135103225708 -16 0
1.6000723838806152 -16 0
1.6078310012817383 -16 0
1.614255428314209 -16 0
1.619919776916504 -16 0
1.6263296604156494 -16 0
1.6329052448272705 -16 0
1.6383140087127686 -16 0
1.6450426578521729 -16 0
1.6517996788024902 -16 0
1.6576619148254395 -16 0
1.6641731262207031 -16 0
1.6698307991027832 -16 0
1.6760976314544678 -16 0
1.683783769607544 -16 0
1.6893556118011475 -16 0
1.6956615447998047 -16 0
1.703038215637207 -16 0
1.7086889743804932 -16 0
1.7152228355407715 -16 0
1.720780372619629 -16 0
1.7270314693450928 -16 0
1.7337520122528076 -16 0
1.7393534183502197 -16 0
1.7458066940307617 -16 0
1.7530829906463623 -16 0
1.75870943069458 -16 0
1.7651798725128174 -16 0
1.7707443237304688 -16 0
1.777019739151001 -16 0
1.7835588455200195 -16 0
1.7890946865081787 -16 0
1.795508861541748 -16 0
1.8027927875518799 -16 0
1.8083789348602295 -16 0
1.8150866031646729 -16 0
1.8203778266906738 -16 0
1.8268587589263916 -16 0
1.8333723545074463 -16 0
1.8388183116912842 -16 0
1.8491008281707764 -16 0
1.8567147254943848 -16 0
1.8630526065826416 -16 0
1.8690786361694336 -16 0
1.8756232261657715 -16 0
1.8812193870544434 -16 0
1.887425422668457 -16 0
1.89398193359375 -16 0
1.8996491432189941 -16 0
1.9069194793701172 -16 0
1.9135262966156006 -16 0
1.9190771579742432 -16 0
1.9255948066711426 -16 0
1.9311060905456543 -16 0
1.9373564720153809 -16 0
1.9439620971679688 -16 0
1.949629545211792 -16 0
1.9570062160491943 -16 0
1.9635648727416992 -16 0
1.9691126346588135 -16 0
1.9755616188049316 -16 0
1.9810891151428223 -16 0
1.987504482269287 -16 0
1.9942049980163574 -16 0
2.001401901245117 -16 0
2.0087642669677734 -16 0
2.0152618885040283 -16 0
2.020838737487793 -16 0
2.0271074771881104 -16 0
2.0336685180664062 -16 0
2.0392606258392334 -16 0
2.045762300491333 -16 0
2.051269769668579 -16 0
2.058776617050171 -16 0
2.0652332305908203 -16 0
2.070798635482788 -16 0
2.0770554542541504 -16 0
2.088989734649658 -16 0
2.0954151153564453 -16 0
2.100964307785034 -16 0
2.1082499027252197 -16 0
2.1150763034820557 -16 0
2.120405912399292 -16 0
2.127061367034912 -16 0
2.1335887908935547 -16 0
2.139228105545044 -16 0
2.1455724239349365 -16 0
2.1511154174804688 -16 0
2.1583666801452637 -16 0
2.165311813354492 -16 0
2.1709110736846924 -16 0
2.177168369293213 -16 0
2.1836864948272705 -16 0
2.189289093017578 -16 0
2.1956324577331543 -16 0
2.2011923789978027 -16 0
2.2073965072631836 -16 0
2.215057373046875 -16 0
2.220348358154297 -16 0
2.2270119190216064 -16 0
2.2335762977600098 -16 0
2.23909330368042 -16 0
2.2492525577545166 -16 0
2.2559032440185547 -16 0
2.2634785175323486 -16 0
2.26904034614563 -16 0
2.2755603790283203 -16 0
2.281099557876587 -16 0
2.2875397205352783 -16 0
2.294074535369873 -16 0
2.2997660636901855 -16 0
2.3060216903686523 -16 0
2.3136558532714844 -16 0
2.3192877769470215 -16 0
2.3256382942199707 -16 0
2.3311829566955566 -16 0
2.337392807006836 -16 0
2.3441336154937744 -16 0
2.3498191833496094 -16 0
2.3560831546783447 -16 0
2.363682985305786 -16 0
2.369314193725586 -16 0
2.37565541267395 -16 0
2.381185531616211 -16 0
2.387608766555786 -16 0
2.394158124923706 -16 0
2.399832010269165 -16 0
2.406294345855713 -16 0
2.41381573677063 -16 0
2.419403553009033 -16 0
2.425747871398926 -16 0
2.4312782287597656 -16 0
2.437476396560669 -16 0
2.4440317153930664 -16 0
2.449751615524292 -16 0
2.456040620803833 -16 0
2.463555097579956 -16 0
2.4691855907440186 -16 0
2.4755287170410156 -16 0
2.4810731410980225 -16 0
2.4873266220092773 -16 0
2.4938504695892334 -16 0
2.4995439052581787 -16 0
2.50575852394104 -16 0
2.5112922191619873 -16 0
2.518838882446289 -16 0
2.525470495223999 -16 0
2.531032085418701 -16 0
2.5372707843780518 -16 0
2.543801784515381 -16 0
2.5494089126586914 -16 0
2.5557243824005127 -16 0
2.5612587928771973 -16 0
2.5687825679779053 -16 0
2.57529354095459 -16 0
2.5808210372924805 -16 0
2.587209939956665 -16 0
2.593780517578125 -16 0
2.599379777908325 -16 0
2.605684518814087 -16 0
2.6112020015716553 -16 0
2.6183078289031982 -16 0
2.625056505203247 -16 0
2.630382776260376 -16 0
2.6386964321136475 -16 0
2.645338535308838 -16 0
2.655637502670288 -16 0
2.6611907482147217 -16 0
2.6688058376312256 -16 0
2.6754801273345947 -16 0
2.682736396789551 -16 0
2.688183069229126 -16 0
2.694796562194824 -16 0
2.700190782546997 -16 0
2.706868886947632 -16 0
2.7134029865264893 -16 0
2.719944953918457 -16 0
2.7262167930603027 -16 0
2.7327356338500977 -16 0
2.7381649017333984 -16 0
2.74483585357666 -16 0
2.7502212524414062 -16 0
2.756666421890259 -16 0
2.7630209922790527 -16 0
2.769914150238037 -16 0
2.7763636112213135 -16 0
2.782931327819824 -16 0
2.7883565425872803 -16 0
2.7950940132141113 -16 0
2.800647258758545 -16 0
2.8069117069244385 -16 0
2.8134937286376953 -16 0
2.819990873336792 -16 0
2.8266570568084717 -16 0
2.8330373764038086 -16 0
2.838696002960205 -16 0
2.8451731204986572 -16 0
2.8506765365600586 -16 0
2.8569750785827637 -16 0
2.863506317138672 -16 0
2.870054244995117 -16 0
2.8763065338134766 -16 0
2.882960557937622 -16 0
2.888824462890625 -16 0
2.895285129547119 -16 0
2.9008357524871826 -16 0
2.907236099243164 -16 0
2.913767099380493 -16 0
2.9201345443725586 -16 0
2.9266536235809326 -16 0
2.9329826831817627 -16 0
2.938384532928467 -16 0
2.945298194885254 -16 0
2.950838565826416 -16 0
2.9570772647857666 -16 0
2.963641405105591 -16 0
2.969238758087158 -16 0
2.9763376712799072 -16 0
2.9828734397888184 -16 0
2.988294839859009 -16 0
2.9950108528137207 -16 0
