0 0 0
8.416175842285156e-05 -7 0
0.006891965866088867 -7 0
0.01485896110534668 -7 0
0.022478818893432617 -7 0
0.028873682022094727 -7 -3
0.03600001335144043 -7 -3
0.042604684829711914 -7 -3
0.04854011535644531 -7 -3
0.055083513259887695 -7 -3
0.06073617935180664 -7 -3
0.06701827049255371 -8 -7
0.0736083984375 -8 -7
0.07925891876220703 -8 -7
0.08669781684875488 -8 -7
0.09588146209716797 -8 -7
0.10367155075073242 -8 -7
0.10944628715515137 -8 -7
0.11591076850891113 -8 -7
0.12250614166259766 -8 -7
0.12822175025939941 -8 -7
0.13499903678894043 -8 -7
0.14217567443847656 -8 -7
0.14786100387573242 -8 -7
0.15457725524902344 -8 -7
0.15999197959899902 -8 -7
0.16679859161376953 -8 -7
0.17342758178710938 -8 -7
0.17905974388122559 -8 -7
0.18538784980773926 -8 -7
0.19276905059814453 -8 -7
0.19822287559509277 -8 -7
0.20498967170715332 -8 -7
0.2105393409729004 -8 -7
0.21678566932678223 -8 -2
0.2235240936279297 -8 -2
0.22920489311218262 -8 -2
0.23554062843322754 -8 -2
0.24318695068359375 -8 -2
0.24866938591003418 -8 -2
0.25533509254455566 -8 -2
0.26100802421569824 -8 0
0.2672293186187744 -8 0
0.2737734317779541 -8 0
0.27942395210266113 -8 0
0.2858448028564453 -8 0
0.29342103004455566 -8 0
0.29903650283813477 -8 0
0.3053474426269531 -8 0
0.3108696937561035 -8 0
0.31714892387390137 -8 0
0.32373762130737305 -8 0
0.32942771911621094 -8 0
0.33565568923950195 -8 0
0.3433108329772949 -8 0
0.34900927543640137 -8 0
0.35535120964050293 -8 0
0.36088037490844727 -8 0
0.3671112060546875 -8 0
0.37368202209472656 -8 0
0.37927913665771484 -8 0
0.385758638381958 -8 0
0.39331603050231934 -8 0
0.39888954162597656 -8 0
0.4062154293060303 -8 0
0.4127483367919922 -8 0
0.41817164421081543 -8 0
0.42491865158081055 -8 0
0.43021178245544434 -8 0
0.4367485046386719 -8 0
0.4439866542816162 -8 0
0.4496498107910156 -8 0
0.45590639114379883 -8 0
0.4624917507171631 -8 0
0.46808958053588867 -8 0
0.47478199005126953 -8 0
0.48076844215393066 -8 0
0.4871511459350586 -8 0
0.49880027770996094 -8 0
0.5054094791412354 -8 0
0.5109250545501709 -8 0
0.5174853801727295 -8 0
0.5244653224945068 -8 0
0.5299289226531982 -8 0
0.5361778736114502 -8 0
0.5437192916870117 -8 0
0.5494558811187744 -8 0
0.5556507110595703 -8 0
0.5611751079559326 -8 0
0.5673978328704834 -8 0
0.5739502906799316 -8 0
0.5796141624450684 -8 0
0.5860145092010498 -8 0
0.5925490856170654 -8 0
0.5991318225860596 -8 0
0.6054697036743164 -8 0
0.6110134124755859 -8 0
0.6172285079956055 -8 0
0.6237854957580566 -8 0
0.629493236541748 -8 0
0.6357412338256836 -8 0
0.641653299331665 -8 0
0.6491022109985352 -8 0
0.6553938388824463 -8 0
0.6609394550323486 -8 0
0.6671593189239502 -8 0
0.6736772060394287 -8 0
0.6792817115783691 -8 0
0.6856000423431396 -8 0
0.6911568641662598 -8 0
0.6986024379730225 -8 0
0.7052474021911621 -8 0
0.71079421043396 -8 0
0.717026948928833 -8 0
0.7235660552978516 -8 0
0.7291398048400879 -8 0
0.7354438304901123 -8 0
0.7409908771514893 -8 0
0.748204231262207 -8 0
0.7549793720245361 -8 0
0.760493278503418 -8 0
0.7668886184692383 -8 0
0.7735917568206787 -8 0
0.7791604995727539 -8 0
0.7854874134063721 -8 0
0.7910051345825195 -8 0
0.7980451583862305 -8 0
0.8048098087310791 -8 0
0.810112714767456 -8 0
0.8165807723999023 -8 0
0.8228929042816162 -8 0
0.8287630081176758 -8 0
0.8351829051971436 -8 0
0.8407139778137207 -8 0
0.8469665050506592 -8 0
0.854548454284668 -8 0
0.8599202632904053 -8 0
0.8661582469940186 -8 0
0.8727121353149414 -8 0
0.8781089782714844 -8 0
0.8850224018096924 -8 0
0.8906049728393555 -8 0
0.9021260738372803 -8 0
0.908074140548706 -8 0
0.9149134159088135 -8 0
0.9204733371734619 -8 0
0.9268815517425537 -8 0
0.9334220886230469 -8 0
0.9390261173248291 -8 0
0.9455661773681641 -8 0
0.9528806209564209 -8 0
0.9585309028625488 -8 0
0.9650053977966309 -8 0
0.9705448150634766 -8 0
0.9769067764282227 -8 0
0.9834387302398682 -8 0
0.9890360832214355 -8 0
0.9953427314758301 -8 0
1.0027134418487549 -8 0
1.008512258529663 -8 0
1.0149590969085693 -8 0
1.0204546451568604 -8 0
1.0267601013183594 -8 0
1.0335056781768799 -8 0
1.0390989780426025 -8 0
1.0453851222991943 -8 0
1.052696704864502 -8 0
1.058091163635254 -8 0
1.0649781227111816 -8 0
1.0704777240753174 -8 0
1.0767273902893066 -8 0
1.0832834243774414 -8 0
1.0887610912322998 -8 0
1.09517502784729 -8 0
1.1006994247436523 -8 0
1.1079134941101074 -8 0
1.1144638061523438 -8 0
1.1199066638946533 -8 0
1.1265575885772705 -8 0
1.1328823566436768 -8 0
1.1385257244110107 -8 0
1.1449744701385498 -8 0
1.150500774383545 -8 0
1.1573572158813477 -8 0
1.1640613079071045 -8 0
1.1697347164154053 -8 0
1.176008701324463 -8 0
1.1825470924377441 -8 0
1.1881349086761475 -8 0
1.194892168045044 -8 0
1.2001783847808838 -8 0
1.2074048519134521 -8 0
1.213977575302124 -8 0
1.219641923904419 -8 0
1.2259142398834229 -8 0
1.232452392578125 -8 0
1.2385895252227783 -8 0
1.2452993392944336 -8 0
1.2508478164672852 -8 0
1.2584519386291504 -8 0
1.2651417255401611 -8 0
1.2706758975982666 -8 0
1.2769665718078613 -8 0
1.2835164070129395 -8 0
1.2890961170196533 -8 0
1.2955739498138428 -8 0
1.3069939613342285 -8 0
1.3137001991271973 -8 0
1.3193809986114502 -8 0
1.3257331848144531 -8 0
1.3316278457641602 -8 0
1.3374521732330322 -8 0
1.3440256118774414 -8 0
1.349729299545288 -8 0
1.3570330142974854 -8 0
1.3637163639068604 -8 0
1.3693933486938477 -8 0
1.3756544589996338 -8 0
1.3826699256896973 -8 0
1.3880650997161865 -8 0
1.3947601318359375 -8 0
1.4009909629821777 -8 0
1.4082250595092773 -8 0
1.4149441719055176 -8 0
1.4202327728271484 -8 0
1.4268906116485596 -8 0
1.4334421157836914 -8 0
1.4390509128570557 -8 0
1.4453542232513428 -8 0
1.4508819580078125 -8 0
1.458085060119629 -8 0
1.4648540019989014 -8 0
1.4701180458068848 -8 0
1.4765527248382568 -8 0
1.482914924621582 -8 0
1.488854169845581 -8 0
1.4952566623687744 -8 0
1.500805139541626 -8 0
1.5070154666900635 -8 0
1.514650821685791 -8 0
1.5200440883636475 -8 0
1.5265226364135742 -8 0
1.5328633785247803 -8 0
1.5385041236877441 -8 0
1.5451700687408447 -8 0
1.5506830215454102 -8 0
1.557077407836914 -8 0
1.5647833347320557 -8 0
1.5700836181640625 -8 0
1.5765559673309326 -8 0
1.5828843116760254 -8 0
1.588503122329712 -8 0
1.5949532985687256 -8 0
1.6004712581634521 -8 0
1.6068897247314453 -8 0
1.614182949066162 -8 0
1.6198484897613525 -8 0
1.6260747909545898 -8 0
1.6326415538787842 -8 0
1.6380774974822998 -8 0
1.644752025604248 -8 0
1.6500580310821533 -8 0
1.6565051078796387 -8 0
1.6639769077301025 -8 0
1.669612169265747 -8 0
1.6758332252502441 -8 0
1.682133674621582 -8 0
1.6879661083221436 -8 0
1.6946535110473633 -8 0
1.7050511837005615 -8 0
1.7116568088531494 -8 0
1.7178587913513184 -8 0
1.7248153686523438 -8 0
1.7301204204559326 -8 0
1.7365601062774658 -8 0
1.7428746223449707 -8 0
1.748504638671875 -8 0
1.7549610137939453 -8 0
1.7604644298553467 -8 0
1.767486810684204 -8 0
1.7740387916564941 -8 0
1.779717206954956 -8 0
1.7861385345458984 -8 0
1.7927536964416504 -8 0
1.7981786727905273 -8 0
1.8049070835113525 -8 0
1.8102071285247803 -8 0
1.8178555965423584 -8 0
1.8241853713989258 -8 0
1.8298418521881104 -8 0
1.836085319519043 -8 0
1.8426034450531006 -8 0
1.8481643199920654 -8 0
1.8549108505249023 -8 0
1.8604850769042969 -8 0
1.8676116466522217 -8 0
1.8740079402923584 -8 0
1.879678726196289 -8 0
1.885937213897705 -8 0
1.8925023078918457 -8 0
1.8979320526123047 -8 0
1.9048004150390625 -8 0
1.9101123809814453 -8 0
1.9173943996429443 -8 0
1.9239850044250488 -8 0
1.9296495914459229 -8 0
1.9359240531921387 -8 0
1.9424517154693604 -8 0
1.9480867385864258 -8 0
1.9547574520111084 -8 0
1.960068941116333 -8 0
1.9676547050476074 -8 0
1.974113941192627 -8 0
1.9797883033752441 -8 0
1.9876625537872314 -8 0
1.9940853118896484 -8 0
1.999769687652588 -8 0
2.0060362815856934 -8 0
2.012540102005005 -8 0
2.019620418548584 -8 0
2.0261125564575195 -8 0
2.0326595306396484 -8 0
2.0382041931152344 -8 0
2.045063018798828 -8 0
2.050598382949829 -8 0
2.0568816661834717 -8 0
2.063436985015869 -8 0
2.069934129714966 -8 0
2.0765442848205566 -8 0
2.0828371047973633 -8 0
2.0886006355285645 -8 0
2.0950803756713867 -8 0
2.1051559448242188 -8 0
2.1106722354888916 -8 0
2.117063045501709 -8 0
2.1248834133148193 -8 0
2.130150079727173 -8 0
2.1365814208984375 -8 0
2.1428821086883545 -8 0
2.14877986907959 -8 0
2.155174732208252 -8 0
2.16672945022583 -8 0
2.174147844314575 -8 0
2.1798207759857178 -8 0
2.1860554218292236 -8 0
2.192606210708618 -8 0
2.198052167892456 -8 0
2.2050275802612305 -8 0
2.2105796337127686 -8 0
2.2168803215026855 -8 0
2.224560260772705 -8 0
2.229928493499756 -8 0
2.236159324645996 -8 0
2.2427144050598145 -8 0
2.24810791015625 -8 0
2.254838466644287 -8 0
2.260146379470825 -8 0
2.266791582107544 -8 0
2.2741589546203613 -8 0
2.279827833175659 -8 0
2.2860445976257324 -8 0
2.2925937175750732 -8 0
2.2980759143829346 -8 0
2.304741859436035 -8 0
2.310060501098633 -8 0
2.316516399383545 -8 0
2.323991060256958 -8 0
2.329676389694214 -8 0
2.336066246032715 -8 0
2.3426055908203125 -8 0
2.3480851650238037 -8 0
2.3548285961151123 -8 0
2.3601455688476562 -8 0
2.366616725921631 -8 0
2.373802423477173 -8 0
2.379521608352661 -8 0
2.3859193325042725 -8 0
2.3925013542175293 -8 0
2.3979451656341553 -8 0
2.4054083824157715 -8 0
2.410930633544922 -8 0
2.4171512126922607 -8 0
2.424872636795044 -8 0
2.4301679134368896 -8 0
2.4366614818573 -8 0
2.443260908126831 -8 0
2.448817253112793 -8 0
2.4552130699157715 -8 0
2.4607737064361572 -8 0
2.467172622680664 -8 0
2.474883794784546 -8 0
2.4801993370056152 -8 0
2.486698865890503 -8 0
2.4932126998901367 -8 0
2.498647451400757 -8 0
2.50886869430542 -8 0
2.5154054164886475 -8 0
2.5209803581237793 -8 0
2.5284690856933594 -8 0
2.535134792327881 -8 0
2.5406665802001953 -8 0
2.5469164848327637 -8 0
2.5534732341766357 -8 0
2.559072732925415 -8 0
2.565549850463867 -8 0
2.5710675716400146 -8 0
2.5785694122314453 -8 0
2.5850300788879395 -8 0
2.590571880340576 -8 0
2.5969860553741455 -8 0
2.603559732437134 -8 0
2.6092145442962646 -8 0
2.6155519485473633 -8 0
2.6211068630218506 -8 0
2.628838300704956 -8 0
2.635254144668579 -8 0
2.640744209289551 -8 0
2.646991491317749 -8 0
2.6535236835479736 -8 0
2.6591272354125977 -8 0
2.665472984313965 -8 0
2.671001672744751 -8 0
2.6781656742095947 -8 0
2.68507719039917 -8 0
2.6906509399414062 -8 0
2.6968963146209717 -8 0
2.7034404277801514 -8 0
2.709045886993408 -8 0
2.7153522968292236 -8 0
2.7208876609802246 -8 0
2.7284765243530273 -8 0
2.7350306510925293 -8 0
2.7405478954315186 -8 0
2.7469239234924316 -8 0
2.7534754276275635 -8 0
2.7590463161468506 -8 0
2.765371084213257 -8 0
2.7716689109802246 -8 0
2.7778522968292236 -8 0
2.7855417728424072 -8 0
2.791095018386841 -8 0
2.7974603176116943 -8 0
2.8041582107543945 -8 0
2.8098456859588623 -8 0
2.8160715103149414 -8 0
2.8226070404052734 -8 0
2.8280386924743652 -8 0
2.8355941772460938 -8 0
2.841168165206909 -8 0
2.8473920822143555 -8 0
2.854084014892578 -8 0
2.8597664833068848 -8 0
2.866213798522949 -8 0
2.872756004333496 -8 0
2.878180503845215 -8 0
2.885592222213745 -8 0
2.8911139965057373 -8 0
2.8973546028137207 -8 0
2.90738582611084 -8 0
2.914130210876465 -8 0
2.9198222160339355 -8 0
2.9266111850738525 -8 0
2.933964967727661 -8 0
2.939619541168213 -8 0
2.9458553791046143 -8 0
2.9521830081939697 -8 0
2.957874298095703 -8 0
2.964177131652832 -8 0
2.969850778579712 -8 0
2.976090908050537 -8 0
2.9838223457336426 -8 0
2.9895095825195312 -8 0
2.995762348175049 -8 0
