0 0 0
0.0001010894775390625 -3 0
0.008592367172241211 -3 -3
0.015663862228393555 -4 -22
0.025382518768310547 -5 -24
0.0330047607421875 -8 -187
0.0396885871887207 -9 -210
0.04643654823303223 -11 -259
0.05205702781677246 -13 -279
0.05839228630065918 -14 -278
0.06401491165161133 -15 -245
0.07027769088745117 -16 -245
0.07686257362365723 -16 -177
0.08356332778930664 -16 -177
0.09003400802612305 -16 -177
0.09670662879943848 -16 -177
0.10247802734375 -16 -26
0.1088409423828125 -16 -26
0.11541461944580078 -16 -26
0.1209101676940918 -16 -26
0.1276848316192627 -16 -26
0.1339716911315918 -16 -26
0.14053750038146973 -16 -26
0.1474905014038086 -16 -26
0.15292978286743164 -16 -5
0.1594688892364502 -16 -5
0.16606640815734863 -16 -5
0.1716327667236328 -16 -5
0.1780695915222168 -16 -5
0.18545937538146973 -16 -5
0.190932035446167 -16 -5
0.19769692420959473 -16 -5
0.20305299758911133 -16 0
0.2097461223602295 -16 0
0.2163243293762207 -16 0
0.22195911407470703 -16 0
0.22829389572143555 -16 0
0.235762357711792 -16 0
0.24142670631408691 -16 0
0.24791312217712402 -16 0
0.25348758697509766 -16 2
0.2597503662109375 -16 2
0.26651477813720703 -16 2
0.2721364498138428 -16 2
0.2784755229949951 -16 2
0.2859816551208496 -16 2
0.29143500328063965 -16 2
0.29798150062561035 -16 2
0.3035314083099365 -16 0
0.30976033210754395 -16 0
0.3163332939147949 -16 0
0.3219726085662842 -16 0
0.3284780979156494 -16 0
0.3340146541595459 -16 0
0.3410816192626953 -16 0
0.34778523445129395 -16 0
0.35336804389953613 -16 0
0.35963964462280273 -16 0
0.3662095069885254 -16 0
0.3717634677886963 -16 0
0.37814831733703613 -16 0
0.3837287425994873 -16 0
0.3910515308380127 -16 0
0.40149426460266113 -16 0
0.40814948081970215 -16 0
0.41370677947998047 -16 0
0.4201211929321289 -16 0
0.4268062114715576 -16 0
0.432478666305542 -16 0
0.439791202545166 -16 0
0.44655346870422363 -16 0
0.45227837562561035 -16 0
0.4585072994232178 -16 0
0.46448707580566406 -16 0
0.4703407287597656 -16 0
0.47685813903808594 -16 0
0.48255467414855957 -16 0
0.48979663848876953 -16 0
0.4964165687561035 -16 0
0.5019986629486084 -16 0
0.5084867477416992 -16 0
0.5140225887298584 -16 0
0.5202324390411377 -16 0
0.526991605758667 -16 0
0.532658576965332 -16 0
0.5399830341339111 -16 0
0.5466394424438477 -16 0
0.5523314476013184 -16 0
0.5585842132568359 -16 0
0.5645713806152344 -16 0
0.5707910060882568 -16 0
0.5774557590484619 -16 0
0.5828778743743896 -16 0
0.5901718139648438 -16 0
0.5967278480529785 -16 0
0.6030635833740234 -16 0
0.6096076965332031 -16 0
0.616175651550293 -16 0
0.6217114925384521 -16 0
0.6282470226287842 -16 0
0.6337833404541016 -16 0
0.6409852504730225 -16 0
0.6477601528167725 -16 0
0.653071403503418 -16 0
0.6597428321838379 -16 0
0.66629958152771 -16 0
0.6718719005584717 -16 0
0.678203821182251 -16 0
0.683804988861084 -16 0
0.6914067268371582 -16 0
0.6979477405548096 -16 0
0.7035024166107178 -16 0
0.7097504138946533 -16 0
0.7162761688232422 -16 0
0.7219047546386719 -16 0
0.7282161712646484 -16 0
0.733790397644043 -16 0
0.7400186061859131 -16 0
0.7479431629180908 -16 0
0.7535419464111328 -16 0
0.7598028182983398 -16 0
0.766352653503418 -16 0
0.7719748020172119 -16 0
0.7782881259918213 -16 0
0.7838537693023682 -16 0
0.7902467250823975 -16 0
0.801426887512207 -16 0
0.8082547187805176 -16 0
0.8137831687927246 -16 0
0.8202047348022461 -16 0
0.8269119262695312 -16 0
0.8326172828674316 -16 0
0.8389077186584473 -16 0
0.8464822769165039 -16 0
0.8521029949188232 -16 0
0.8584842681884766 -16 0
0.8640377521514893 -16 0
0.8705863952636719 -16 0
0.8769958019256592 -16 0
0.8826694488525391 -16 0
0.8900361061096191 -16 0
0.897742509841919 -16 0
0.90305495262146 -16 0
0.9095432758331299 -16 0
0.9162046909332275 -16 0
0.9217619895935059 -16 0
0.9283461570739746 -16 0
0.9338691234588623 -16 0
0.9400849342346191 -16 0
0.9477541446685791 -16 0
0.9530885219573975 -16 0
0.9595932960510254 -16 0
0.9661514759063721 -16 0
0.9716951847076416 -16 0
0.9780981540679932 -16 0
0.9836933612823486 -16 0
0.99009108543396 -16 0
0.9978158473968506 -16 0
1.0033459663391113 -16 0
1.009652853012085 -16 0
1.0161921977996826 -16 0
1.0217318534851074 -16 0
1.028104305267334 -16 0
1.033646583557129 -16 0
1.03987717628479 -16 0
1.0477359294891357 -16 0
1.0530376434326172 -16 0
1.0594992637634277 -16 0
1.0660014152526855 -16 0
1.0714566707611084 -16 0
1.077916145324707 -16 0
1.0834591388702393 -16 0
1.0897386074066162 -16 0
1.0962984561920166 -16 0
1.1027641296386719 -16 0
1.1093952655792236 -16 0
1.1157276630401611 -16 0
1.121370553970337 -16 0
1.1278727054595947 -16 0
1.1334037780761719 -16 0
1.1396312713623047 -16 0
1.1461906433105469 -16 0
1.152831792831421 -16 0
1.1590702533721924 -16 0
1.1656219959259033 -16 0
1.1714346408843994 -16 0
1.1780641078948975 -16 0
1.1835973262786865 -16 0
1.189863920211792 -16 0
1.2010235786437988 -16 0
1.20796537399292 -16 0
1.2134976387023926 -16 0
1.2198805809020996 -16 0
1.2266781330108643 -16 0
1.2323696613311768 -16 0
1.238635778427124 -16 0
1.2445244789123535 -16 0
1.2516810894012451 -16 0
1.2581167221069336 -16 0
1.263690710067749 -16 0
1.2699534893035889 -16 0
1.2764761447906494 -16 0
1.282128095626831 -16 0
1.2886135578155518 -16 0
1.2945539951324463 -16 0
1.3017222881317139 -16 0
1.3082647323608398 -16 0
1.3137776851654053 -16 0
1.3200130462646484 -16 0
1.3266141414642334 -16 0
1.332289457321167 -16 0
1.338517427444458 -16 0
1.3440182209014893 -16 0
1.3505468368530273 -16 0
1.3581511974334717 -16 0
1.3637137413024902 -16 0
1.369931697845459 -16 0
1.376438856124878 -16 0
1.3820772171020508 -16 0
1.3884055614471436 -16 0
1.3939459323883057 -16 0
1.4001657962799072 -16 0
1.4080026149749756 -16 0
1.413567066192627 -16 0
1.4198453426361084 -16 0
1.4264016151428223 -16 0
1.4319815635681152 -16 0
1.4385063648223877 -16 0
1.4440233707427979 -16 0
1.450223445892334 -16 0
1.4578957557678223 -16 0
1.4634618759155273 -16 0
1.4698879718780518 -16 0
1.476414680480957 -16 0
1.4820294380187988 -16 0
1.4883387088775635 -16 0
1.493863821029663 -16 0
1.5000815391540527 -16 0
1.5076675415039062 -16 0
1.5129716396331787 -16 0
1.5194706916809082 -16 0
1.5261549949645996 -16 0
1.531735897064209 -16 0
1.538106918334961 -16 0
1.5436534881591797 -16 0
1.5499272346496582 -16 0
1.5576345920562744 -16 0
1.5629587173461914 -16 0
1.5696122646331787 -16 0
1.5761525630950928 -16 0
1.5816924571990967 -16 0
1.588247537612915 -16 0
1.5937538146972656 -16 0
1.6067025661468506 -16 0
1.6124382019042969 -16 0
1.6188340187072754 -16 0
1.6253492832183838 -16 0
1.6309452056884766 -16 0
1.6377840042114258 -16 0
1.6430845260620117 -16 0
1.6497406959533691 -16 0
1.6563053131103516 -16 0
1.6627564430236816 -16 0
1.6690151691436768 -16 0
1.675565242767334 -16 0
1.6809790134429932 -16 0
1.6877307891845703 -16 0
1.6930327415466309 -16 0
1.6997525691986084 -16 0
1.7064621448516846 -16 0
1.7129721641540527 -16 0
1.7194688320159912 -16 0
1.7260091304779053 -16 0
1.7314536571502686 -16 0
1.7379238605499268 -16 0
1.7434306144714355 -16 0
1.7496986389160156 -16 0
1.7562737464904785 -16 0
1.762796401977539 -16 0
1.7694213390350342 -16 0
1.7757511138916016 -16 0
1.7814304828643799 -16 0
1.7879095077514648 -16 0
1.793471097946167 -16 0
1.7997236251831055 -16 0
1.8062701225280762 -16 0
1.812781810760498 -16 0
1.8190178871154785 -16 0
1.8255743980407715 -16 0
1.8314251899719238 -16 0
1.8379197120666504 -16 0
1.8434712886810303 -16 0
1.8497178554534912 -16 0
1.8562843799591064 -16 0
1.862633466720581 -16 0
1.868896484375 -16 0
1.875443696975708 -16 0
1.880871057510376 -16 0
1.8877322673797607 -16 0
1.8930165767669678 -16 0
1.8994996547698975 -16 0
1.9059584140777588 -16 0
1.9125068187713623 -16 0
1.9187848567962646 -16 0
1.9253802299499512 -16 0
1.9308357238769531 -16 0
1.9374744892120361 -16 0
1.9428637027740479 -16 0
1.9495689868927002 -16 0
1.9562623500823975 -16 0
1.962733507156372 -16 0
1.9690167903900146 -16 0
1.9755923748016357 -16 0
1.9809999465942383 -16 0
1.9877574443817139 -16 0
1.995605707168579 -16 0
2.0064077377319336 -16 0
2.0136139392852783 -16 0
2.0200226306915283 -16 0
2.0267434120178223 -16 0
2.0324535369873047 -16 0
2.0387156009674072 -16 0
2.0449843406677246 -16 0
2.050666093826294 -16 0
2.0569796562194824 -16 0
2.062650680541992 -16 0
2.0701444149017334 -16 0
2.0822930335998535 -16 0
2.0887811183929443 -16 0
2.095386505126953 -16 0
2.100818157196045 -16 0
2.107424020767212 -16 0
2.112809896469116 -16 0
2.1200599670410156 -16 0
2.1268203258514404 -16 0
2.1324820518493652 -16 0
2.138770341873169 -16 0
2.145341634750366 -16 0
2.150775194168091 -16 0
2.1574044227600098 -16 0
2.162782907485962 -16 0
2.170069694519043 -16 0
2.1766417026519775 -16 0
2.182344675064087 -16 0
2.188772678375244 -16 0
2.195312023162842 -16 0
2.200747489929199 -16 0
2.2070424556732178 -16 0
2.2127838134765625 -16 0
2.220217704772949 -16 0
2.22674560546875 -16 0
2.2324397563934326 -16 0
2.2387197017669678 -16 0
2.2450740337371826 -16 0
2.2509307861328125 -16 0
2.2576708793640137 -16 0
2.262967348098755 -16 0
2.2702605724334717 -16 0
2.2768301963806152 -16 0
2.2825074195861816 -16 0
2.2887797355651855 -16 0
2.2953526973724365 -16 0
2.300833225250244 -16 0
2.307753801345825 -16 0
2.313042640686035 -16 0
2.3203539848327637 -16 0
2.3269240856170654 -16 0
2.332609176635742 -16 0
2.338890790939331 -16 0
2.3454692363739014 -16 0
2.3510425090789795 -16 0
2.357785940170288 -16 0
2.363079309463501 -16 0
2.3707146644592285 -16 0
2.37707257270813 -16 0
2.382786273956299 -16 0
2.3890132904052734 -16 0
2.3955893516540527 -16 0
2.405743360519409 -16 0
2.411628484725952 -16 0
2.418212652206421 -16 0
2.4254846572875977 -16 0
2.431375026702881 -16 0
2.4378745555877686 -16 0
2.443413019180298 -16 0
2.449632406234741 -16 0
2.456209897994995 -16 0
2.4617462158203125 -16 0
2.468189001083374 -16 0
2.4756548404693604 -16 0
2.4814536571502686 -16 0
2.4881508350372314 -16 0
2.4936940670013428 -16 0
2.4999451637268066 -16 0
2.506438970565796 -16 0
2.512002944946289 -16 0
2.5183041095733643 -16 0
2.5256340503692627 -16 0
2.531033515930176 -16 0
2.5377657413482666 -16 0
2.543083429336548 -16 0
2.549744129180908 -16 0
2.556293249130249 -16 0
2.561884641647339 -16 0
2.5682029724121094 -16 0
2.575453519821167 -16 0
2.5808980464935303 -16 0
2.587614059448242 -16 0
2.5929348468780518 -16 0
2.599378824234009 -16 0
2.6067862510681152 -16 0
2.6124987602233887 -16 0
2.6187491416931152 -16 0
2.626317024230957 -16 0
2.6319005489349365 -16 0
2.638244390487671 -16 0
2.6437931060791016 -16 0
2.6500110626220703 -16 0
2.6565403938293457 -16 0
2.6621429920196533 -16 0
2.668637275695801 -16 0
2.676236391067505 -16 0
2.681750774383545 -16 0
2.688140630722046 -16 0
2.6936655044555664 -16 0
2.6999595165252686 -16 0
2.706488847732544 -16 0
2.71209716796875 -16 0
2.718409776687622 -16 0
2.7257542610168457 -16 0
2.7316854000091553 -16 0
2.7382404804229736 -16 0
2.7437593936920166 -16 0
2.7500014305114746 -16 0
2.7566020488739014 -16 0
2.762289047241211 -16 0
2.7685630321502686 -16 0
2.77449107170105 -16 0
2.7814271450042725 -16 0
2.788111448287964 -16 0
2.7936487197875977 -16 0
2.79988169670105 -16 0
2.8102259635925293 -16 0
2.8169796466827393 -16 0
2.822662353515625 -16 0
2.830012321472168 -16 0
2.836580514907837 -16 0
2.842268228530884 -16 0
2.8486828804016113 -16 0
2.8549745082855225 -16 0
2.860553503036499 -16 0
2.867459535598755 -16 0
2.8728437423706055 -16 0
2.8801143169403076 -16 0
2.8867099285125732 -16 0
2.8924436569213867 -16 0
2.8986904621124268 -16 0
2.904963731765747 -16 0
2.910815715789795 -16 0
2.9174892902374268 -16 0
2.922886848449707 -16 0
2.93017840385437 -16 0
2.9367105960845947 -16 0
2.9424524307250977 -16 0
2.9486892223358154 -16 0
2.9550223350524902 -16 0
2.960667610168457 -16 0
2.9674439430236816 -16 0
2.9728548526763916 -16 0
2.9801852703094482 -16 0
2.986804962158203 -16 0
2.9924774169921875 -16 0
2.9988906383514404 -16 0
