0 0 0
7.772445678710938e-05 -3153 0
0.007228374481201172 -3154 -3
0.01605677604675293 -3154 -23
0.025099515914916992 -3156 -14
0.032155513763427734 -3157 -152
0.04132795333862305 -3159 -175
0.04700112342834473 -3161 -245
0.05453133583068848 -3164 -287
0.06491684913635254 -3167 -324
0.0733499526977539 -3170 -347
0.07998895645141602 -3172 -373
0.08788228034973145 -3176 -401
0.0968780517578125 -3179 -418
0.10320782661437988 -3182 -429
0.10981059074401855 -3186 -445
0.11884093284606934 -3189 -459
0.12488961219787598 -3195 -477
0.1370549201965332 -3199 -491
0.14983558654785156 -3204 -497
0.15530800819396973 -3208 -500
0.16409587860107422 -3212 -510
0.17179560661315918 -3216 -517
0.17717623710632324 -3220 -521
0.18453574180603027 -3224 -525
0.19311928749084473 -3227 -525
0.19974780082702637 -3230 -524
0.20537447929382324 -3234 -528
0.21335315704345703 -3240 -531
0.22234487533569336 -3243 -536
0.22790265083312988 -3246 -538
0.23418569564819336 -3250 -541
0.24197912216186523 -3253 -542
0.2473127841949463 -3257 -544
0.2548043727874756 -3262 -544
0.2626025676727295 -3265 -546
0.27007412910461426 -3268 -545
0.2757894992828369 -3272 -544
0.2831878662109375 -3276 -544
0.29079341888427734 -3280 -544
0.29643797874450684 -3284 -545
0.3039109706878662 -3286 -549
0.3113369941711426 -3291 -550
0.31798768043518066 -3296 -553
0.32698678970336914 -3300 -551
0.3332979679107666 -3303 -550
0.3399510383605957 -3306 -550
0.34783244132995605 -3312 -549
0.3542976379394531 -3315 -550
0.36087894439697266 -3318 -550
0.37137341499328613 -3324 -550
0.3770904541015625 -3328 -550
0.3849961757659912 -3333 -553
0.39275240898132324 -3336 -555
0.4003748893737793 -3341 -558
0.4058535099029541 -3344 -554
0.41327643394470215 -3347 -550
0.42177510261535645 -3352 -550
0.4271659851074219 -3356 -550
0.4345557689666748 -3360 -551
0.44206905364990234 -3363 -552
0.4474155902862549 -3367 -552
0.4539508819580078 -3370 -553
0.46055126190185547 -3374 -553
0.4660987854003906 -3377 -554
0.47249436378479004 -3380 -555
0.4780895709991455 -3384 -557
0.4853639602661133 -3388 -555
0.4921412467956543 -3390 -555
0.4976797103881836 -3395 -553
0.5041117668151855 -3398 -550
0.5107078552246094 -3402 -550
0.5163493156433105 -3405 -552
0.5227036476135254 -3408 -552
0.5282831192016602 -3412 -554
0.535783052444458 -3416 -557
0.5422763824462891 -3418 -554
0.5478496551513672 -3422 -556
0.5541272163391113 -3426 -553
0.560887336730957 -3429 -554
0.566598653793335 -3432 -554
0.5728254318237305 -3436 -553
0.5783665180206299 -3440 -552
0.5859520435333252 -3444 -552
0.5924148559570312 -3447 -549
0.5979864597320557 -3450 -552
0.6042149066925049 -3454 -552
0.6109309196472168 -3457 -555
0.6166458129882812 -3460 -557
0.6231446266174316 -3464 -557
0.6297206878662109 -3468 -557
0.636326789855957 -3471 -552
0.6427123546600342 -3475 -555
0.6482818126678467 -3478 -553
0.6545445919036865 -3481 -553
0.6610910892486572 -3484 -551
0.6667869091033936 -3488 -553
0.673048734664917 -3491 -551
0.6793873310089111 -3496 -551
0.6864511966705322 -3499 -552
0.6928377151489258 -3502 -557
0.6983914375305176 -3506 -556
0.7046129703521729 -3509 -557
0.7112085819244385 -3512 -554
0.7169444561004639 -3516 -554
0.723236083984375 -3519 -551
0.7297918796539307 -3523 -550
0.7366020679473877 -3527 -551
0.7430427074432373 -3530 -551
0.7493603229522705 -3533 -554
0.7550468444824219 -3536 -553
0.7616612911224365 -3540 -555
0.7671492099761963 -3546 -554
0.7773334980010986 -3550 -555
0.7848818302154541 -3553 -557
0.7918252944946289 -3556 -558
0.7972245216369629 -3561 -554
0.8039882183074951 -3563 -553
0.8105611801147461 -3568 -549
0.8161180019378662 -3571 -549
0.8225641250610352 -3574 -551
0.8281073570251465 -3578 -553
0.8343675136566162 -3582 -555
0.842125654220581 -3584 -556
0.8476648330688477 -3589 -555
0.8539814949035645 -3591 -555
0.8607189655303955 -3596 -554
0.8663640022277832 -3599 -554
0.8728711605072021 -3602 -553
0.8788280487060547 -3605 -553
0.8848183155059814 -3610 -552
0.8924598693847656 -3613 -550
0.8980717658996582 -3616 -551
0.9043500423431396 -3620 -551
0.9109876155853271 -3623 -553
0.9166855812072754 -3626 -555
0.9231312274932861 -3630 -557
0.9296913146972656 -3633 -556
0.9351809024810791 -3638 -555
0.9426815509796143 -3641 -554
0.9482228755950928 -3644 -552
0.954472541809082 -3648 -551
0.9610497951507568 -3651 -553
0.9667952060699463 -3654 -553
0.97304368019104 -3657 -551
0.9793391227722168 -3661 -552
0.9851884841918945 -3665 -552
0.9927363395690918 -3668 -556
0.9982926845550537 -3672 -555
