0 0 0
7.915496826171875e-05 -3682 0
0.007106304168701172 -3682 0
0.013915300369262695 -3681 9
0.020307302474975586 -3680 9
0.0278627872467041 -3678 150
0.03673958778381348 -3677 199
0.04246950149536133 -3676 191
0.04893183708190918 -3672 267
0.05795884132385254 -3671 280
0.0635523796081543 -3668 312
0.07205319404602051 -3665 357
0.07839512825012207 -3663 368
0.08398294448852539 -3660 392
0.09038567543029785 -3657 408
0.09893655776977539 -3654 421
0.1054990291595459 -3652 438
0.11103391647338867 -3648 455
0.11858654022216797 -3645 467
0.12617993354797363 -3641 479
0.1317431926727295 -3638 489
0.1390371322631836 -3635 497
0.14687037467956543 -3631 503
0.1525721549987793 -3627 508
0.1599287986755371 -3623 513
0.16793537139892578 -3621 519
0.1753404140472412 -3616 522
0.18081951141357422 -3610 527
0.1925663948059082 -3607 530
0.19900012016296387 -3602 533
0.20811986923217773 -3598 539
0.21366596221923828 -3595 543
0.21994352340698242 -3591 551
0.22849345207214355 -3588 548
0.23401737213134766 -3584 550
0.24028778076171875 -3580 548
0.24809932708740234 -3576 548
0.25554752349853516 -3573 552
0.26099538803100586 -3569 553
0.26873087882995605 -3565 552
0.27638769149780273 -3561 552
0.28203511238098145 -3556 554
0.2894754409790039 -3554 558
0.2970461845397949 -3550 561
0.30272531509399414 -3545 563
0.3101048469543457 -3541 560
0.3179044723510742 -3538 558
0.32506561279296875 -3534 556
0.330974817276001 -3530 558
0.3385798931121826 -3526 558
0.34505438804626465 -3522 562
0.35302019119262695 -3517 560
0.359546422958374 -3515 560
0.3660695552825928 -3509 560
0.3737201690673828 -3506 561
0.3799915313720703 -3502 564
0.3866703510284424 -3499 567
0.394625186920166 -3494 566
0.4006075859069824 -3491 563
0.4070777893066406 -3488 561
0.41277122497558594 -3484 560
0.42011570930480957 -3479 561
0.4280712604522705 -3476 563
0.4354732036590576 -3472 567
0.44094300270080566 -3468 566
0.4484708309173584 -3464 564
0.4540064334869385 -3461 564
0.4602677822113037 -3458 565
0.46683645248413086 -3454 566
0.4725182056427002 -3451 563
0.47878336906433105 -3447 564
0.486173152923584 -3443 561
0.49175286293029785 -3440 561
0.49820542335510254 -3436 561
0.5037744045257568 -3433 562
0.510188102722168 -3429 564
0.5167686939239502 -3426 568
0.5224905014038086 -3422 567
0.5287418365478516 -3419 567
0.5350542068481445 -3414 564
0.5418219566345215 -3411 564
0.5482394695281982 -3408 563
0.5537843704223633 -3404 564
0.5601911544799805 -3401 564
0.5669095516204834 -3398 563
0.5726633071899414 -3394 561
0.5789597034454346 -3388 562
0.5900719165802002 -3384 564
0.5968644618988037 -3381 567
0.6025898456573486 -3377 568
0.6090309619903564 -3374 569
0.6156661510467529 -3370 566
0.6211168766021729 -3362 561
0.6368374824523926 -3358 565
0.6435146331787109 -3354 563
0.6499204635620117 -3348 563
0.659745454788208 -3344 564
0.6691021919250488 -3340 564
0.6771337985992432 -3334 569
0.6836328506469727 -3330 567
0.6921079158782959 -3326 567
0.6986877918243408 -3322 563
0.7076857089996338 -3319 562
0.7130396366119385 -3314 560
0.7197480201721191 -3310 563
0.7285060882568359 -3306 564
0.7340586185455322 -3303 566
0.7419507503509521 -3295 565
0.756514310836792 -3289 565
0.7640993595123291 -3286 565
0.7703862190246582 -3282 567
0.776928186416626 -3279 565
0.7855198383331299 -3274 563
0.7922935485839844 -3270 559
0.7985692024230957 -3267 561
0.8063561916351318 -3262 563
0.8119935989379883 -3258 565
0.819659948348999 -3256 568
0.8286147117614746 -3248 566
0.8375303745269775 -3244 565
0.8464558124542236 -3238 567
0.8540744781494141 -3235 562
0.8603405952453613 -3232 564
0.8670778274536133 -3224 561
0.8810067176818848 -3219 562
0.8878240585327148 -3216 567
0.894615650177002 -3212 567
0.9035525321960449 -3207 569
0.9100043773651123 -3204 564
0.9165892601013184 -3200 564
0.9241237640380859 -3196 563
0.9307601451873779 -3192 562
0.9374802112579346 -3189 563
0.9451124668121338 -3184 563
0.9538424015045166 -3178 561
0.9624109268188477 -3174 562
0.9687483310699463 -3171 563
0.975064754486084 -3167 564
0.9807493686676025 -3160 567
0.9955089092254639 -3156 566
