0 0 0
7.891654968261719e-05 -4514 0
0.006601810455322266 -4514 0
0.014889717102050781 -4515 -2
0.020450830459594727 -4515 -6
0.02941131591796875 -4516 -14
0.03592109680175781 -4516 -31
0.04231452941894531 -4517 -91
0.049941062927246094 -4518 -50
0.05629467964172363 -4519 -126
0.0628516674041748 -4520 -142
0.06837272644042969 -4522 -161
0.07608890533447266 -4522 -177
0.08352136611938477 -4524 -189
0.08923721313476562 -4526 -195
0.09663057327270508 -4528 -201
0.10449767112731934 -4528 -208
0.11166262626647949 -4530 -216
0.11733675003051758 -4532 -225
0.1249094009399414 -4535 -232
0.13636541366577148 -4536 -238
0.14310383796691895 -4538 -242
0.1510920524597168 -4540 -246
0.1574873924255371 -4541 -245
0.16424059867858887 -4543 -247
0.17268753051757812 -4545 -248
0.17827820777893066 -4547 -251
0.18476200103759766 -4549 -252
0.19333982467651367 -4550 -251
0.19905924797058105 -4552 -253
0.2053544521331787 -4554 -255
0.21298718452453613 -4556 -255
0.21859216690063477 -4558 -255
0.22603130340576172 -4558 -257
0.2334427833557129 -4560 -258
0.23912668228149414 -4563 -260
0.2465043067932129 -4565 -258
0.25453615188598633 -4567 -260
0.26299452781677246 -4568 -260
0.2686030864715576 -4570 -262
0.27495598793029785 -4572 -262
0.28363037109375 -4574 -263
0.28933191299438477 -4575 -261
0.2956063747406006 -4578 -264
0.31168603897094727 -4582 -263
0.3227534294128418 -4585 -266
0.33117103576660156 -4586 -264
0.3371443748474121 -4588 -263
0.3436300754547119 -4590 -262
0.3543381690979004 -4592 -263
0.35968804359436035 -4594 -261
0.3671088218688965 -4597 -261
0.3783872127532959 -4599 -261
0.3848745822906494 -4600 -261
0.3904383182525635 -4602 -262
0.3975365161895752 -4605 -262
0.4083702564239502 -4607 -265
0.41496849060058594 -4608 -264
0.42050909996032715 -4610 -265
0.4355032444000244 -4614 -265
0.44327688217163086 -4616 -265
0.4500765800476074 -4618 -263
0.45963144302368164 -4620 -264
0.4665677547454834 -4623 -263
0.4744141101837158 -4624 -265
0.4805567264556885 -4626 -264
0.48745083808898926 -4628 -264
0.4944019317626953 -4629 -265
0.4999582767486572 -4631 -263
0.5062720775604248 -4633 -264
0.5135636329650879 -4634 -264
0.5192363262176514 -4636 -263
0.526282548904419 -4639 -263
0.5366642475128174 -4640 -261
0.5435113906860352 -4642 -262
0.5492463111877441 -4644 -262
0.5560405254364014 -4646 -263
0.5633440017700195 -4648 -261
0.5690567493438721 -4649 -262
0.5753073692321777 -4650 -264
0.5816693305969238 -4652 -265
0.5873034000396729 -4654 -265
0.5936415195465088 -4655 -264
0.599318265914917 -4657 -266
0.6056084632873535 -4659 -266
0.6133954524993896 -4661 -266
0.6190896034240723 -4662 -266
0.6253395080566406 -4664 -264
0.6316184997558594 -4666 -264
0.6374006271362305 -4667 -264
0.6441004276275635 -4669 -263
0.6494967937469482 -4670 -261
0.6559853553771973 -4672 -263
0.6633720397949219 -4674 -264
0.6690850257873535 -4676 -263
0.6755356788635254 -4677 -263
0.6821155548095703 -4679 -262
0.6875643730163574 -4681 -264
0.6943535804748535 -4682 -263
0.6996550559997559 -4684 -262
0.7061214447021484 -4685 -262
0.7133779525756836 -4687 -263
0.7190907001495361 -4689 -264
0.7253899574279785 -4690 -263
0.7319228649139404 -4692 -262
0.737537145614624 -4694 -262
0.7443311214447021 -4695 -264
0.7496764659881592 -4697 -265
0.7562410831451416 -4698 -264
0.7634658813476562 -4700 -263
0.7692151069641113 -4702 -265
0.77549147605896 -4704 -265
0.7820758819580078 -4705 -266
0.7875242233276367 -4707 -265
0.7944231033325195 -4708 -265
0.7999553680419922 -4710 -264
0.8064060211181641 -4712 -263
0.8140110969543457 -4714 -263
0.8194141387939453 -4715 -262
0.8256797790527344 -4717 -261
0.8322629928588867 -4718 -263
0.8376777172088623 -4720 -260
0.8444883823394775 -4721 -262
0.8500750064849854 -4724 -261
0.8565189838409424 -4725 -262
0.8642528057098389 -4727 -262
0.8696475028991699 -4729 -263
0.8761820793151855 -4730 -263
0.882697343826294 -4732 -264
0.8882441520690918 -4734 -265
0.8946499824523926 -4735 -266
0.900244951248169 -4737 -263
0.906484842300415 -4738 -263
0.9132142066955566 -4740 -265
0.9196152687072754 -4742 -264
0.9260764122009277 -4745 -264
0.9363279342651367 -4746 -265
0.9430825710296631 -4748 -265
0.9487082958221436 -4750 -264
0.9552228450775146 -4751 -264
0.9611830711364746 -4753 -264
0.9683871269226074 -4755 -264
0.974963903427124 -4756 -264
0.9805216789245605 -4758 -264
0.9867985248565674 -4760 -262
0.9933934211730957 -4761 -262
0.9990906715393066 -4762 -262
