0 0 0
7.462501525878906e-05 0 0
0.013786554336547852 0 0
0.022728681564331055 0 0
0.027994632720947266 0 0
0.03444719314575195 0 0
0.0429384708404541 0 0
0.048410892486572266 0 0
0.05480217933654785 0 0
0.06267285346984863 0 0
0.06794047355651855 0 0
0.0751807689666748 0 0
0.08366155624389648 0 0
0.08991885185241699 0 0
0.09532451629638672 0 0
0.10294651985168457 0 0
0.10997509956359863 0 0
0.1154623031616211 0 0
0.12438631057739258 0 0
0.13069772720336914 0 0
0.13606548309326172 0 0
0.14350438117980957 0 0
0.15077781677246094 0 0
0.15841412544250488 0 0
0.16868305206298828 0 0
0.17595195770263672 0 0
0.183030366897583 0 0
0.19159960746765137 0 0
0.19716334342956543 0 0
0.20342087745666504 0 0
0.21174979209899902 0 0
0.21740078926086426 0 0
0.2236323356628418 0 0
0.23108935356140137 0 0
0.2385423183441162 0 0
0.24501347541809082 0 0
0.25150084495544434 0 0
0.2570502758026123 0 0
0.26409053802490234 0 0
0.2715945243835449 0 0
0.2794504165649414 0 0
0.2852518558502197 0 0
0.2917344570159912 0 0
0.29738497734069824 0 0
0.30478763580322266 0 0
0.3125476837158203 0 0
0.3178746700286865 0 0
0.3250758647918701 0 0
0.33359193801879883 0 0
0.33942198753356934 0 0
0.3453700542449951 0 0
0.35288071632385254 0 0
0.35813212394714355 0 0
0.36476826667785645 0 0
0.3712944984436035 0 0
0.3767564296722412 0 0
0.3831298351287842 0 0
0.3886594772338867 0 0
0.3948698043823242 0 0
0.40212106704711914 0 0
0.40777587890625 0 0
0.4139842987060547 0 0
0.42049717903137207 0 0
0.42603158950805664 0 0
0.43268394470214844 0 0
0.43796515464782715 0 0
0.44553279876708984 0 0
0.45351171493530273 0 0
0.4590108394622803 0 0
0.46520352363586426 0 0
0.47171640396118164 0 0
0.47734546661376953 0 0
0.4837179183959961 0 0
0.48999476432800293 0 0
0.4954252243041992 0 0
0.5031013488769531 0 0
0.5085697174072266 0 0
0.5147788524627686 0 0
0.5212557315826416 0 0
0.5267260074615479 0 0
0.5330781936645508 0 0
0.5385446548461914 0 0
0.544898509979248 0 0
0.5514180660247803 0 0
0.5578811168670654 0 0
0.5640745162963867 0 0
0.5744614601135254 0 0
0.5807747840881348 0 0
0.5864779949188232 0 0
0.5930914878845215 0 0
0.5985829830169678 0 0
0.6059989929199219 0 0
0.6126582622528076 0 0
0.6179049015045166 0 0
0.6240906715393066 0 0
0.6306045055389404 0 0
0.6359188556671143 0 0
0.6425607204437256 0 0
0.6478753089904785 0 0
0.6550397872924805 0 0
0.6616644859313965 0 0
0.6672911643981934 0 0
0.6734750270843506 0 0
0.678908109664917 0 0
0.6850776672363281 0 0
0.6916301250457764 0 0
0.6972661018371582 0 0
0.7036478519439697 0 0
0.7108554840087891 0 0
0.7164092063903809 0 0
0.7230420112609863 0 0
0.7285172939300537 0 0
0.7347345352172852 0 0
0.741236686706543 0 0
0.7467527389526367 0 0
0.75313401222229 0 0
0.7605016231536865 0 0
0.7658557891845703 0 0
0.7721071243286133 0 0
0.7777087688446045 0 0
0.7840895652770996 0 0
0.7905788421630859 0 0
0.7959146499633789 0 0
0.8026483058929443 0 0
0.8089075088500977 0 0
0.8150861263275146 0 0
0.8215887546539307 0 0
0.8271236419677734 0 0
0.8335492610931396 0 0
0.839414119720459 0 0
0.8454020023345947 0 0
0.8518936634063721 0 0
0.8584403991699219 0 0
0.8647210597991943 0 0
0.8712444305419922 0 0
0.8767604827880859 0 0
0.8831310272216797 0 0
0.888601541519165 0 0
0.8947947025299072 0 0
0.9014785289764404 0 0
0.907005786895752 0 0
0.9139914512634277 0 0
0.9204862117767334 0 0
0.9258594512939453 0 0
0.932410717010498 0 0
0.9377994537353516 0 0
0.943974494934082 0 0
0.9504311084747314 0 0
0.9559531211853027 0 0
0.9636521339416504 0 0
0.9738888740539551 0 0
0.980426549911499 0 0
0.9859278202056885 0 0
0.9927678108215332 0 0
0.9980080127716064 0 0
