0 0 0
7.653236389160156e-05 0 0
0.01375889778137207 0 0
0.022840499877929688 0 -3
0.028402090072631836 -1 -8
0.036988019943237305 -2 -75
0.043598175048828125 -2 -84
0.04997682571411133 -3 -38
0.05551648139953613 -4 -92
0.06460213661193848 -5 -125
0.07118773460388184 -6 -134
0.076812744140625 -8 -156
0.08406519889831543 -8 -170
0.09176206588745117 -10 -175
0.09753727912902832 -12 -184
0.10491514205932617 -13 -197
0.11350822448730469 -14 -197
0.11953258514404297 -16 -201
0.12577533721923828 -18 -208
0.13342595100402832 -19 -210
0.14083194732666016 -20 -214
0.1486039161682129 -22 -219
0.1549692153930664 -24 -223
0.16158246994018555 -25 -224
0.16733193397521973 -27 -226
0.17488956451416016 -28 -227
0.18280982971191406 -30 -228
0.18947935104370117 -32 -230
0.19550347328186035 -33 -231
0.20412921905517578 -35 -232
0.21077370643615723 -36 -233
0.21648120880126953 -38 -235
0.22388029098510742 -40 -236
0.2314920425415039 -41 -236
0.23948884010314941 -43 -239
0.24577999114990234 -45 -240
0.25258493423461914 -46 -241
0.2580227851867676 -48 -241
0.2653648853302002 -50 -242
0.2730979919433594 -52 -242
0.2804679870605469 -53 -242
0.2860291004180908 -55 -242
0.29471445083618164 -56 -239
0.30153536796569824 -58 -240
0.30736374855041504 -60 -240
0.3147249221801758 -61 -240
0.3258955478668213 -64 -238
0.3331484794616699 -66 -239
0.3413393497467041 -68 -240
0.34702277183532715 -69 -240
0.35360026359558105 -71 -239
0.3599400520324707 -72 -240
0.36600804328918457 -74 -242
0.37279844284057617 -75 -242
0.37838196754455566 -77 -241
0.3847475051879883 -78 -240
0.39246296882629395 -80 -240
0.3979942798614502 -82 -240
0.4045374393463135 -83 -243
0.41116786003112793 -85 -242
0.4167466163635254 -86 -241
0.42339658737182617 -88 -243
0.4289841651916504 -89 -242
0.4354667663574219 -91 -244
0.44394993782043457 -92 -243
0.45061707496643066 -94 -241
0.45609521865844727 -96 -243
0.46291565895080566 -97 -241
0.4684913158416748 -99 -242
0.47481226921081543 -100 -242
0.4816436767578125 -102 -240
0.48808789253234863 -104 -240
0.4947357177734375 -104 -239
0.5013761520385742 -106 -239
0.5070955753326416 -108 -239
0.5135011672973633 -109 -240
0.5194756984710693 -111 -239
0.5254487991333008 -112 -241
0.5320343971252441 -114 -240
0.5378258228302002 -116 -240
0.5453648567199707 -117 -242
0.5519962310791016 -118 -241
0.5577549934387207 -120 -243
0.5645534992218018 -122 -242
0.5711367130279541 -124 -243
0.576749324798584 -125 -243
0.583261251449585 -126 -243
0.590606689453125 -128 -244
0.5963706970214844 -130 -241
0.6031143665313721 -131 -241
0.6087405681610107 -132 -241
0.6151008605957031 -134 -241
0.621837854385376 -136 -242
0.6275656223297119 -137 -242
0.6338963508605957 -138 -241
0.6413552761077881 -140 -241
0.6470870971679688 -142 -241
0.6535487174987793 -143 -242
0.659482479095459 -145 -241
0.6657204627990723 -146 -241
0.6724488735198975 -148 -241
0.6779847145080566 -150 -240
0.6845643520355225 -150 -241
0.6919498443603516 -152 -241
0.6977159976959229 -154 -239
0.7040491104125977 -155 -239
0.7107565402984619 -157 -240
0.7166240215301514 -159 -242
0.7270371913909912 -161 -241
0.7336008548736572 -162 -242
0.7399797439575195 -164 -243
0.7470846176147461 -166 -243
0.7536461353302002 -168 -243
0.7599940299987793 -169 -243
0.7655553817749023 -170 -243
0.7721490859985352 -172 -243
0.7778921127319336 -174 -242
0.7846426963806152 -175 -241
0.7924673557281494 -177 -240
0.8000762462615967 -178 -241
0.8057863712310791 -180 -240
0.8124699592590332 -182 -240
0.8180222511291504 -183 -240
0.8247654438018799 -184 -240
0.8313724994659424 -186 -240
0.8370785713195801 -188 -241
0.8446900844573975 -189 -241
0.8513627052307129 -191 -240
0.8570475578308105 -192 -240
0.86348557472229 -194 -241
0.8694336414337158 -196 -242
0.8754525184631348 -197 -240
0.8820791244506836 -198 -240
0.8878331184387207 -200 -240
0.8952546119689941 -202 -241
0.9021115303039551 -203 -242
0.9080069065093994 -205 -241
0.9145810604095459 -206 -242
0.9211761951446533 -208 -242
0.9267561435699463 -210 -243
0.9332590103149414 -211 -243
0.9388599395751953 -212 -243
0.9461479187011719 -214 -242
0.9531381130218506 -216 -243
0.9587702751159668 -217 -243
0.9652855396270752 -218 -241
0.971935510635376 -220 -242
0.9777166843414307 -222 -240
0.9840471744537354 -223 -240
0.9908244609832764 -225 -239
0.9976606369018555 -226 -240
