0 0 0
7.915496826171875e-05 0 0
0.016132593154907227 1 2
0.025120019912719727 1 6
0.03221297264099121 2 30
0.03879809379577637 3 86
0.044765472412109375 4 51
0.0536346435546875 5 165
0.0606839656829834 7 182
0.06667542457580566 9 196
0.07421994209289551 11 226
0.08218669891357422 13 257
0.09136199951171875 15 268
0.0971684455871582 17 284
0.10374975204467773 19 294
0.11175918579101562 21 300
0.11942362785339355 24 317
0.12750029563903809 27 332
0.13405346870422363 29 339
0.14108872413635254 31 346
0.14818334579467773 35 356
0.16008448600769043 39 360
0.16880369186401367 41 362
0.175154447555542 44 364
0.18210935592651367 47 367
0.19144773483276367 49 370
0.19734406471252441 52 373
0.2039475440979004 55 377
0.21317243576049805 57 380
0.22024893760681152 61 382
0.22623038291931152 63 384
0.23381590843200684 67 385
0.2417914867401123 70 386
0.2504708766937256 72 387
0.25643205642700195 75 389
0.26330137252807617 77 391
0.27144861221313477 80 391
0.27907848358154297 83 390
0.2870912551879883 87 389
0.29374170303344727 89 390
0.3006110191345215 91 386
0.3065767288208008 95 388
0.31413912773132324 98 390
0.3223388195037842 100 391
0.33039307594299316 103 394
0.33928418159484863 107 394
0.3453559875488281 110 396
0.35211610794067383 112 397
0.35982227325439453 115 396
0.3657553195953369 117 393
0.37233567237854004 120 392
0.37922024726867676 123 393
0.38620924949645996 126 394
0.3939328193664551 129 395
0.4010488986968994 131 394
0.40679264068603516 134 392
0.41356945037841797 137 391
0.42043328285217285 139 390
0.42641186714172363 141 392
0.4332764148712158 144 391
0.44123029708862305 147 394
0.4471142292022705 150 394
0.45388269424438477 152 399
0.4607663154602051 155 399
0.4667396545410156 158 399
0.47354841232299805 160 398
0.4804105758666992 163 395
0.4864389896392822 166 393
0.4940333366394043 168 391
0.5011062622070312 171 394
0.5070416927337646 173 395
0.5137851238250732 176 395
0.5206351280212402 179 394
0.5265765190124512 181 394
0.5333867073059082 184 395
0.5402324199676514 186 394
0.5473058223724365 190 396
0.5581424236297607 193 398
0.5646541118621826 197 398
0.5719695091247559 199 398
0.5781538486480713 201 397
0.5847718715667725 205 399
0.5925264358520508 207 397
0.5994689464569092 210 395
0.6055171489715576 213 394
0.612229585647583 215 393
0.618807315826416 217 393
0.6247663497924805 220 394
0.63199782371521 223 395
0.6382031440734863 226 397
0.6456866264343262 228 395
0.6532597541809082 231 397
0.660179615020752 234 395
0.6661818027496338 236 396
0.6727230548858643 239 397
0.6797621250152588 242 397
0.6856589317321777 244 397
0.6924645900726318 247 397
0.7002301216125488 250 396
0.7061939239501953 252 398
0.7131145000457764 255 395
0.7199633121490479 257 393
0.7258338928222656 260 392
0.7324414253234863 262 392
0.7392885684967041 265 393
0.7463786602020264 269 394
0.7533321380615234 271 397
0.7601914405822754 273 397
0.7661681175231934 276 397
0.7727785110473633 278 399
0.7798373699188232 281 398
0.7857339382171631 284 397
0.7923297882080078 287 396
0.8002417087554932 289 397
0.8062036037445068 291 397
0.8131070137023926 294 394
0.819920539855957 297 396
0.8258035182952881 299 394
0.832521915435791 302 394
0.839414119720459 305 393
0.8464875221252441 308 392
0.8533337116241455 311 393
0.8601763248443604 313 395
0.8661510944366455 315 396
0.873063325881958 318 397
0.8798742294311523 321 399
0.8863248825073242 324 398
0.8940305709838867 327 398
0.9019608497619629 330 397
0.9081711769104004 332 396
0.9145021438598633 335 397
0.9215602874755859 337 393
0.9273867607116699 340 393
0.9340932369232178 342 395
0.9412493705749512 345 396
0.9487254619598389 349 394
0.9594101905822754 353 393
0.9656903743743896 355 395
0.9726128578186035 357 395
0.9794960021972656 361 395
0.9857535362243652 363 397
0.9925293922424316 365 396
