0 0 0
7.557868957519531e-05 0 0
0.013529300689697266 -1 -2
0.022316694259643555 -1 -6
0.028773784637451172 -2 -37
0.0354154109954834 -2 -72
0.04338431358337402 -4 -58
0.049745798110961914 -5 -129
0.05639314651489258 -6 -152
0.06203174591064453 -8 -184
0.06942439079284668 -10 -202
0.07820391654968262 -11 -213
0.08378410339355469 -12 -236
0.0900869369506836 -14 -246
0.0979917049407959 -16 -262
0.10545039176940918 -18 -279
0.11092853546142578 -20 -294
0.11852097511291504 -23 -297
0.1269373893737793 -25 -305
0.13264870643615723 -28 -313
0.14296698570251465 -31 -319
0.1519913673400879 -33 -324
0.15864086151123047 -35 -326
0.1649937629699707 -37 -327
0.17328953742980957 -40 -331
0.1796398162841797 -42 -335
0.18629193305969238 -44 -336
0.19384551048278809 -47 -340
0.20019841194152832 -50 -342
0.2069704532623291 -52 -343
0.21268939971923828 -54 -346
0.220198392868042 -57 -348
0.22882676124572754 -59 -348
0.2354447841644287 -61 -351
0.24091577529907227 -64 -352
0.24849677085876465 -66 -351
0.2561328411102295 -69 -353
0.2637763023376465 -72 -355
0.2701079845428467 -74 -355
0.27689290046691895 -76 -355
0.28261518478393555 -79 -354
0.2899751663208008 -82 -354
0.29778003692626953 -83 -351
0.30443263053894043 -87 -353
0.31253862380981445 -90 -352
0.31987905502319336 -92 -354
0.3276333808898926 -94 -356
0.3343827724456787 -97 -357
0.3407135009765625 -99 -358
0.347337007522583 -101 -359
0.35283994674682617 -103 -357
0.3593783378601074 -105 -359
0.3661015033721924 -108 -358
0.3716886043548584 -111 -356
0.37946176528930664 -112 -356
0.386049747467041 -115 -358
0.39165544509887695 -118 -358
0.39832639694213867 -120 -356
0.40390777587890625 -122 -356
0.41022396087646484 -124 -357
0.41686463356018066 -126 -355
0.42262935638427734 -129 -354
0.43004798889160156 -131 -355
0.436673641204834 -133 -354
0.4424145221710205 -135 -353
0.44878506660461426 -137 -355
0.45543432235717773 -140 -356
0.4612753391265869 -142 -357
0.4680006504058838 -144 -359
0.4736325740814209 -147 -360
0.4809563159942627 -150 -360
0.487823486328125 -151 -358
0.4934654235839844 -154 -359
0.49983906745910645 -156 -357
0.5064525604248047 -158 -357
0.512195348739624 -160 -356
0.518641471862793 -162 -355
0.5249965190887451 -165 -355
0.5319104194641113 -168 -357
0.5422415733337402 -171 -356
0.5487008094787598 -173 -357
0.5552663803100586 -175 -356
0.5609519481658936 -178 -354
0.5679471492767334 -180 -356
0.5735428333282471 -182 -357
0.5810203552246094 -185 -357
0.5878462791442871 -187 -360
0.5934793949127197 -190 -358
0.5999855995178223 -192 -360
0.6066970825195312 -194 -360
0.612438440322876 -196 -360
0.6187441349029541 -198 -359
0.6253821849822998 -200 -358
0.632192850112915 -203 -355
0.6386661529541016 -205 -356
0.6450262069702148 -208 -354
0.6507408618927002 -210 -354
0.6573503017425537 -212 -355
0.6628608703613281 -214 -355
0.6694364547729492 -216 -356
0.6760044097900391 -219 -358
0.6826272010803223 -221 -359
0.6889257431030273 -223 -359
0.6955640316009521 -226 -357
0.7015073299407959 -228 -358
0.7079706192016602 -230 -357
0.713550329208374 -232 -356
0.7198898792266846 -234 -358
0.7266275882720947 -237 -358
0.7334048748016357 -240 -358
0.739800214767456 -242 -357
0.7463874816894531 -244 -358
0.7519989013671875 -246 -355
0.7585492134094238 -248 -355
0.7649252414703369 -250 -355
0.7704334259033203 -252 -354
0.7770435810089111 -254 -354
0.7837851047515869 -258 -356
0.7900831699371338 -260 -355
0.7967169284820557 -262 -357
0.80245041847229 -264 -358
0.8088169097900391 -266 -360
0.8154058456420898 -268 -358
0.8210480213165283 -271 -360
0.8279159069061279 -273 -358
0.8353185653686523 -276 -356
0.8408217430114746 -278 -356
0.8476645946502686 -280 -356
0.8530383110046387 -282 -355
0.8597743511199951 -285 -355
0.8663787841796875 -287 -356
0.8720228672027588 -289 -355
0.8785378932952881 -291 -356
0.8860061168670654 -294 -357
0.8916199207305908 -296 -357
0.8981094360351562 -298 -356
0.9038505554199219 -300 -356
0.9101853370666504 -302 -356
0.9167788028717041 -305 -357
0.9225072860717773 -308 -359
0.9297854900360107 -310 -359
0.941291093826294 -314 -359
0.9479975700378418 -316 -360
0.9536311626434326 -318 -360
0.9600930213928223 -320 -358
0.9668922424316406 -322 -356
0.9726293087005615 -325 -355
0.9789366722106934 -327 -355
0.986797571182251 -330 -354
0.9926338195800781 -332 -354
0.9994025230407715 -334 -356
