000
0.0005464553833007812 0 0
0.014564037322998047 0 2
0.02056288719177246 2 18
0.026414155960083008 2 54
0.032698869705200195 4 37
0.03827190399169922 6 55
0.044406890869140625 7 257
0.049979209899902344 9 280
0.056908369064331055 13 369
0.06338381767272949 16 418
0.06881070137023926 19 487
0.07492756843566895 23 528
0.08104085922241211 26 574
0.08678603172302246 30 618
0.09324789047241211 34 640
0.09871196746826172 39 678
0.10485553741455078 43 712
0.11202812194824219 48 736
0.11854434013366699 54 754
0.12494945526123047 59 775
0.13105177879333496 64 794
0.1366286277770996 69 819
0.14317870140075684 74 830
0.14862418174743652 79 845
0.1548304557800293 84 861
0.16193771362304688 90 872
0.1674787998199463 95 880
0.1749417781829834 102 886
0.18133807182312012 108 892
0.186903715133667 113 906
0.19335269927978516 118 912
0.19881224632263184 124 923
0.20506525039672852 130 926
0.21242618560791016 135 929
0.2178189754486084 141 934
0.223954439163208 146 935
0.22937250137329102 152 941
0.23550844192504883 158 948
0.24178838729858398 164 953
0.24726581573486328 170 955
0.2536759376525879 175 954
0.2607743740081787 183 956
0.266587495803833 188 959
0.27281713485717773 192 963
0.27846193313598633 200 966
0.2846827507019043 204 969
0.2907536029815674 212 973
0.2964305877685547 216 975
0.302722692489624 222 973
0.30838680267333984 230 972
0.3153855800628662 235 974
0.321958065032959 241 980
0.3275110721588135 247 981
0.3337974548339844 253 983
0.3392670154571533 259 982
0.34543442726135254 269 982
0.35550975799560547 274 979
0.36290907859802246 280 980
0.368593692779541 288 986
0.37494516372680664 294 989
0.3810911178588867 300 989
0.3869318962097168 306 984
0.39328575134277344 312 983
0.3987758159637451 318 981
0.4049992561340332 324 982
0.4123554229736328 330 990
0.417680025100708 336 994
0.4238724708557129 342 990
0.42934131622314453 348 986
0.4354887008666992 354 986
0.4419524669647217 360 985
0.4474608898162842 366 989
0.45374631881713867 372 988
0.45919108390808105 379 993
0.466489315032959 385 994
0.4728364944458008 389 989
0.47843217849731445 397 986
0.4847102165222168 401 986
0.4907686710357666 409 989
0.4960362911224365 413 990
0.5028116703033447 419 991
0.5084290504455566 427 993
0.5155739784240723 433 993
0.5219018459320068 439 989
0.5273597240447998 445 986
0.5337221622467041 450 989
0.5391702651977539 456 990
0.5453662872314453 462 991
0.5517361164093018 468 989
0.557197093963623 474 990
0.5647342205047607 480 989
0.5708935260772705 488 987
0.5764656066894531 492 986
0.5827515125274658 498 987
0.5883715152740479 506 993
0.5945229530334473 510 994
0.6005406379699707 516 991
0.6058175563812256 522 991
0.6124987602233887 530 987
0.6188356876373291 536 987
0.6251204013824463 542 988
0.6312429904937744 548 993
0.6368076801300049 554 994
0.6433389186859131 560 992
0.6488111019134521 566 990
0.654949426651001 571 990
0.6611614227294922 577 990
0.6678268909454346 583 991
0.6739623546600342 589 993
0.6794126033782959 595 996
0.6857633590698242 601 994
0.6923003196716309 607 991
0.6976096630096436 613 986
0.7038774490356445 619 986
0.7093198299407959 625 987
0.7165853977203369 633 990
0.7233357429504395 639 992
0.7287840843200684 645 993
0.7350091934204102 650 990
0.7411148548126221 656 984
0.7468600273132324 664 986
0.7567055225372314 672 992
0.7632632255554199 678 992
0.7693617343902588 684 992
0.7757971286773682 690 990
0.7826128005981445 696 988
0.788276195526123 704 987
0.7944293022155762 708 988
0.7999863624572754 714 990
0.8059754371643066 720 996
0.8125596046447754 726 991
0.8190340995788574 734 989
0.8251762390136719 740 987
0.8313000202178955 746 988
0.8369030952453613 752 989
0.8433735370635986 758 992
0.8487956523895264 764 992
0.8549463748931885 770 993
0.861119270324707 776 991
0.8668506145477295 781 985
0.8740139007568359 787 986
0.8794651031494141 793 990
0.8856179714202881 799 990
0.891913890838623 805 991
0.8974454402923584 811 992
0.9039363861083984 817 992
0.9093539714813232 823 986
0.9155607223510742 831 989
0.9232480525970459 837 987
0.9286935329437256 843 992
0.9349157810211182 849 995
0.9409768581390381 855 994
0.9465501308441162 860 991
0.9528298377990723 864 989
0.958420991897583 872 988
0.9646904468536377 876 989
0.9717767238616943 884 991
0.9772176742553711 890 992
0.9836907386779785 896 988
0.9891700744628906 902 989
0.9953792095184326 908 988
