0 0 0
7.295608520507812e-05 0 0
0.01776862144470215 0 -9
0.023555994033813477 -1 -23
0.029848098754882812 -1 -14
0.03764486312866211 -3 -46
0.043262481689453125 -5 -163
0.050649166107177734 -7 -202
0.05918526649475098 -9 -241
0.06473398208618164 -12 -291
0.07485342025756836 -14 -315
0.08363842964172363 -17 -334
0.09015917778015137 -19 -351
0.09683060646057129 -23 -378
0.10490226745605469 -25 -393
0.11115121841430664 -28 -405
0.11772775650024414 -30 -420
0.12720251083374023 -35 -430
0.13271641731262207 -37 -439
0.13908863067626953 -39 -450
0.14613723754882812 -43 -458
0.15161800384521484 -47 -467
0.15945672988891602 -51 -474
0.1678638458251953 -53 -476
0.1735248565673828 -56 -477
0.17980122566223145 -59 -481
0.1873643398284912 -63 -483
0.19287776947021484 -66 -489
0.20010995864868164 -71 -493
0.2088770866394043 -73 -498
0.21419405937194824 -77 -499
0.22089695930480957 -80 -501
0.22821688652038574 -83 -504
0.23387718200683594 -87 -503
0.24115824699401855 -91 -504
0.24891901016235352 -93 -507
0.25728631019592285 -98 -508
0.2628352642059326 -101 -509
0.26929211616516113 -105 -506
0.27666139602661133 -107 -509
0.28223443031311035 -111 -509
0.2897312641143799 -116 -511
0.2981998920440674 -119 -514
0.30388808250427246 -122 -517
0.3101356029510498 -125 -516
0.3176898956298828 -129 -517
0.3233644962310791 -133 -514
0.33070850372314453 -135 -515
0.33819150924682617 -139 -514
0.3467545509338379 -143 -516
0.35257411003112793 -148 -514
0.3590869903564453 -151 -515
0.3665146827697754 -154 -514
0.3719806671142578 -157 -516
0.3788461685180664 -161 -516
0.3865048885345459 -164 -519
0.39321255683898926 -169 -519
0.40077757835388184 -173 -520
0.4076247215270996 -176 -519
0.4132120609283447 -179 -516
0.4195380210876465 -182 -515
0.4268813133239746 -185 -514
0.43251633644104004 -189 -517
0.43903636932373047 -191 -517
0.4445953369140625 -195 -517
0.4508655071258545 -198 -517
0.45855259895324707 -201 -518
0.46462488174438477 -208 -519
0.47684621810913086 -212 -521
0.4828453063964844 -215 -520
0.48943591117858887 -218 -521
0.4950101375579834 -221 -519
0.5014152526855469 -224 -517
0.5079813003540039 -227 -514
0.5136623382568359 -231 -514
0.5200827121734619 -233 -516
0.5277371406555176 -238 -517
0.5334231853485107 -241 -520
0.539677619934082 -244 -519
0.5455918312072754 -247 -520
0.5514912605285645 -250 -520
0.558053731918335 -253 -518
0.5637218952178955 -257 -519
0.5700087547302246 -259 -519
0.5777378082275391 -264 -518
0.583416223526001 -267 -517
0.589677095413208 -270 -516
0.5955567359924316 -273 -515
0.601421594619751 -276 -515
0.6081955432891846 -279 -515
0.6138815879821777 -282 -516
0.6201338768005371 -285 -518
0.6275856494903564 -289 -519
0.6331937313079834 -293 -521
0.6397488117218018 -296 -520
0.6456434726715088 -299 -518
0.6514952182769775 -302 -518
0.6580414772033691 -305 -517
0.6636912822723389 -308 -517
0.6699783802032471 -311 -516
0.6765458583831787 -315 -516
0.6831111907958984 -319 -516
0.6894450187683105 -322 -515
0.6950042247772217 -325 -516
0.7013909816741943 -328 -518
0.7079296112060547 -331 -520
0.7136127948760986 -334 -519
0.7199349403381348 -337 -523
0.7265322208404541 -341 -520
0.7331445217132568 -345 -518
0.73966383934021 -347 -515
0.7455399036407471 -351 -515
0.7514033317565918 -354 -515
0.7581405639648438 -357 -515
0.7637941837310791 -360 -517
0.7700822353363037 -363 -516
0.7766187191009521 -367 -518
0.783198356628418 -371 -516
0.789513111114502 -373 -517
0.7950170040130615 -377 -518
0.8012354373931885 -380 -521
0.8077821731567383 -383 -521
0.813474178314209 -386 -520
0.8199012279510498 -389 -518
0.8262248039245605 -393 -516
0.8330416679382324 -396 -514
0.8394351005554199 -399 -513
0.84499192237854 -403 -514
0.8512217998504639 -405 -517
0.8577902317047119 -409 -517
0.863412618637085 -412 -520
0.8737173080444336 -417 -518
0.8813369274139404 -421 -519
0.8880541324615479 -424 -517
0.8937554359436035 -427 -517
0.9001724720001221 -431 -518
0.9068608283996582 -433 -516
0.9124605655670166 -438 -517
0.9189858436584473 -440 -516
0.9245245456695557 -444 -515
0.9315428733825684 -447 -514
0.9384703636169434 -450 -515
0.9439041614532471 -453 -516
0.9501678943634033 -457 -519
0.9568271636962891 -459 -521
0.9624707698822021 -463 -520
0.9689738750457764 -466 -518
0.9744813442230225 -470 -516
0.9808118343353271 -473 -517
0.9882106781005859 -476 -514
0.9938781261444092 -480 -516
