0 0 0
7.700920104980469e-05 0 0
0.014074087142944336 0 0
0.02060103416442871 -1 -6
0.026132583618164062 -2 -40
0.03255271911621094 -3 -32
0.03810381889343262 -5 -30
0.04437446594238281 -7 -278
0.05219244956970215 -9 -300
0.05773043632507324 -12 -379
0.06397724151611328 -14 -420
0.07071518898010254 -18 -471
0.07634902000427246 -22 -519
0.08267927169799805 -26 -551
0.08822894096374512 -30 -595
0.09441065788269043 -33 -632
0.10214567184448242 -38 -661
0.10772252082824707 -45 -709
0.11974930763244629 -51 -735
0.12537622451782227 -57 -761
0.13272738456726074 -62 -772
0.13827109336853027 -66 -788
0.14461874961853027 -71 -797
0.1523897647857666 -78 -810
0.15798044204711914 -83 -823
0.1642308235168457 -88 -836
0.17079687118530273 -93 -846
0.1763901710510254 -98 -854
0.18268942832946777 -104 -860
0.1882469654083252 -109 -865
0.194627046585083 -114 -871
0.2024998664855957 -121 -873
0.20810914039611816 -126 -879
0.21441078186035156 -132 -890
0.22096967697143555 -137 -894
0.22667455673217773 -142 -899
0.2329568862915039 -148 -898
0.2388753890991211 -153 -900
0.2448594570159912 -160 -903
0.2541062831878662 -168 -907
0.26067018508911133 -174 -912
0.2662692070007324 -179 -917
0.27264404296875 -184 -920
0.2781956195831299 -190 -920
0.284437894821167 -196 -920
0.29103636741638184 -201 -919
0.29671478271484375 -206 -921
0.30402588844299316 -214 -924
0.3109316825866699 -220 -926
0.3166804313659668 -225 -933
0.32292938232421875 -231 -932
0.3288393020629883 -236 -929
0.3350486755371094 -242 -927
0.34137725830078125 -248 -928
0.3470470905303955 -253 -929
0.35332417488098145 -260 -933
0.36083245277404785 -266 -934
0.3664071559906006 -272 -939
0.372877836227417 -278 -937
0.37842607498168945 -283 -934
0.384629487991333 -288 -931
0.3912312984466553 -294 -933
0.3969459533691406 -300 -936
0.40322399139404297 -308 -939
0.410844087600708 -313 -940
0.41648316383361816 -319 -940
0.4228649139404297 -324 -938
0.42840051651000977 -330 -936
0.4349503517150879 -336 -934
0.44135594367980957 -341 -936
0.4470515251159668 -347 -939
0.45331859588623047 -354 -941
0.4610011577606201 -360 -939
0.46672630310058594 -366 -941
0.4730229377746582 -371 -937
0.4793367385864258 -377 -937
0.484877347946167 -382 -938
0.49178624153137207 -388 -939
0.49716734886169434 -394 -942
0.5034315586090088 -401 -944
0.5108680725097656 -407 -942
0.516484260559082 -414 -936
0.5272965431213379 -424 -937
0.533984899520874 -428 -937
0.5406937599182129 -435 -940
0.5463361740112305 -441 -943
0.5529055595397949 -446 -943
0.5604972839355469 -454 -941
0.5660278797149658 -460 -936
0.5724830627441406 -465 -935
0.5780825614929199 -471 -937
0.5843820571899414 -476 -940
0.5911550521850586 -482 -941
0.5968396663665771 -488 -943
0.6030879020690918 -494 -938
0.6108777523040771 -501 -936
0.6165213584899902 -506 -936
0.6228196620941162 -512 -935
0.6283719539642334 -518 -941
0.6346015930175781 -524 -941
0.641223669052124 -529 -938
0.6469380855560303 -535 -939
0.6532034873962402 -540 -935
0.6607391834259033 -548 -934
0.6663498878479004 -554 -938
0.6728730201721191 -559 -940
0.678410530090332 -565 -944
0.6846342086791992 -570 -940
0.6912050247192383 -576 -936
0.6968920230865479 -582 -935
0.7031795978546143 -587 -936
0.7106015682220459 -595 -937
0.716163158416748 -600 -941
0.72273850440979 -606 -939
0.7283074855804443 -612 -941
0.7347345352172852 -617 -939
0.7412655353546143 -623 -935
0.746978759765625 -628 -934
0.7532658576965332 -634 -936
0.7598516941070557 -642 -942
0.7663981914520264 -647 -942
0.7727243900299072 -653 -939
0.7782609462738037 -658 -939
0.7845017910003662 -664 -937
0.7912375926971436 -670 -937
0.796959638595581 -676 -937
0.8032233715057373 -681 -942
0.8097844123840332 -688 -942
0.8164467811584473 -694 -941
0.8227622509002686 -700 -939
0.8283176422119141 -706 -937
0.8345344066619873 -711 -936
0.8411853313446045 -717 -937
0.8469130992889404 -722 -939
0.8533687591552734 -728 -941
0.8599898815155029 -736 -941
0.8666267395019531 -741 -936
0.8728702068328857 -747 -937
0.8784313201904297 -752 -936
0.884624719619751 -758 -937
0.891193151473999 -764 -935
0.897747278213501 -771 -938
0.9040191173553467 -775 -943
0.9107253551483154 -782 -940
0.9172990322113037 -792 -934
0.9277381896972656 -800 -936
0.934175968170166 -805 -938
0.9408869743347168 -810 -939
0.9464826583862305 -816 -940
0.9530344009399414 -822 -939
0.9593546390533447 -828 -941
0.9662344455718994 -835 -937
0.9727551937103271 -840 -934
0.978299617767334 -846 -937
0.9847135543823242 -852 -940
0.9912772178649902 -858 -942
0.9969851970672607 -863 -941