0 0 0
7.224082946777344e-05 0 0
0.016631364822387695 0 2
0.0241546630859375 1 16
0.030320405960083008 2 19
0.036875247955322266 4 73
0.04430747032165527 6 233
0.05050468444824219 8 254
0.05705451965332031 10 306
0.06268858909606934 14 373
0.0702199935913086 18 426
0.07869291305541992 20 450
0.08423495292663574 24 482
0.09044122695922852 28 507
0.09809398651123047 30 533
0.1033639907836914 34 562
0.11056375503540039 40 588
0.11909008026123047 43 602
0.1253359317779541 47 620
0.13094496726989746 52 637
0.1385786533355713 56 651
0.14581537246704102 60 664
0.1511993408203125 66 673
0.15871834754943848 71 681
0.16707277297973633 76 688
0.1726994514465332 80 698
0.17893171310424805 84 701
0.1862320899963379 90 711
0.19200921058654785 94 720
0.1993577480316162 98 726
0.20687270164489746 104 730
0.21436357498168945 110 732
0.22057008743286133 114 734
0.22710204124450684 119 735
0.23272442817687988 125 741
0.2399754524230957 128 749
0.24745416641235352 134 753
0.2559390068054199 140 756
0.261333703994751 144 755
0.2679758071899414 149 757
0.273298978805542 155 758
0.2805159091949463 161 756
0.28826379776000977 164 757
0.29350757598876953 170 759
0.30074596405029297 178 766
0.310413122177124 183 769
0.31696009635925293 187 766
0.3225083351135254 192 767
0.3292384147644043 198 768
0.33796095848083496 203 768
0.34328770637512207 207 767
0.3494880199432373 215 767
0.35836219787597656 218 770
0.36379122734069824 224 774
0.3702101707458496 228 775
0.37671637535095215 236 771
0.38703107833862305 241 768
0.39258432388305664 246 772
0.39905595779418945 250 771
0.4066781997680664 257 771
0.4122312068939209 261 772
0.41858434677124023 266 773
0.42409849166870117 271 776
0.4304931163787842 276 776
0.43699145317077637 280 774
0.44258570671081543 284 769
0.4488222599029541 289 770
0.4561498165130615 296 770
0.4618847370147705 300 774
0.46834731101989746 303 775
0.4737823009490967 309 775
0.48005032539367676 312 776
0.4867212772369385 319 776
0.4922492504119873 323 775
0.49863553047180176 328 772
0.5059604644775391 332 771
0.5113224983215332 337 771
0.5178003311157227 342 775
0.5232021808624268 346 775
0.5294234752655029 351 777
0.5358850955963135 358 776
0.543250560760498 364 774
0.5498642921447754 367 775
0.557105541229248 373 774
0.5627059936523438 378 771
0.5689232349395752 382 769
0.5743584632873535 387 775
0.580578088760376 392 779
0.587266206741333 396 780
0.5929234027862549 401 776
0.5991415977478027 406 775
0.6067140102386475 412 774
0.612220287322998 416 774
0.6185874938964844 421 772
0.6240646839141846 426 772
0.6302676200866699 430 771
0.6367862224578857 435 774
0.642237663269043 440 778
0.6485860347747803 444 780
0.6540577411651611 449 775
0.6612095832824707 454 773
0.6680896282196045 458 771
0.6733601093292236 463 773
0.6795547008514404 467 772
0.6860702037811279 472 772
0.6914408206939697 478 775
0.6981501579284668 481 775
0.703437089920044 488 780
0.7107071876525879 492 777
0.7173593044281006 497 775
0.7230260372161865 502 771
0.7294058799743652 506 771
0.7358810901641846 511 774
0.7412328720092773 516 775
0.7475237846374512 520 775
0.7531671524047852 525 775
0.7603247165679932 531 777
0.7667796611785889 536 777
0.7722387313842773 540 777
0.7786531448364258 548 771
0.7890315055847168 552 771
0.7948698997497559 557 774
0.8008511066436768 562 778
0.8075170516967773 568 778
0.8141970634460449 573 776
0.8204171657562256 578 776
0.8269224166870117 582 777
0.8325047492980957 587 774
0.8388328552246094 592 774
0.8443272113800049 596 771
0.8506872653961182 601 774
0.8571827411651611 606 777
0.8639650344848633 612 779
0.8702123165130615 615 778
0.8767280578613281 621 776
0.8821759223937988 626 776
0.8886678218841553 630 774
0.8941991329193115 635 773
0.900383710861206 640 774
0.90704345703125 644 773
0.9134626388549805 650 777
0.9199397563934326 654 779
0.9262068271636963 658 780
0.9315378665924072 664 778
0.9382505416870117 668 775
0.9434993267059326 674 774
0.949979305267334 677 774
0.9562318325042725 682 774
0.9629175662994385 688 774
0.9693405628204346 692 776
0.9758124351501465 697 778
0.9813976287841797 703 781
0.9880883693695068 706 780
0.9933698177337646 711 776
0.999824047088623 716 774
