0 0 0
7.724761962890625e-05 -856 0
0.008318662643432617 -856 3
0.014047384262084961 -855 22
0.02047562599182129 -854 14
0.028244733810424805 -852 140
0.03395724296569824 -850 168
0.04145050048828125 -848 292
0.04964017868041992 -844 380
0.0582728385925293 -841 415
0.06402850151062012 -838 485
0.07052254676818848 -834 533
0.07816505432128906 -830 562
0.08384585380554199 -824 609
0.091217041015625 -822 657
0.09867072105407715 -816 691
0.10433173179626465 -810 721
0.1116795539855957 -804 740
0.11946725845336914 -800 761
0.12660861015319824 -794 786
0.13254022598266602 -786 811
0.1437397003173828 -778 832
0.1516108512878418 -772 849
0.15836215019226074 -766 861
0.16691851615905762 -760 869
0.17255759239196777 -753 876
0.17938828468322754 -750 883
0.18793654441833496 -740 895
0.19356727600097656 -735 903
0.1999201774597168 -730 908
0.2073676586151123 -724 913
0.21305227279663086 -717 918
0.220412015914917 -711 923
0.2280428409576416 -704 922
0.23363018035888672 -696 930
0.24106073379516602 -692 936
0.24866580963134766 -685 941
0.2544524669647217 -677 941
0.2621016502380371 -670 942
0.26978087425231934 -664 944
0.27721166610717773 -658 945
0.2826554775238037 -651 952
0.2902343273162842 -645 959
0.2979252338409424 -638 959
0.30353498458862305 -632 954
0.31025171279907227 -624 955
0.3186988830566406 -618 956
0.32445859909057617 -612 961
0.33295392990112305 -603 963
0.33954763412475586 -599 965
0.3451199531555176 -591 965
0.35139989852905273 -580 960
0.3649287223815918 -572 962
0.37139105796813965 -566 966
0.37796926498413086 -558 968
0.38564610481262207 -552 968
0.3922722339630127 -547 967
0.39865565299987793 -539 965
0.4072887897491455 -533 964
0.41296887397766113 -526 965
0.41950464248657227 -522 973
0.42809462547302246 -512 973
0.4337320327758789 -506 968
0.4401373863220215 -500 967
0.44772863388061523 -492 969
0.45328378677368164 -487 969
0.4621708393096924 -479 971
0.46863579750061035 -473 973
0.47434210777282715 -467 972
0.48061156272888184 -462 971
0.4872775077819824 -454 967
0.49309587478637695 -448 969
0.5003228187561035 -442 971
0.5066719055175781 -436 974
0.5123271942138672 -430 976
0.519221305847168 -422 976
0.525261402130127 -417 971
0.5316557884216309 -411 970
0.541961669921875 -394 972
0.5573740005493164 -388 974
0.563063383102417 -378 972
0.5726392269134521 -368 969
0.5835683345794678 -360 969
0.5903503894805908 -354 972
0.5976450443267822 -347 974
0.6041305065155029 -339 972
0.6116476058959961 -331 971
0.619614839553833 -326 971
0.6269819736480713 -316 967
0.639354944229126 -308 973
0.6449489593505859 -300 976
0.6545684337615967 -290 972
0.661290168762207 -286 970
0.6681370735168457 -279 969
0.6756856441497803 -271 968
0.6820855140686035 -265 970
0.688551664352417 -259 977
0.6942565441131592 -252 975
0.7026355266571045 -244 970
0.7115628719329834 -236 967
0.7181954383850098 -230 971
0.723902702331543 -224 971
0.730349063873291 -212 976
0.7413630485534668 -205 975
0.7495322227478027 -197 969
0.7585043907165527 -191 969
0.7642173767089844 -186 970
0.7705338001251221 -176 976
0.7796106338500977 -170 975
0.785170316696167 -164 974
0.791635274887085 -152 967
0.8042047023773193 -146 969
0.810544490814209 -141 972
0.8171501159667969 -135 973
0.8225700855255127 -125 976
0.8311498165130615 -121 974
0.8376898765563965 -114 974
0.847078800201416 -106 968
0.853968620300293 -98 970
0.8602800369262695 -90 976
0.8686654567718506 -84 975
0.8743228912353516 -78 973
0.8805942535400391 -69 970
0.8894338607788086 -65 969
0.8949880599975586 -57 970
0.9012494087219238 -51 969
0.9094631671905518 -40 975
0.9209887981414795 -30 971
0.9299163818359375 -24 969
0.9354889392852783 -14 970
0.9461748600006104 1 973
0.962512731552124 9 974
0.9714136123657227 17 970
0.9780256748199463 24 966
0.9869091510772705 30 966
0.9925780296325684 40 970
