0 0 0
7.748603820800781e-05 -3704 0
0.00675511360168457 -3704 0
0.013428211212158203 -3705 -6
0.0213162899017334 -3706 -14
0.028218984603881836 -3707 -18
0.03640389442443848 -3708 -55
0.04270482063293457 -3709 -171
0.0493311882019043 -3711 -173
0.0572965145111084 -3714 -233
0.0637814998626709 -3715 -263
0.07038331031799316 -3717 -285
0.07610273361206055 -3720 -295
0.08350706100463867 -3722 -320
0.09131264686584473 -3724 -333
0.09662795066833496 -3726 -348
0.10397648811340332 -3730 -362
0.11199212074279785 -3732 -368
0.11939835548400879 -3734 -380
0.12511658668518066 -3737 -388
0.13246726989746094 -3740 -398
0.14012837409973145 -3743 -408
0.15053367614746094 -3748 -415
0.15918469429016113 -3750 -420
0.16509056091308594 -3754 -424
0.17185616493225098 -3758 -428
0.18036818504333496 -3760 -429
0.18608856201171875 -3763 -432
0.19258713722229004 -3767 -433
0.20137429237365723 -3769 -437
0.20668983459472656 -3772 -439
0.2131960391998291 -3774 -440
0.22061491012573242 -3778 -442
0.22635293006896973 -3781 -442
0.2338719367980957 -3785 -444
0.24164724349975586 -3786 -448
0.2490558624267578 -3790 -449
0.25456738471984863 -3794 -453
0.2621481418609619 -3796 -452
0.26975035667419434 -3800 -452
0.2753112316131592 -3803 -452
0.2826569080352783 -3806 -450
0.29054903984069824 -3810 -450
0.29918599128723145 -3813 -450
0.30466651916503906 -3816 -452
0.3115050792694092 -3820 -453
0.3201749324798584 -3823 -453
0.32596421241760254 -3826 -456
0.3322262763977051 -3829 -456
0.34070587158203125 -3832 -456
0.34641170501708984 -3835 -457
0.3532068729400635 -3838 -458
0.3605990409851074 -3841 -460
0.3663637638092041 -3845 -458
0.37372922897338867 -3848 -456
0.38110804557800293 -3850 -454
0.3865077495574951 -3853 -453
0.39276576042175293 -3856 -453
0.39942049980163574 -3858 -454
0.4051077365875244 -3862 -455
0.4117722511291504 -3865 -456
0.4173154830932617 -3868 -457
0.42455482482910156 -3870 -461
0.43129587173461914 -3873 -457
0.4366331100463867 -3877 -457
0.4431324005126953 -3878 -458
0.44980788230895996 -3882 -456
0.4554169178009033 -3885 -459
0.46183156967163086 -3888 -457
0.4674193859100342 -3890 -456
0.4747200012207031 -3894 -457
0.48149943351745605 -3896 -456
0.48706579208374023 -3900 -454
0.4933593273162842 -3902 -455
0.4999203681945801 -3905 -454
0.5055403709411621 -3908 -456
0.511960506439209 -3910 -457
0.5174801349639893 -3913 -460
0.5246725082397461 -3917 -462
0.5316565036773682 -3920 -460
0.5372514724731445 -3922 -460
0.5435285568237305 -3927 -455
0.5537395477294922 -3930 -456
0.5604970455169678 -3932 -457
0.5662217140197754 -3936 -457
0.5737226009368896 -3939 -456
0.5804605484008789 -3942 -455
0.5861773490905762 -3944 -458
0.5926225185394287 -3947 -454
0.5992918014526367 -3950 -455
0.6047449111938477 -3954 -456
0.6115078926086426 -3956 -456
0.6170506477355957 -3959 -459
0.6241633892059326 -3962 -461
0.6306436061859131 -3965 -460
0.6419706344604492 -3970 -459
0.6474864482879639 -3973 -456
0.6541900634765625 -3976 -455
0.661099910736084 -3978 -454
0.666468620300293 -3981 -456
0.6737947463989258 -3985 -456
0.6803929805755615 -3988 -457
0.6861677169799805 -3991 -458
0.693162202835083 -3993 -456
0.6997082233428955 -3996 -458
0.7051823139190674 -3999 -458
0.7119407653808594 -4002 -457
0.7174954414367676 -4005 -458
0.7247655391693115 -4008 -458
0.7315506935119629 -4010 -461
0.7371411323547363 -4014 -459
0.7434704303741455 -4017 -455
0.7500264644622803 -4020 -456
0.7556402683258057 -4022 -454
0.7619853019714355 -4025 -454
0.7675671577453613 -4028 -456
0.7751820087432861 -4031 -456
0.7817153930664062 -4034 -459
0.7872989177703857 -4037 -460
0.7936174869537354 -4040 -460
0.8001813888549805 -4042 -460
0.8058092594146729 -4045 -457
0.812161922454834 -4048 -458
0.8176980018615723 -4050 -457
0.8252053260803223 -4054 -456
0.8318827152252197 -4057 -459
0.8374373912811279 -4060 -456
0.8439030647277832 -4062 -458
0.8504729270935059 -4065 -457
0.8561899662017822 -4068 -455
0.8624553680419922 -4071 -455
0.8690469264984131 -4074 -456
0.8745317459106445 -4077 -455
0.882089376449585 -4080 -459
0.8876543045043945 -4083 -459
0.8941659927368164 -4086 -459
0.9005825519561768 -4088 -458
0.9063072204589844 -4091 -459
0.9126334190368652 -4094 -457
0.9192628860473633 -4096 -455
0.924710750579834 -4100 -456
0.9322867393493652 -4103 -456
0.938260555267334 -4106 -455
0.9442703723907471 -4110 -456
0.9545712471008301 -4113 -456
0.9615175724029541 -4116 -457
0.9670939445495605 -4119 -456
0.9736196994781494 -4123 -458
0.9813525676727295 -4125 -459
0.9867279529571533 -4128 -460
0.9931988716125488 -4130 -459
0.9997580051422119 -4134 -461
