0 0 0
0.0015118122100830078 -4159 0
0.007498979568481445 -4160 -2
0.0136871337890625 -4160 -2
0.020620107650756836 -4160 -6
0.029380083084106445 -4161 -36
0.03504180908203125 -4162 -18
0.0415644645690918 -4163 -58
0.04949545860290527 -4165 -164
0.0579228401184082 -4166 -189
0.06361913681030273 -4168 -188
0.06997275352478027 -4170 -218
0.07864785194396973 -4171 -241
0.08432292938232422 -4173 -252
0.09097480773925781 -4176 -270
0.09936785697937012 -4177 -279
0.10502386093139648 -4180 -297
0.115692138671875 -4183 -301
0.12461996078491211 -4185 -306
0.13119268417358398 -4187 -309
0.1367812156677246 -4189 -318
0.14552998542785645 -4192 -323
0.15226483345031738 -4194 -329
0.15936493873596191 -4196 -331
0.16695451736450195 -4199 -337
0.17320537567138672 -4201 -341
0.17998743057250977 -4203 -343
0.18571209907531738 -4206 -347
0.19310760498046875 -4209 -346
0.20090174674987793 -4211 -349
0.20830321311950684 -4213 -348
0.21395516395568848 -4216 -348
0.2209618091583252 -4218 -349
0.22942495346069336 -4221 -351
0.2350320816040039 -4223 -352
0.24138832092285156 -4226 -352
0.24989104270935059 -4228 -353
0.2555959224700928 -4230 -352
0.26191282272338867 -4234 -354
0.2708308696746826 -4235 -353
0.2763855457305908 -4238 -356
0.2853124141693115 -4240 -357
0.29161500930786133 -4243 -357
0.29793214797973633 -4245 -359
0.305755615234375 -4248 -360
0.3124430179595947 -4250 -360
0.3189582824707031 -4253 -360
0.32650041580200195 -4256 -358
0.33296799659729004 -4259 -357
0.3433949947357178 -4261 -357
0.34999608993530273 -4264 -356
0.35868120193481445 -4267 -357
0.3647005558013916 -4269 -355
0.37114500999450684 -4272 -358
0.3796424865722656 -4274 -358
0.38536739349365234 -4276 -358
0.39183807373046875 -4280 -358
0.40067100524902344 -4282 -359
0.4059576988220215 -4284 -358
0.41251134872436523 -4286 -361
0.41933631896972656 -4288 -361
0.42533397674560547 -4292 -362
0.43302226066589355 -4294 -361
0.44127917289733887 -4296 -363
0.44846463203430176 -4300 -360
0.4552597999572754 -4302 -358
0.4614982604980469 -4304 -359
0.46741700172424316 -4306 -358
0.4734213352203369 -4308 -356
0.4799168109893799 -4310 -357
0.48558759689331055 -4312 -357
0.4918656349182129 -4314 -358
0.49846601486206055 -4317 -358
0.50527024269104 -4320 -360
0.5117149353027344 -4322 -362
0.5182876586914062 -4324 -361
0.5237636566162109 -4326 -360
0.5304336547851562 -4328 -362
0.5358610153198242 -4331 -361
0.5423557758331299 -4332 -359
0.5486938953399658 -4336 -359
0.5554134845733643 -4338 -360
0.5616748332977295 -4340 -359
0.5682692527770996 -4342 -358
0.5739333629608154 -4345 -358
0.5807554721832275 -4346 -360
0.5862991809844971 -4349 -360
0.5927314758300781 -4351 -360
0.5993151664733887 -4353 -357
0.6058454513549805 -4356 -358
0.6123795509338379 -4358 -357
0.6188995838165283 -4360 -358
0.6243927478790283 -4363 -359
0.6310663223266602 -4365 -359
0.6366510391235352 -4367 -361
0.6429271697998047 -4369 -364
0.6494932174682617 -4372 -364
0.6562695503234863 -4374 -363
0.6625580787658691 -4376 -361
0.6692078113555908 -4378 -361
0.6748065948486328 -4381 -359
0.6812038421630859 -4383 -358
0.6867485046386719 -4385 -359
0.6931653022766113 -4387 -359
0.6998794078826904 -4390 -359
0.7066700458526611 -4392 -360
0.7129583358764648 -4394 -360
0.7195892333984375 -4396 -357
0.725306510925293 -4399 -359
0.7315917015075684 -4402 -358
0.7416884899139404 -4404 -360
0.7482681274414062 -4407 -360
0.7539947032928467 -4410 -361
0.7616651058197021 -4412 -360
0.7682666778564453 -4414 -361
0.7737464904785156 -4416 -362
0.7805025577545166 -4418 -361
0.7858381271362305 -4421 -363
0.7923569679260254 -4422 -361
0.7989037036895752 -4426 -358
0.8043768405914307 -4428 -359
0.811854362487793 -4430 -358
0.8184604644775391 -4432 -356
0.8239076137542725 -4435 -356
0.830864429473877 -4436 -358
0.8364169597625732 -4439 -358
0.842714786529541 -4441 -359
0.859119176864624 -4448 -360
0.8679251670837402 -4450 -360
0.873772144317627 -4452 -360
0.8805303573608398 -4455 -360
0.8889994621276855 -4458 -360
0.8945801258087158 -4460 -362
0.9015810489654541 -4464 -361
0.9111466407775879 -4466 -361
0.9166848659515381 -4468 -360
0.9229395389556885 -4471 -359
0.9308993816375732 -4473 -359
0.938335657119751 -4475 -357
0.9438331127166748 -4478 -357
0.9514293670654297 -4480 -357
0.9598932266235352 -4483 -358
0.965660810470581 -4486 -359
0.9786639213562012 -4490 -365
0.9853997230529785 -4493 -364
0.9928691387176514 -4496 -362
