0 0 0
7.772445678710938e-05 -2463 0
0.0072286128997802734 -2463 2
0.013642072677612305 -2462 16
0.020372629165649414 -2461 12
0.028746366500854492 -2460 75
0.03462553024291992 -2458 51
0.04155254364013672 -2456 236
0.047592878341674805 -2452 317
0.05732583999633789 -2450 360
0.06359100341796875 -2447 408
0.07015371322631836 -2443 458
0.07773280143737793 -2440 489
0.08399748802185059 -2436 502
0.09056234359741211 -2433 533
0.09916496276855469 -2429 551
0.10462236404418945 -2424 573
0.11160421371459961 -2422 590
0.11825942993164062 -2416 608
0.12445402145385742 -2412 627
0.1321852207183838 -2408 639
0.13979005813598633 -2402 651
0.14534664154052734 -2398 666
0.1526486873626709 -2394 675
0.16030454635620117 -2387 684
0.1721935272216797 -2380 689
0.17777729034423828 -2376 697
0.1865684986114502 -2369 706
0.19324088096618652 -2366 711
0.19975543022155762 -2359 716
0.20740461349487305 -2354 722
0.21373319625854492 -2350 725
0.2203514575958252 -2346 728
0.2282702922821045 -2340 729
0.23452281951904297 -2336 728
0.24117136001586914 -2331 730
0.24657154083251953 -2325 738
0.2539231777191162 -2319 743
0.26187658309936523 -2315 745
0.26932764053344727 -2310 744
0.27478599548339844 -2304 745
0.28238773345947266 -2300 744
0.2891397476196289 -2295 746
0.29714226722717285 -2288 743
0.303450345993042 -2285 749
0.3100244998931885 -2277 752
0.31766700744628906 -2273 754
0.323972225189209 -2268 755
0.33057498931884766 -2264 751
0.33916783332824707 -2258 751
0.3446195125579834 -2252 751
0.35155344009399414 -2249 752
0.3582425117492676 -2243 754
0.3642764091491699 -2236 757
0.37192797660827637 -2232 759
0.37943196296691895 -2228 759
0.3851194381713867 -2222 760
0.3926677703857422 -2217 755
0.40035438537597656 -2211 753
0.40611910820007324 -2205 754
0.4136831760406494 -2200 756
0.4204990863800049 -2194 759
0.4291667938232422 -2190 760
0.434633731842041 -2184 758
0.44138431549072266 -2179 761
0.44765663146972656 -2174 761
0.4539070129394531 -2170 757
0.4604504108428955 -2166 753
0.4661712646484375 -2161 756
0.47261810302734375 -2156 758
0.47917914390563965 -2152 761
0.4846482276916504 -2146 762
0.49137115478515625 -2141 759
0.49774765968322754 -2136 761
0.5039782524108887 -2132 760
0.5105905532836914 -2128 759
0.5163207054138184 -2123 756
0.5227341651916504 -2118 756
0.5293447971343994 -2112 757
0.5351762771606445 -2108 760
0.5417170524597168 -2103 764
0.5490157604217529 -2098 762
0.554436206817627 -2094 758
0.5610330104827881 -2086 758
0.5715949535369873 -2082 756
0.5771803855895996 -2076 757
0.5836052894592285 -2071 756
0.5914859771728516 -2067 758
0.5982115268707275 -2060 761
0.6042218208312988 -2056 763
0.6107003688812256 -2052 761
0.616426944732666 -2047 759
0.622718095779419 -2042 756
0.6293375492095947 -2038 756
0.6347665786743164 -2032 757
0.6415259838104248 -2029 757
0.648179292678833 -2022 757
0.6544761657714844 -2018 761
0.6611170768737793 -2014 763
0.6665186882019043 -2009 762
0.6727724075317383 -2004 760
0.6793599128723145 -2000 756
0.6850302219390869 -1994 755
0.6915538311004639 -1991 755
0.6986768245697021 -1984 759
0.7042782306671143 -1980 760
0.7112114429473877 -1976 762
0.7166368961334229 -1969 762
0.723168134689331 -1966 762
0.7296745777130127 -1962 761
0.7351717948913574 -1956 761
0.7416694164276123 -1953 757
0.7472341060638428 -1946 754
0.7544629573822021 -1942 760
0.7610373497009277 -1938 762
0.7664957046508789 -1931 763
0.7731683254241943 -1928 763
0.7798807621002197 -1922 760
0.7854752540588379 -1916 760
0.793184757232666 -1913 758
0.8003547191619873 -1907 757
0.8060691356658936 -1902 757
0.8123061656951904 -1898 757
0.8182559013366699 -1893 762
0.8242249488830566 -1889 763
0.8312084674835205 -1884 764
0.8365955352783203 -1880 761
0.8431379795074463 -1875 760
0.8503406047821045 -1869 757
0.8561511039733887 -1864 758
0.8627314567565918 -1860 759
0.8699288368225098 -1854 758
0.8754746913909912 -1849 761
0.8818833827972412 -1845 763
0.8874564170837402 -1840 764
0.8938765525817871 -1836 761
0.9016342163085938 -1830 759
0.9072349071502686 -1825 756
0.9137060642242432 -1820 757
0.9203798770904541 -1816 760
0.926058292388916 -1811 758
0.9323151111602783 -1807 761
0.938267707824707 -1802 761
0.9442136287689209 -1798 763
0.9518280029296875 -1792 764
0.9574682712554932 -1787 759
0.9637434482574463 -1779 755
0.9739148616790771 -1775 756
0.980642557144165 -1770 761
0.9863665103912354 -1766 762
0.9927911758422852 -1761 761
0.9994335174560547 -1755 762
