0 0 0
7.867813110351562e-05 -1707 0
0.007952451705932617 -1706 2
0.013620138168334961 -1706 8
0.02060723304748535 -1705 21
0.02857518196105957 -1703 94
0.0343165397644043 -1701 122
0.04166364669799805 -1698 248
0.049475908279418945 -1696 319
0.056217193603515625 -1693 383
0.06223130226135254 -1689 444
0.06990861892700195 -1686 478
0.07740211486816406 -1683 511
0.08299732208251953 -1678 564
0.09053277969360352 -1674 591
0.09815812110900879 -1669 610
0.10373806953430176 -1664 637
0.11139392852783203 -1660 661
0.11821746826171875 -1654 683
0.1261615753173828 -1650 699
0.1321582794189453 -1646 709
0.13859319686889648 -1640 728
0.14719867706298828 -1635 740
0.1530294418334961 -1629 753
0.159562349319458 -1626 767
0.16792893409729004 -1618 771
0.17358016967773438 -1614 775
0.17996525764465332 -1609 779
0.18737101554870605 -1604 790
0.19275784492492676 -1598 799
0.2003786563873291 -1593 806
0.20820116996765137 -1586 809
0.2139263153076172 -1580 814
0.2213296890258789 -1576 819
0.2287442684173584 -1570 818
0.2344071865081787 -1564 819
0.2419908046722412 -1557 823
0.24977898597717285 -1552 829
0.2571849822998047 -1547 833
0.26262474060058594 -1540 834
0.26973652839660645 -1533 834
0.2781991958618164 -1528 836
0.2838306427001953 -1523 836
0.2902107238769531 -1516 837
0.29871320724487305 -1512 839
0.3043949604034424 -1506 846
0.3106827735900879 -1498 849
0.3195004463195801 -1494 844
0.3250875473022461 -1488 845
0.3315126895904541 -1483 843
0.33933520317077637 -1478 846
0.3446369171142578 -1468 849
0.35779857635498047 -1459 853
0.36539387702941895 -1454 853
0.3719649314880371 -1449 851
0.37871265411376953 -1442 849
0.3873610496520996 -1435 848
0.39318203926086426 -1430 852
0.399700403213501 -1423 855
0.40811991691589355 -1418 852
0.41373777389526367 -1413 855
0.42010068893432617 -1408 855
0.42770814895629883 -1401 853
0.4331538677215576 -1396 851
0.4405083656311035 -1391 850
0.44790172576904297 -1384 854
0.4534599781036377 -1379 858
0.4598565101623535 -1374 855
0.46544599533081055 -1368 856
0.47170591354370117 -1363 857
0.47833895683288574 -1358 855
0.48402857780456543 -1351 853
0.491260290145874 -1348 850
0.4980051517486572 -1341 855
0.5036399364471436 -1336 858
0.5101168155670166 -1331 859
0.515702486038208 -1326 859
0.5219070911407471 -1320 858
0.5285003185272217 -1315 857
0.5341763496398926 -1308 854
0.5414001941680908 -1305 855
0.5479681491851807 -1298 853
0.5536141395568848 -1293 857
0.5599448680877686 -1288 861
0.5672106742858887 -1283 859
0.572758674621582 -1276 855
0.5795230865478516 -1272 856
0.5850403308868408 -1266 856
0.5922012329101562 -1260 854
0.5986740589141846 -1256 855
0.6043508052825928 -1250 860
0.6106479167938232 -1245 863
0.6172289848327637 -1240 861
0.6226680278778076 -1233 859
0.6296470165252686 -1228 854
0.6352152824401855 -1223 853
0.6423873901367188 -1218 853
0.648756742477417 -1212 857
0.6544091701507568 -1207 859
0.6606922149658203 -1202 858
0.6673276424407959 -1197 860
0.672762393951416 -1190 862
0.679534912109375 -1187 855
0.6850535869598389 -1180 854
0.6925125122070312 -1175 855
0.6992959976196289 -1170 859
0.7046246528625488 -1163 860
0.7111475467681885 -1159 861
0.717461109161377 -1154 860
0.723139762878418 -1147 859
0.729663610458374 -1142 857
0.7352161407470703 -1137 853
0.7424955368041992 -1132 855
0.749464750289917 -1122 858
0.7596919536590576 -1116 860
0.7652673721313477 -1111 859
0.771867036819458 -1106 858
0.7785661220550537 -1101 856
0.7842998504638672 -1096 857
0.7906103134155273 -1089 855
0.798194408416748 -1084 855
0.8038082122802734 -1079 860
0.8103325366973877 -1074 862
0.8166294097900391 -1068 861
0.8221895694732666 -1063 858
0.8286581039428711 -1058 855
0.8343257904052734 -1053 854
0.8406403064727783 -1046 856
0.8482768535614014 -1041 857
0.853980302810669 -1036 857
0.8602280616760254 -1030 861
0.8657650947570801 -1026 860
0.8723554611206055 -1020 858
0.8787145614624023 -1015 854
0.8844032287597656 -1010 853
0.8910984992980957 -1003 855
0.8985466957092285 -998 859
0.9042742252349854 -993 860
0.9105625152587891 -988 859
0.9171321392059326 -982 860
0.9225637912750244 -978 859
0.9294939041137695 -972 857
0.9350337982177734 -966 855
0.9413115978240967 -960 854
0.9486668109893799 -955 857
0.9543948173522949 -950 862
0.9606595039367676 -945 861
0.9672503471374512 -940 859
0.972693681716919 -933 858
0.979473352432251 -929 858
0.9850203990936279 -922 855
0.9914882183074951 -918 853
0.9991192817687988 -912 857
