0 0 0
7.653236389160156e-05 -1 -3
0.014470100402832031 -1 -9
0.022988557815551758 -2 -22
0.028467655181884766 -3 -24
0.03523063659667969 -4 -176
0.04368329048156738 -7 -206
0.04915928840637207 -10 -258
0.05564093589782715 -12 -331
0.06304454803466797 -15 -399
0.06851887702941895 -20 -475
0.0774843692779541 -24 -536
0.08528733253479004 -27 -577
0.090606689453125 -32 -615
0.09793472290039062 -36 -646
0.10503864288330078 -42 -685
0.11338210105895996 -46 -704
0.11912083625793457 -53 -735
0.1256389617919922 -59 -769
0.13428807258605957 -64 -784
0.13998007774353027 -68 -799
0.14626717567443848 -75 -815
0.15464425086975098 -80 -825
0.16036510467529297 -85 -832
0.16663479804992676 -90 -845
0.17436528205871582 -98 -861
0.18012285232543945 -104 -870
0.18747949600219727 -110 -878
0.1955397129058838 -115 -880
0.2026984691619873 -122 -887
0.20835471153259277 -129 -892
0.2160036563873291 -135 -898
0.22363758087158203 -142 -903
0.22909927368164062 -148 -914
0.2364647388458252 -153 -915
0.24408483505249023 -160 -916
0.24977803230285645 -166 -917
0.2565150260925293 -175 -920
0.265547513961792 -179 -925
0.2711329460144043 -186 -929
0.27968668937683105 -194 -935
0.28605127334594727 -200 -934
0.293351411819458 -205 -931
0.30445265769958496 -216 -935
0.3102259635925293 -224 -939
0.3194143772125244 -231 -943
0.32605767250061035 -237 -944
0.3316662311553955 -243 -943
0.3383772373199463 -250 -941
0.3469970226287842 -256 -941
0.35337162017822266 -262 -939
0.3590848445892334 -269 -946
0.3661215305328369 -275 -947
0.37166404724121094 -282 -948
0.38057684898376465 -290 -947
0.3885772228240967 -298 -945
0.3963887691497803 -303 -943
0.40373802185058594 -311 -943
0.4092986583709717 -316 -945
0.41576695442199707 -322 -947
0.4213695526123047 -328 -949
0.42765283584594727 -334 -948
0.434401273727417 -339 -950
0.4401111602783203 -347 -946
0.447404146194458 -352 -943
0.4539780616760254 -358 -944
0.4596226215362549 -364 -949
0.46596264839172363 -370 -952
0.4715242385864258 -375 -951
0.47779273986816406 -381 -949
0.4843590259552002 -386 -944
0.4901008605957031 -394 -945
0.49742937088012695 -400 -944
0.5040445327758789 -406 -947
0.5096523761749268 -411 -950
0.5159847736358643 -417 -950
0.5215516090393066 -423 -948
0.5279922485351562 -428 -945
0.5345838069915771 -434 -945
0.5402812957763672 -442 -944
0.5476171970367432 -447 -946
0.5543248653411865 -453 -951
0.560107946395874 -459 -953
0.5663900375366211 -464 -950
0.5729634761810303 -470 -946
0.5784296989440918 -476 -943
0.585085391998291 -481 -946
0.5904834270477295 -487 -949
0.5977110862731934 -495 -951
0.6042971611022949 -500 -951
0.6100325584411621 -506 -951
0.6164805889129639 -512 -950
0.6230747699737549 -518 -948
0.6285145282745361 -523 -946
0.6352479457855225 -529 -945
0.6405813694000244 -536 -947
0.6479237079620361 -542 -947
0.6546809673309326 -548 -950
0.6603572368621826 -554 -952
0.6666312217712402 -559 -951
0.6732065677642822 -565 -949
0.6790895462036133 -572 -947
0.6855900287628174 -576 -945
0.6911439895629883 -584 -948
0.6984360218048096 -594 -951
0.7086367607116699 -601 -954
0.7155494689941406 -605 -950
0.7211823463439941 -612 -949
0.7276158332824707 -618 -946
0.7343876361846924 -624 -947
0.7400903701782227 -630 -953
0.7463574409484863 -637 -953
0.7539713382720947 -643 -951
0.7596354484558105 -648 -949
0.7659761905670166 -654 -950
0.7715301513671875 -660 -947
0.7777881622314453 -666 -947
0.7845375537872314 -672 -949
0.7902686595916748 -677 -954
0.7969541549682617 -685 -952
0.8043663501739502 -690 -950
0.8101029396057129 -696 -949
0.8164162635803223 -702 -947
0.8229854106903076 -708 -948
0.8284423351287842 -713 -950
0.8351273536682129 -719 -952
0.8405241966247559 -725 -953
0.8470933437347412 -732 -953
0.8545901775360107 -738 -947
0.8603014945983887 -744 -947
0.866602897644043 -749 -948
0.8732428550720215 -755 -950
0.8790347576141357 -762 -952
0.8855299949645996 -766 -952
0.8911175727844238 -774 -953
0.8974020481109619 -780 -950
0.9050681591033936 -786 -947
0.9104690551757812 -793 -946
0.9171719551086426 -797 -950
0.923682689666748 -804 -952
0.929152250289917 -810 -953
0.9356698989868164 -816 -953
0.9412379264831543 -822 -952
0.9475107192993164 -827 -947
0.9552755355834961 -833 -948
0.9606435298919678 -840 -949
0.9671452045440674 -844 -953
0.973834753036499 -852 -955
0.9793899059295654 -858 -951
0.9858441352844238 -864 -949
0.991523027420044 -869 -950
0.9977583885192871 -877 -945
