0 0 0
7.653236389160156e-05 -940 0
0.007530927658081055 -940 0
0.013939619064331055 -940 -2
0.0205233097076416 -941 -54
0.02855396270751953 -943 -37
0.03481936454772949 -945 -54
0.041376352310180664 -947 -259
0.0489811897277832 -950 -319
0.05570554733276367 -952 -380
0.06265091896057129 -955 -423
0.07101774215698242 -960 -465
0.07648515701293945 -963 -494
0.08299899101257324 -969 -572
0.0959930419921875 -975 -597
0.10294914245605469 -978 -612
0.10851263999938965 -983 -641
0.11509919166564941 -988 -663
0.12363767623901367 -993 -678
0.12995243072509766 -997 -691
0.13552451133728027 -1003 -704
0.14397406578063965 -1007 -720
0.15054965019226074 -1012 -734
0.15597772598266602 -1018 -748
0.16356205940246582 -1022 -754
0.17137885093688965 -1028 -761
0.17703819274902344 -1034 -766
0.18452715873718262 -1038 -776
0.19241571426391602 -1044 -781
0.19782257080078125 -1052 -787
0.20689654350280762 -1056 -798
0.21327447891235352 -1062 -799
0.21881628036499023 -1066 -804
0.22742009162902832 -1073 -807
0.2338855266571045 -1078 -807
0.24047398567199707 -1082 -809
0.2459735870361328 -1091 -813
0.2545955181121826 -1094 -818
0.26116347312927246 -1100 -821
0.2667217254638672 -1106 -825
0.2763385772705078 -1114 -822
0.28287601470947266 -1117 -823
0.28844690322875977 -1124 -821
0.2971227169036865 -1130 -823
0.30348634719848633 -1135 -827
0.3090207576751709 -1140 -830
0.31529903411865234 -1147 -831
0.32431602478027344 -1152 -830
0.33072614669799805 -1157 -829
0.3364083766937256 -1163 -827
0.343799352645874 -1168 -828
0.35161805152893066 -1175 -829
0.3573117256164551 -1182 -833
0.36469578742980957 -1185 -834
0.372434139251709 -1192 -834
0.3778071403503418 -1198 -831
0.38484978675842285 -1203 -831
0.39139580726623535 -1208 -833
0.39701247215270996 -1213 -831
0.40340614318847656 -1218 -830
0.4089677333831787 -1223 -834
0.41548776626586914 -1228 -837
0.42302989959716797 -1235 -837
0.42859840393066406 -1240 -835
0.4349038600921631 -1245 -832
0.441455602645874 -1250 -832
0.44707202911376953 -1255 -831
0.4535539150238037 -1260 -835
0.45949411392211914 -1265 -836
0.4654841423034668 -1270 -838
0.47320055961608887 -1277 -838
0.47873950004577637 -1282 -834
0.48502135276794434 -1287 -831
0.4960362911224365 -1297 -831
0.502967119216919 -1302 -833
0.5085413455963135 -1307 -837
0.5149827003479004 -1312 -838
0.5228278636932373 -1317 -835
0.5284638404846191 -1324 -836
0.534945011138916 -1328 -834
0.5415055751800537 -1334 -830
0.5472235679626465 -1338 -830
0.5534987449645996 -1344 -833
0.5590541362762451 -1348 -836
0.5652637481689453 -1354 -838
0.571819543838501 -1358 -836
0.5785069465637207 -1365 -834
0.5849523544311523 -1370 -833
0.5916523933410645 -1375 -832
0.5973625183105469 -1380 -831
0.6036584377288818 -1385 -833
0.6099517345428467 -1390 -834
0.6155414581298828 -1395 -838
0.6219794750213623 -1402 -839
0.6287620067596436 -1407 -835
0.6350476741790771 -1412 -830
0.641657829284668 -1417 -830
0.6473278999328613 -1422 -831
0.6537449359893799 -1427 -833
0.6600837707519531 -1432 -834
0.6657660007476807 -1437 -834
0.6724498271942139 -1444 -837
0.6789398193359375 -1448 -835
0.6851968765258789 -1454 -832
0.6917915344238281 -1458 -828
0.6974868774414062 -1464 -829
0.703751802444458 -1468 -832
0.7103595733642578 -1474 -832
0.7160217761993408 -1480 -834
0.7228093147277832 -1485 -835
0.7299437522888184 -1490 -833
0.7416629791259766 -1505 -827
0.7540385723114014 -1510 -829
0.7606520652770996 -1517 -832
0.7669060230255127 -1522 -836
0.7769758701324463 -1530 -834
0.7833511829376221 -1535 -834
0.7889194488525391 -1540 -833
0.7959833145141602 -1548 -830
0.8046674728393555 -1552 -831
0.8112552165985107 -1558 -831
0.8168783187866211 -1564 -837
0.8240804672241211 -1575 -835
0.8378007411956787 -1582 -833
0.8464236259460449 -1588 -831
0.8529777526855469 -1594 -832
0.8613071441650391 -1600 -831
0.8669674396514893 -1605 -835
0.8737328052520752 -1612 -839
0.8813583850860596 -1617 -837
0.88702392578125 -1622 -832
0.8974878787994385 -1630 -829
0.9039063453674316 -1635 -830
0.9114060401916504 -1642 -833
0.9170246124267578 -1647 -835
0.923513650894165 -1652 -834
0.9310731887817383 -1659 -835
0.9366602897644043 -1664 -836
0.943115234375 -1668 -832
0.9486634731292725 -1674 -831
0.9550900459289551 -1679 -831
0.961679220199585 -1684 -832
0.9674210548400879 -1689 -835
0.9738595485687256 -1694 -836
0.9813690185546875 -1700 -834
0.9870176315307617 -1706 -836
0.9933598041534424 -1710 -835
0.9989538192749023 -1716 -832
