0 0 0
7.772445678710938e-05 -5009 0
0.00807952880859375 -5009 0
0.014656782150268555 -5009 0
0.020592689514160156 -5009 0
0.029076337814331055 -5009 0
0.0357356071472168 -5009 0
0.04240274429321289 -5009 0
0.048534393310546875 -5009 0
0.05810666084289551 -5009 0
0.06438922882080078 -5009 0
0.06991147994995117 -5009 0
0.07630610466003418 -5009 0
0.08479762077331543 -5009 0
0.09102487564086914 -5009 0
0.09653639793395996 -5009 0
0.10494780540466309 -5009 0
0.11149120330810547 -5009 0
0.11689925193786621 -5009 0
0.12442684173583984 -5009 0
0.13180136680603027 -5009 0
0.13757801055908203 -5009 0
0.1449146270751953 -5009 0
0.1526346206665039 -5009 0
0.15819025039672852 -5009 0
0.16485333442687988 -5009 0
0.1736910343170166 -5009 0
0.1789689064025879 -5009 0
0.18543362617492676 -5009 0
0.19404220581054688 -5009 0
0.2013852596282959 -5009 0
0.2068159580230713 -5009 0
0.21433186531066895 -5009 0
0.22173643112182617 -5009 0
0.22710251808166504 -5009 0
0.23593783378601074 -5009 0
0.24250411987304688 -5009 0
0.24807310104370117 -5009 0
0.25454115867614746 -5009 0
0.2629554271697998 -5009 0
0.2686347961425781 -5009 0
0.2748730182647705 -5009 0
0.28377270698547363 -5009 0
0.2890598773956299 -5009 0
0.2989921569824219 -5009 0
0.3069190979003906 -5009 0
0.3139016628265381 -5009 0
0.32253551483154297 -5009 0
0.32813453674316406 -5009 0
0.3344423770904541 -5009 0
0.34280848503112793 -5009 0
0.34847116470336914 -5009 0
0.3549160957336426 -5009 0
0.36249661445617676 -5009 0
0.3680379390716553 -5009 0
0.3755931854248047 -5009 0
0.38294219970703125 -5009 0
0.3885843753814697 -5009 0
0.3958888053894043 -5009 0
0.40355348587036133 -5009 0
0.4089174270629883 -5009 0
0.416370153427124 -5009 0
0.4240691661834717 -5009 0
0.4313955307006836 -5009 0
0.43700480461120605 -5009 0
0.44428038597106934 -5009 0
0.4498722553253174 -5009 0
0.4560670852661133 -5009 0
0.4625720977783203 -5009 0
0.4681541919708252 -5009 0
0.47438669204711914 -5009 0
0.4799177646636963 -5009 0
0.48703622817993164 -5009 0
0.49399852752685547 -5009 0
0.49953508377075195 -5009 0
0.5057790279388428 -5009 0
0.5123159885406494 -5009 0
0.5178072452545166 -5009 0
0.524125337600708 -5009 0
0.5296311378479004 -5009 0
0.5367922782897949 -5009 0
0.5435597896575928 -5009 0
0.5488975048065186 -5009 0
0.5555078983306885 -5009 0
0.5617661476135254 -5009 0
0.5674567222595215 -5009 0
0.5739102363586426 -5009 0
0.579387903213501 -5009 0
0.5865106582641602 -5009 0
0.592918872833252 -5009 0
0.5986168384552002 -5009 0
0.604865312576294 -5009 0
0.611363410949707 -5009 0
0.6169745922088623 -5009 0
0.6236879825592041 -5009 0
0.6289644241333008 -5009 0
0.6361474990844727 -5009 0
0.6426742076873779 -5009 0
0.6483252048492432 -5009 0
0.6545400619506836 -5009 0
0.6600291728973389 -5009 0
0.6662209033966064 -5009 0
0.6729211807250977 -5009 0
0.6785376071929932 -5009 0
0.6858208179473877 -5009 0
0.6960906982421875 -5009 0
0.7028234004974365 -5009 0
0.7085082530975342 -5009 0
0.7148938179016113 -5009 0
0.7213935852050781 -5009 0
0.726992130279541 -5009 0
0.7338466644287109 -5009 0
0.7405796051025391 -5009 0
0.7463891506195068 -5009 0
0.7529008388519287 -5009 0
0.7585346698760986 -5009 0
0.764777660369873 -5009 0
0.7710208892822266 -5009 0
0.776557445526123 -5009 0
0.78291916847229 -5009 0
0.7895596027374268 -5009 0
0.7959511280059814 -5009 0
0.8026232719421387 -5009 0
0.8081908226013184 -5009 0
0.8144741058349609 -5009 0
0.8199567794799805 -5009 0
0.8261842727661133 -5009 0
0.8327298164367676 -5009 0
0.8393993377685547 -5009 0
0.8456308841705322 -5009 0
0.8522748947143555 -5009 0
0.8577747344970703 -5009 0
0.8641438484191895 -5009 0
0.8696300983428955 -5009 0
0.8758358955383301 -5009 0
0.8823685646057129 -5009 0
0.8887956142425537 -5009 0
0.8950269222259521 -5009 0
0.9015474319458008 -5009 0
0.9069323539733887 -5009 0
0.9138123989105225 -5009 0
0.9190773963928223 -5009 0
0.925513505935669 -5009 0
0.9317693710327148 -5009 0
0.9375603199005127 -5009 0
0.9448328018188477 -5009 0
0.9511115550994873 -5009 0
0.9566338062286377 -5009 0
0.9630253314971924 -5009 0
0.9687285423278809 -5009 0
0.9751026630401611 -5009 0
0.9816172122955322 -5009 0
0.9870200157165527 -5009 0
0.9945414066314697 -5009 0
