00
8.20159912109375e-05 0
0.010616540908813477 1
0.01677703857421875 1
0.023169517517089844 2
0.02965235710144043 3
0.0356297492980957 5
0.04076337814331055 7
0.04665970802307129 9
0.052839040756225586 12
0.058339595794677734 14
0.06429600715637207 17
0.06982898712158203 20
0.07581591606140137 25
0.0828554630279541 28
0.0883638858795166 32
0.09431266784667969 35
0.09989714622497559 39
0.10589933395385742 43
0.11139202117919922 48
0.11729001998901367 52
0.12352228164672852 57
0.12868237495422363 64
0.13965082168579102 70
0.14583039283752441 74
0.1512925624847412 81
0.15825772285461426 86
0.1642293930053711 89
0.16989779472351074 94
0.17588019371032715 101
0.18311572074890137 106
0.18844032287597656 111
0.19437646865844727 116
0.19993972778320312 120
0.20604610443115234 125
0.21147513389587402 131
0.21744012832641602 136
0.22367048263549805 142
0.22909331321716309 147
0.23588895797729492 152
0.24139142036437988 158
0.24734020233154297 163
0.25357842445373535 168
0.25884222984313965 174
0.26479363441467285 179
0.27046656608581543 185
0.2764294147491455 188
0.28363585472106934 196
0.28909873962402344 201
0.29477882385253906 207
0.30031847953796387 212
0.30631375312805176 216
0.3117556571960449 222
0.31792306900024414 229
0.3240244388580322 233
0.3296375274658203 240
0.33643031120300293 244
0.34230518341064453 249
0.34801745414733887 257
0.3540940284729004 260
0.3595998287200928 266
0.36560893058776855 272
0.37078094482421875 277
0.37671947479248047 283
0.3831634521484375 294
0.3941185474395752 298
0.39977312088012695 303
0.40575432777404785 309
0.41118454933166504 314
0.41684818267822266 320
0.423306941986084 326
0.42846155166625977 331
0.4344367980957031 337
0.44082212448120117 342
0.4471468925476074 348
0.45336341857910156 354
0.4584975242614746 359
0.46445608139038086 364
0.47002124786376953 370
0.47598791122436523 374
0.4813995361328125 382
0.48833537101745605 387
0.49428486824035645 391
0.49983692169189453 396
0.5059201717376709 402
0.5113327503204346 409
0.5185160636901855 415
0.5252351760864258 420
0.5304231643676758 430
0.5412499904632568 436
0.5472738742828369 441
0.5535037517547607 447
0.5588581562042236 452
0.5647401809692383 458
0.5704739093780518 464
0.5765292644500732 469
0.5827181339263916 475
0.5892202854156494 480
0.5953116416931152 486
0.6004538536071777 492
0.6063709259033203 495
0.6117990016937256 501
0.6177313327789307 508
0.6239275932312012 512
0.6295731067657471 518
0.635563850402832 523
0.6417667865753174 529
0.6477370262145996 536
0.653925895690918 540
0.6594274044036865 546
0.6653721332550049 551
0.6704912185668945 557
0.6764428615570068 561
0.6822543144226074 568
0.6880979537963867 574
0.6953322887420654 579
0.7004892826080322 585
0.7065691947937012 590
0.7127635478973389 595
0.7180864810943604 600
0.7241389751434326 602
0.7296831607818604 606
0.7356879711151123 609
0.7422945499420166 612
0.7481379508972168 614
0.754131555557251 616
0.7596652507781982 617
0.7656984329223633 618
0.7708203792572021 618
0.776771068572998 619
0.7832095623016357 618
0.788344144821167 618
0.7955067157745361 617
0.8006408214569092 615
0.8066930770874023 614
0.8131306171417236 611
0.8183226585388184 609
0.8243095874786377 607
0.829866886138916 604
0.8359594345092773 601
0.8428306579589844 597
0.8482613563537598 593
0.8542168140411377 591
0.8597962856292725 587
0.8659191131591797 583
0.8713791370391846 579
0.877277135848999 574
0.8835344314575195 571
0.8888716697692871 567
0.895998477935791 564
0.9014575481414795 561
0.9074056148529053 559
0.9135911464691162 557
0.9188103675842285 556
0.9246816635131836 554
0.9303333759307861 554
0.9407289028167725 554
0.9480438232421875 554
0.9540889263153076 555
0.9596929550170898 556
0.9659051895141602 558
0.9713518619537354 560
0.9773087501525879 562
0.9835238456726074 565
0.9890961647033691 568
0.9960048198699951 570
1.0014266967773438 574
1.0073318481445312 577
1.013561487197876 581
1.0187788009643555 585
1.0247855186462402 588
1.030327320098877 592
1.0362915992736816 594
1.0417046546936035 597
1.0488762855529785 599
1.054795742034912 600
1.0603396892547607 602
1.066291332244873 602
1.0716960430145264 602
1.0776102542877197 602
1.0837593078613281 602
1.0892109870910645 601
1.0953459739685059 600
1.1016426086425781 598
1.1076600551605225 596
1.1138601303100586 594
1.1194007396697998 592
1.1254310607910156 589
1.1305890083312988 586
1.1365687847137451 583
1.1427597999572754 580
1.1492140293121338 576
1.1553256511688232 572
1.161449909210205 570
1.1674768924713135 567
1.1736760139465332 565
1.179081678390503 564
1.1847403049468994 562
1.1903533935546875 561
1.1963269710540771 561
1.2034375667572021 560
1.2085785865783691 561
1.2145226001739502 561
1.2200915813446045 562
1.2261650562286377 563
1.2316346168518066 565
1.2375540733337402 566
1.2437355518341064 570
1.250020980834961 572
1.2560200691223145 574
1.2614409923553467 577
1.2673494815826416 580
1.2735459804534912 584
1.2787857055664062 587
1.2846705913543701 590
1.2903449535369873 592
1.2963204383850098 594
1.3035590648651123 596
1.3087830543518066 597
1.314645528793335 598
1.3201768398284912 598
1.3261783123016357 598
1.3316364288330078 598
1.3414027690887451 597
1.3475346565246582 595
1.3545379638671875 594
1.3603053092956543 592
1.36635422706604 590
1.3717868328094482 588
1.3777234554290771 584
1.3839442729949951 582
1.3894445896148682 579
1.3955390453338623 576
1.4017961025238037 572
1.4080238342285156 569
1.4140725135803223 567
1.4196093082427979 566
1.4256126880645752 564
1.4307305812835693 563
1.4366676807403564 562
1.4431076049804688 562
1.4482712745666504 562
1.4554314613342285 562
1.4605581760406494 563
1.46663498878479 564
1.4727966785430908 565
1.4780702590942383 567
1.484142541885376 568
1.4897568225860596 571
1.4958317279815674 574
1.5012538433074951 577
1.5080955028533936 580
1.5152528285980225 584
1.5208048820495605 587
1.5268774032592773 590
1.533341407775879 592
1.5384502410888672 594
1.5444273948669434 596
1.5499651432037354 597
1.5565707683563232 598
1.5627732276916504 598
1.5680882930755615 598
1.5741286277770996 597
1.5796678066253662 596
1.585756540298462 595
1.590878963470459 594
1.5968048572540283 592
1.60322904586792 590
1.6096160411834717 588
1.615718126296997 585
1.6208789348602295 582
1.626810073852539 578
1.633239984512329 575
1.6384093761444092 572
1.6443758010864258 569
1.6500232219696045 567
1.656733751296997 565
1.663182258605957 564
1.6683368682861328 562
1.6742663383483887 562
1.6798040866851807 561
1.6857573986053467 561
1.6908469200134277 562
1.6968121528625488 562
1.703263759613037 564
1.7096343040466309 565
1.715611219406128 567
1.720750331878662 569
1.7266714572906494 571
1.7331035137176514 575
1.7406859397888184 579
1.7491481304168701 582
1.7548139095306396 586
1.7616453170776367 589
1.7678909301757812 592
1.774019718170166 593
1.7795727252960205 595
1.7855699062347412 596
1.7907319068908691 597
1.7966811656951904 597
1.803107738494873 597
1.809499740600586 597
1.8154850006103516 596
1.8206138610839844 595
1.8266816139221191 594
1.8331108093261719 592
1.8383057117462158 590
1.8443477153778076 588
1.8498811721801758 586
1.8558447360992432 582
1.863130807876587 579
1.8682951927185059 576
1.874279260635376 574
1.8799176216125488 571
1.8859894275665283 568
1.8914153575897217 566
1.897301197052002 565
1.9034669399261475 564
1.9098093509674072 563
1.9157562255859375 563
1.9211535453796387 563
1.9268279075622559 563
1.9332842826843262 564
1.9384222030639648 565
1.9443812370300293 566
1.9500043392181396 567
1.955970048904419 570
1.9631586074829102 572
1.968325138092041 575
1.974280595779419 577
1.9797990322113037 580
1.9857912063598633 583
1.9912028312683105 587
1.998619794845581 590
2.0045883655548096 592
2.01137375831604 594
2.0172953605651855 595
2.023524045944214 596
2.028769016265869 596
2.0346336364746094 596
2.0401976108551025 596
2.0461666584014893 596
2.0516135692596436 594
2.057558059692383 593
2.0645551681518555 591
2.070183753967285 589
2.0761806964874268 587
2.0816338062286377 585
2.087580919265747 582
2.0937559604644775 579
2.0994155406951904 576
2.1053903102874756 572
2.1105539798736572 570
2.117368698120117 568
2.1235604286193848 566
2.1291723251342773 564
2.1348228454589844 563
2.145535707473755 562
2.158102512359619 563
2.165332794189453 564
2.1705429553985596 565
2.176497220993042 567
2.1826589107513428 569
2.188126564025879 571
2.1941466331481934 573
2.1996543407440186 576
2.2056546211242676 578
2.2108025550842285 582
2.2180089950561523 586
2.2240817546844482 588
2.229654312133789 590
2.2356698513031006 592
2.2408320903778076 594
2.247180938720703 595
2.253401517868042 596
2.2585630416870117 596
2.265834093093872 596
2.2713160514831543 596
2.2772209644317627 595
2.283409833908081 594
2.2885360717773438 592
2.2945058345794678 590
2.3000648021698 588
2.3062400817871094 586
2.3117072582244873 583
2.3187673091888428 580
2.324657917022705 577
2.3302013874053955 574
2.3361635208129883 572
2.341661214828491 570
2.3475871086120605 568
2.3537604808807373 567
2.359137773513794 566
2.36480975151062 565
2.3716719150543213 565
2.3775839805603027 565
2.3837547302246094 566
2.3891618251800537 566
2.395432710647583 568
2.400595188140869 570
2.4065542221069336 572
2.412803888320923 574
2.419370412826538 576
2.4254398345947266 579
2.4305837154388428 582
2.4365921020507812 585
2.442847490310669 588
2.4482643604278564 590
2.454195737838745 591
2.4597206115722656 593
2.4657208919525146 594
2.472302198410034 595
2.4780209064483643 595
2.4846150875091553 595
2.4904375076293945 594
2.4963877201080322 594
2.5022709369659424 592
2.50801944732666 590
2.514817237854004 588
2.522280693054199 585
2.5281600952148438 582
2.5341975688934326 580
2.544373035430908 574
2.550170660018921 571
2.5562853813171387 569
2.561734914779663 567
2.5677380561828613 564
2.5747077465057373 563
2.580204725265503 562
2.5861310958862305 562
2.591622829437256 561
2.597607135772705 562
2.603760242462158 562
2.609375238418579 563
2.6153345108032227 564
2.62152099609375 565
2.62746000289917 567
2.6336617469787598 569
2.6388771533966064 572
2.644775629043579 574
2.650296688079834 578
2.656357765197754 580
2.661799669265747 584
2.6680538654327393 587
2.675358295440674 590
2.680518627166748 592
2.6864969730377197 594
2.692753314971924 596
2.6980795860290527 597
2.7041120529174805 597
2.7096242904663086 598
2.7156333923339844 598
2.722200393676758 597
2.7280688285827637 596
2.7341058254241943 595
2.739604949951172 594
2.7456090450286865 592
2.750763177871704 590
2.756736993789673 587
2.763181686401367 584
2.7683541774749756 582
2.7754547595977783 578
2.7806055545806885 575
2.7867419719696045 572
2.793215274810791 570
2.798377275466919 568
2.8043274879455566 567
2.8098669052124023 566
2.8158349990844727 565
2.821265935897827 564
2.8280584812164307 564
2.8340954780578613 565
2.8395836353302 565
2.8456733226776123 566
2.8508260250091553 568
2.856792688369751 569
2.863295078277588 571
2.868454933166504 574
2.8756186962127686 576
2.880760431289673 579
2.8867263793945312 582
2.8932406902313232 585
2.898451328277588 588
2.904416561126709 590
2.9100401401519775 592
2.9161722660064697 593
2.9216535091400146 594
2.928602933883667 595
2.9345510005950928 595
2.940129518508911 594
2.95064377784729 594
2.956712245941162 592
2.9631593227386475 591
2.968536853790283 589
2.974510908126831 587
2.980719804763794 584
2.9867055416107178 582
2.993175983428955 578
2.9983325004577637 576
3.004305362701416 574
3.009854793548584 572
3.015834093093872 570
3.0212721824645996 568
3.0284204483032227 567
3.034388542175293 567
3.039917469024658 566
3.0459842681884766 566
3.0514538288116455 567
3.0574135780334473 568
3.0635769367218018 569
3.0687930583953857 570
3.074653148651123 572
3.0812900066375732 574
3.0873332023620605 577
3.093554735183716 580
3.0987751483917236 582
3.104651689529419 586
3.1102330684661865 588
3.116217613220215 590
3.1216795444488525 591
3.1285107135772705 593
3.134500026702881 594
3.1400184631347656 594
3.146084785461426 594
3.151541233062744 594
3.15840482711792 594
3.16436505317688 593
3.169926881790161 592
3.1760449409484863 590
3.183344841003418 588
3.1885178089141846 586
3.1944949626922607 584
3.2000763416290283 581
3.2061710357666016 579
3.2116456031799316 576
3.217580556869507 572
3.2237792015075684 570
3.2300713062286377 567
3.236069440841675 566
3.2414793968200684 564
3.247408151626587 564
3.253607749938965 563
3.258820056915283 563
3.2646663188934326 563
3.270364284515381 563
3.2763264179229736 564
3.2835707664489746 565
3.2888550758361816 567
3.2947590351104736 568
3.3003108501434326 571
3.306365489959717 572
3.3117997646331787 575
3.317723512649536 579
3.3239285945892334 581
3.329577922821045 586
3.336366891860962 588
3.3461849689483643 592
3.3517067432403564 594
3.3577256202697754 597
3.3639352321624756 598
3.3696188926696777 599
3.3757529258728027 599
3.382704973220825 600
3.388272285461426 599
3.3942320346832275 599
3.3999078273773193 598
3.4059269428253174 597
3.4113516807556152 596
3.4172492027282715 594
3.423506021499634 592
3.4286530017852783 589
3.435875654220581 586
3.441326141357422 583
3.4473719596862793 580
3.4536118507385254 577
3.4588537216186523 574
3.4647367000579834 571
3.4702508449554443 568
3.476248025894165 567
3.4816818237304688 565
3.4885363578796387 564
3.494503974914551 563
3.500033378601074 563
3.5061185359954834 562
3.5115809440612793 563
3.518878221511841 564
3.5255346298217773 565
3.5306806564331055 566
3.537715196609497 568
3.5439305305480957 570
3.549454927444458 572
3.5554261207580566 575
3.5605967044830322 578
3.5666980743408203 581
3.5731587409973145 584
3.578362226486206 588
3.5856215953826904 590
3.5908424854278564 592
3.5967938899993896 594
3.603269100189209 596
3.6084539890289307 597
3.6144676208496094 598
3.6199986934661865 598
3.6260907649993896 598
3.6315219402313232 597
3.6383564472198486 596
3.644343614578247 595
3.649920701980591 594
3.6559042930603027 592
3.6613242626190186 590
3.6673238277435303 588
3.673565626144409 585
3.678809404373169 582
3.684668779373169 579
3.6914634704589844 576
3.697549819946289 572
3.7037527561187744 570
3.709184169769287 567
3.7152814865112305 565
3.720442056655884 564
3.7263903617858887 563
3.7322213649749756 562
3.739100217819214 561
3.748828887939453 561
3.754730463027954 562
3.7603437900543213 563
3.766446828842163 564
3.772270679473877 566
3.7781248092651367 568
3.7841458320617676 570
3.790436029434204 573
3.796414375305176 575
3.80226993560791 579
3.8080952167510986 582
3.814142942428589 584
3.819657802581787 588
3.825770139694214 591
3.831221103668213 593
3.8371715545654297 596
3.844168186187744 597
3.8497021198272705 598
3.8556840419769287 599
3.8608314990997314 600
3.8671364784240723 600
3.873384475708008 599
3.8785529136657715 599
3.8845043182373047 598
3.8908426761627197 596
3.896836042404175 595
3.903319835662842 593
3.908496379852295 591
3.9144721031188965 588
3.920008420944214 585
3.9260876178741455 584
3.9315474033355713 580
3.937509536743164 576
3.944573163986206 573
3.9501147270202637 570
3.95623517036438 568
3.961686849594116 566
3.967618703842163 564
3.973827838897705 563
3.9793734550476074 562
3.9854907989501953 562
3.9917244911193848 562
3.9976706504821777 562
4.003867864608765 562
4.009382247924805 564
4.0154054164886475 565
4.020550012588501 566
4.026493549346924 568
4.032665967941284 570
4.038022518157959 573
4.0447492599487305 576
4.050417900085449 579
4.056384325027466 581
4.062160015106201 584
4.067768096923828 588
4.07392954826355 590
4.0794384479522705 593
4.085538864135742 595
4.09069561958313 596
4.09766411781311 598
4.103871822357178 598
4.109563112258911 599
4.1155359745025635 599
4.120688438415527 599
4.126620769500732 598
4.132802963256836 597
4.138091564178467 594
4.148646354675293 592
4.154631853103638 590
4.163393974304199 587
4.168830394744873 584
4.174755096435547 581
4.1803929805755615 578
4.186343431472778 576
4.191801309585571 571
4.198797702789307 568
4.204690217971802 566
4.210246801376343 564
4.21631383895874 563
4.2217326164245605 562
4.227760553359985 560
4.23395299911499 560
4.239553451538086 560
4.245535135269165 560
4.251769542694092 561
4.257688760757446 562
4.263888835906982 563
4.269389867782593 565
4.27537202835083 567
4.280513286590576 569
4.286628246307373 572
4.2928290367126465 574
4.2993786334991455 578
4.305411338806152 581
4.310525894165039 584
4.316541433334351 588
4.32284140586853 591
4.328135967254639 593
4.334192514419556 594
4.339768171310425 596
4.345879077911377 598
4.35813045501709 600
4.364206790924072 600
4.369720220565796 600
4.375736474990845 599
4.380855560302734 598
4.386821985244751 597
4.393307685852051 596
4.399754285812378 594
4.405917167663574 592
4.4114038944244385 589
4.41733980178833 586
4.423574209213257 584
4.428850173950195 580
4.434707403182983 577
4.440265655517578 574
4.446242094039917 571
4.453449726104736 569
4.458648681640625 567
4.464613437652588 566
4.470219135284424 565
4.476325750350952 564
4.481783390045166 564
4.487699031829834 564
4.4938836097717285 564
4.500054597854614 565
4.506166458129883 566
4.511644124984741 567
4.517573833465576 570
4.52413010597229 572
4.53059458732605 574
4.5365660190582275 577
4.542767763137817 583
4.554175615310669 586
4.559868574142456 589
4.5659544467926025 592
4.571388006210327 594
4.577426433563232 596
4.583622932434082 598
4.589174270629883 599
4.5952229499816895 600
4.60040545463562 600
4.607556581497192 600
4.613746166229248 600
4.619177579879761 599
4.6252124309539795 598
4.630404949188232 596
4.6363890171051025 595
4.642263650894165 592
4.6481359004974365 590
4.655316114425659 587
4.660510778427124 584
4.666484594345093 581
4.672297716140747 579
4.678002119064331 575
4.684094190597534 573
4.6895997524261475 570
4.695598363876343 568
4.7007527351379395 566
4.707762956619263 565
4.713944673538208 564
4.719455003738403 564
4.7254321575164795 564
4.730618476867676 564
4.7366907596588135 564
4.743100881576538 565
4.748266696929932 566
4.7553956508636475 568
4.760552406311035 570
4.766650438308716 572
4.772855043411255 575
4.778177976608276 578
4.784199953079224 580
4.789716482162476 583
4.795803785324097 586
4.801252603530884 590
4.808154582977295 592
4.814194440841675 593
4.819700717926025 594
4.825804948806763 595
4.8312554359436035 596
4.837173223495483 596
4.843381881713867 596
4.848533630371094 595
4.854504108428955 594
4.860717296600342 593
4.8668084144592285 592
4.873264312744141 590
4.878421068191528 587
4.884344100952148 585
4.8900275230407715 582
4.89602255821228 580
4.901483058929443 576
4.908472537994385 573
4.914471387863159 571
4.920001268386841 569
4.925963878631592 567
4.931410789489746 566
4.937340259552002 565
4.943545579910278 564
4.95372200012207 564
4.960720777511597 564
4.966785907745361 565
4.973199129104614 566
4.978461265563965 568
4.984427213668823 570
4.989959239959717 572
4.996429443359375 574
5.00227165222168 577
5.009117126464844 580
5.014809608459473 583
5.020368576049805 586
5.0263848304748535 588
5.032234191894531 590
5.0377585887908936 592
5.043951749801636 594
5.049484729766846 594
5.055476665496826 595
5.061787366867065 595
5.068035125732422 595
5.074073791503906 595
5.0796003341674805 594
5.085573673248291 593
5.0907557010650635 591
5.096728801727295 589
5.103153944015503 587
5.108356237411499 584
5.115514039993286 582
5.120736360549927 579
5.126848220825195 576
5.133321046829224 573
5.138481140136719 570
5.144467830657959 568
5.1499857902526855 567
5.15597128868103 564
5.163931608200073 564
5.169422149658203 563
5.175351619720459 563
5.180509328842163 563
5.186568021774292 564
5.192836761474609 564
5.198135137557983 565
5.20412802696228 566
5.2096099853515625 568
5.21634578704834 570
5.221790790557861 572
5.22774863243103 576
5.233916521072388 578
5.239427804946899 580
5.245486736297607 584
5.250668525695801 587
5.256751775741577 590
5.263982534408569 592
5.269495725631714 594
5.275542259216309 595
5.280695676803589 596
5.286657810211182 597
5.2930920124053955 597
5.2982728481292725 597
5.304236888885498 597
5.309893608093262 596
5.316573143005371 595
5.322801828384399 593
5.328101873397827 592
5.334116220474243 590
5.33967924118042 588
5.345661163330078 584
5.35558295249939 580
5.360752820968628 576
5.368144512176514 573
5.3742170333862305 571
5.379829406738281 569
5.38990330696106 565
5.396009922027588 564
5.401433944702148 563
5.407382488250732 563
5.413570404052734 562
5.419958591461182 562
5.426043748855591 563
5.43147611618042 564
5.437391042709351 565
5.4435625076293945 567
5.448828458786011 569
5.454722881317139 571
5.460319995880127 574
5.467297792434692 576
5.473541736602783 579
5.478772401809692 582
5.484681129455566 586
5.490344047546387 588
5.496319055557251 590
5.501756906509399 592
5.507708311080933 594
5.513909101486206 595
5.52168607711792 596
5.527653455734253 596
5.533873558044434 596
5.539379119873047 596
5.54548192024231 595
5.550626993179321 594
5.556582689285278 592
5.562793493270874 590
5.569250583648682 588
5.575387239456177 586
5.5805394649505615 583
5.586548805236816 580
5.5927159786224365 577
5.598037958145142 574
5.604090929031372 572
5.60978627204895 570
5.615746736526489 568
5.6226983070373535 566
5.628057956695557 565
5.634063243865967 565
5.6395790576934814 565
5.645726442337036 565
5.650871753692627 565
5.656799077987671 566
5.66320538520813 568
5.6684730052948 569
5.675652503967285 571
5.680789232254028 573
5.686766624450684 576
5.693183898925781 578
5.698361873626709 582
5.704333066940308 583
5.709925413131714 586
5.715928316116333 589
5.723137378692627 590
5.728451490402222 592
5.734424591064453 593
5.739969253540039 593
5.746016025543213 593
5.756132125854492 593
5.761574029922485 592
5.767629384994507 591
5.774679183959961 590
5.780411958694458 588
5.7864830493927 586
5.792658090591431 584
5.798038482666016 580
5.8040807247161865 578
5.809626817703247 576
5.815683126449585 573
5.820825099945068 570
5.830692291259766 568
5.841709613800049 567
5.848600387573242 567
5.854552984237671 567
5.860095262527466 567
5.866048574447632 568
5.871514797210693 569
5.878331184387207 570
5.884256839752197 571
5.889715909957886 573
5.895696640014648 575
5.900820970535278 578
5.907180070877075 580
5.913380861282349 584
5.918534517288208 586
5.925689697265625 589
5.93083930015564 591
5.936811685562134 592
5.94327974319458 594
5.948463201522827 594
5.9544548988342285 595
5.959976673126221 595
5.966084241867065 595
5.971558332443237 594
5.9784934520721436 593
5.984477758407593 591
5.990045070648193 590
5.9960150718688965 588
6.001444339752197 586
6.007431983947754 583
6.013647794723511 580
6.018871545791626 578
6.025918245315552 574
6.031512260437012 572
6.037604093551636 569
6.043743371963501 567
6.049159049987793 566
6.054821729660034 565
6.060344934463501 564
6.066356897354126 564
6.072171211242676 564
6.079091548919678 564
6.08478307723999 565
6.0904436111450195 566
6.096359014511108 567
6.101803541183472 568
6.1077470779418945 571
6.113928556442261 573
6.1194167137146 576
6.125379800796509 578
6.1316375732421875 582
6.13761305809021 584
6.143826246261597 587
6.1536455154418945 592
6.160073518753052 593
6.166293382644653 594
6.171753883361816 595
6.179113388061523 595
6.184823751449585 595
6.190401077270508 595
6.196352005004883 594
6.201797723770142 593
6.208038330078125 591
6.214051246643066 590
6.2195727825164795 588
6.225591659545898 586
6.232255935668945 583
6.237884283065796 579
6.243990421295166 577
6.249516487121582 574
6.255508184432983 572
6.260639190673828 570
6.266684293746948 568
6.27313232421875 566
6.278324365615845 565
6.285528182983398 565
6.290685415267944 564
6.296737909317017 565
6.30322003364563 565
6.3083531856536865 566
6.314275503158569 567
6.319831132888794 569
6.325908184051514 571
6.333192348480225 574
6.338351249694824 576
6.344321250915527 578
6.349850177764893 581
6.355792760848999 585
6.363543510437012 588
6.368812322616577 591
6.37466835975647 593
6.380202293395996 595
6.387336015701294 596
6.3935418128967285 598
6.399158000946045 598
6.404820442199707 598
6.410402297973633 598
6.416380405426025 598
6.422217130661011 597
6.42805290222168 596
6.435255289077759 594
6.440439701080322 592
6.446497440338135 590
6.452675104141235 588
6.458053827285767 586
6.464088678359985 584
6.469618320465088 580
6.475633859634399 577
6.480765104293823 574
6.487703800201416 570
6.493905782699585 569
6.499502658843994 567
6.505604267120361 565
6.510757684707642 564
6.518346071243286 563
6.524327754974365 562
6.529855489730835 562
6.536639213562012 563
6.542815208435059 564
6.5481038093566895 566
6.558272361755371 567
6.564245223999023 569
6.569969415664673 571
6.5760581493377686 573
6.5815110206604 577
6.588562488555908 580
6.594503164291382 584
6.600070476531982 586
6.606136083602905 588
