0 0
0.0003559589385986328 -0.2746304710252545 -100 25.027463047102525
0.038971900939941406 -0.2746304710252545 -100 25.027463047102525
0.052129507064819336 -0.2746304710252545 -100 25.027463047102525
0.06380701065063477 -0.2746304710252545 -100 25.027463047102525
0.07628750801086426 -0.2746304710252545 -100 25.027463047102525
0.08880329132080078 -0.2746304710252545 -100 25.027463047102525
0.10252618789672852 -1.8603545662699261 -100 25.186035456626993
0.11443042755126953 -1.8603545662699261 -100 25.186035456626993
0.13353204727172852 -6.657854692020848 -100 25.665785469202085
0.14838528633117676 -10.606437071898078 -100 26.060643707189808
0.16050052642822266 -10.606437071898078 -100 26.060643707189808
0.17250919342041016 -17.85631711069378 -100 26.785631711069378
0.1845250129699707 -21.323423242447006 -100 27.1323423242447
0.19840192794799805 -21.69254149511059 -100 27.169254149511058
0.21150517463684082 -14.704148302679585 -100 26.47041483026796
0.22353816032409668 -14.704148302679585 -100 26.47041483026796
0.2375504970550537 -19.92694081740001 -100 26.99269408174
0.25029897689819336 -19.92694081740001 -100 26.99269408174
0.2623152732849121 -19.594594594594597 -100 26.95945945945946
0.2745177745819092 -19.594594594594597 -100 26.95945945945946
0.2874138355255127 -19.45420410239859 -100 26.94542041023986
0.30014562606811523 -17.521123654606896 -100 26.75211236546069
0.3124246597290039 -18.153211045233988 -100 26.8153211045234
0.3243992328643799 -18.153211045233988 -100 26.8153211045234
0.33837056159973145 -19.92694081740001 -100 26.99269408174
0.3506894111633301 -19.92694081740001 -100 26.99269408174
0.36350393295288086 -14.58384177326856 -100 26.458384177326856
0.3756263256072998 -14.58384177326856 -100 26.458384177326856
0.3880457878112793 -18.153211045233988 -100 26.8153211045234
0.40095996856689453 -18.153211045233988 -100 26.8153211045234
0.4133284091949463 -21.69254149511059 -100 27.169254149511058
0.42487359046936035 -18.879429791771685 -100 26.88794297917717
0.4381842613220215 -18.879429791771685 -100 26.88794297917717
0.45229482650756836 -19.92694081740001 -100 26.99269408174
0.4637644290924072 -12.281376794891052 -100 26.228137679489105
0.47728562355041504 -13.64290927101706 -100 26.364290927101706
0.4893484115600586 -10.573994763128702 -100 26.05739947631287
0.5009279251098633 -15.410851989858003 -100 26.5410851989858
0.5201706886291504 -25.68760601194481 -100 27.56876060119448
0.5388035774230957 -30.582133543362858 -100 28.058213354336285
0.550239086151123 -30.582133543362858 -100 28.058213354336285
0.5640060901641846 -52.50804292747728 -100 30.250804292747727
0.5770182609558105 -56.65858486591752 -100 30.665858486591752
0.5900087356567383 -56.65858486591752 -100 30.665858486591752
0.6013388633728027 -57.995128523485306 -100 30.79951285234853
0.6144869327545166 -57.995128523485306 -100 30.79951285234853
0.6266369819641113 -72.00000000000003 -100 32.2
0.6393849849700928 -72.00000000000003 -100 32.2
0.650944709777832 -71.49635493727423 -100 32.14963549372742
0.663691520690918 -71.49635493727423 -100 32.14963549372742
0.6769320964813232 -49.33374964025674 -100 29.933374964025674
0.6883304119110107 -50.414860460112976 -100 30.041486046011297
0.7007861137390137 -48.0 -100 29.8
0.714653730392456 -58.57161946318428 -100 30.857161946318428
0.7277023792266846 -58.57161946318428 -100 30.857161946318428
0.7400689125061035 -61.969259214110906 -100 31.19692592141109
0.7521240711212158 -61.969259214110906 -100 31.19692592141109
0.7661912441253662 -61.969259214110906 -100 31.19692592141109
0.777839183807373 -61.969259214110906 -100 31.19692592141109
0.7902464866638184 -61.22874621595365 -100 31.122874621595365
0.8014264106750488 -61.22874621595365 -100 31.122874621595365
0.8163321018218994 -65.84188774623506 -100 31.584188774623506
0.8285574913024902 -72.86824392680437 -100 32.28682439268044
0.8414130210876465 -71.94160319139506 -100 32.194160319139506
0.853295087814331 -71.49635493727423 -100 32.14963549372742
0.8664608001708984 -71.49635493727423 -100 32.14963549372742
0.8789763450622559 -73.40834395622807 -100 32.34083439562281
0.8909354209899902 -73.40834395622807 -100 32.34083439562281
0.9041175842285156 -73.40834395622807 -100 32.34083439562281
0.9174251556396484 -73.40834395622807 -100 32.34083439562281
0.9355762004852295 -71.00000000000001 -100 32.1
0.9482936859130859 -73.40834395622807 -100 32.34083439562281
0.9614701271057129 -73.40834395622807 -100 32.34083439562281
0.9740743637084961 -73.40834395622807 -100 32.34083439562281
0.9850070476531982 -73.40834395622807 -100 32.34083439562281
0.9983870983123779 -81.45928302876024 -100 33.14592830287602
1.0114524364471436 -86.72824571687116 -100 33.672824571687116
1.024132490158081 -83.15428257045696 -100 33.315428257045696
1.0375962257385254 -85.87512923559018 -100 33.58751292355902
1.049511432647705 -100 -100 38.075241722203664
1.0620317459106445 -100 -100 41.6117107544272
1.0732476711273193 -100 -100 41.6117107544272
1.0847573280334473 -100 -100 41.74692459484936
1.0965087413787842 -100 -100 41.74692459484936
1.1087548732757568 -100 -100 41.74692459484936
1.1206798553466797 -100 -100 41.74692459484936
1.1330382823944092 -100 -100 41.74692459484936
1.144160509109497 -100 -100 41.74692459484936
1.1550145149230957 -100 -100 41.74692459484936
1.1682169437408447 -100 -100 41.74692459484936
1.1795423030853271 -100 -100 41.74692459484936
1.1903879642486572 -100 -100 41.74692459484936
1.201789379119873 -100 -100 41.74692459484936
1.214186191558838 -100 -100 41.74692459484936
1.2265233993530273 100 3.36005823493322 14.663994176506678
1.2389893531799316 100 3.36005823493322 14.663994176506678
1.2502479553222656 100 3.36005823493322 14.663994176506678
1.2614622116088867 100 3.36005823493322 14.663994176506678
1.273791790008545 100 3.36005823493322 14.663994176506678
1.2846910953521729 100 3.36005823493322 14.663994176506678
1.297325849533081 100 3.36005823493322 14.663994176506678
1.3093342781066895 100 3.36005823493322 14.663994176506678
1.322035789489746 100 3.36005823493322 14.663994176506678
1.3387250900268555 100 3.36005823493322 14.663994176506678
1.350212574005127 100 3.36005823493322 14.663994176506678
1.362839937210083 -100 -100 255.0
1.374894618988037 -100 -100 255.0
1.3866431713104248 -100 -100 255.0
1.3984365463256836 -100 -100 255.0
1.41054368019104 -100 -100 255.0
1.4227252006530762 -100 -100 255.0
1.4363739490509033 -100 -100 255.0
1.4477033615112305 -100 -100 255.0
1.458634853363037 -100 -100 255.0
1.4719431400299072 -100 -100 255.0
1.4828619956970215 -100 -100 255.0
1.4940297603607178 -100 -100 255.0
1.5080573558807373 -100 -100 186.77712418186294
1.5201971530914307 -100 -100 186.77712418186294
1.5322723388671875 -100 -100 186.77712418186294
1.5441992282867432 -100 -100 255.0
1.5549886226654053 -100 -100 255.0
1.5677926540374756 -100 -100 255.0
1.5804293155670166 -100 -100 255.0
1.591813564300537 -100 -100 255.0
1.6041202545166016 -100 -100 255.0
1.614933729171753 -100 -100 255.0
1.6279025077819824 -100 -100 255.0
1.6403710842132568 -100 -100 255.0
1.6516695022583008 -100 -100 255.0
1.662583827972412 -100 -100 255.0
1.676619529724121 -100 -100 255.0
1.688114881515503 -100 -100 255.0
1.6993870735168457 -100 -100 255.0
1.7108213901519775 -100 -100 255.0
1.7236902713775635 -100 -100 255.0
1.7404205799102783 -100 -100 255.0
1.7524991035461426 -100 -100 255.0
1.7638139724731445 -100 -100 255.0
1.776477336883545 -100 -100 255.0
1.7880980968475342 -100 -100 255.0
1.799384593963623 -100 -100 255.0
1.8107552528381348 -100 -100 255.0
1.8224961757659912 -100 -100 41.679213420140165
1.836313009262085 -100 -100 41.679213420140165
1.8521053791046143 -100 -100 255.0
1.8637375831604004 -100 -100 255.0
1.876279592514038 -100 -100 255.0
1.887716293334961 -100 -100 255.0
1.898735761642456 -100 -100 255.0
1.9103217124938965 -100 -100 255.0
1.9213778972625732 -100 -100 255.0
1.9344286918640137 -100 -100 255.0
1.9460995197296143 -100 -100 255.0
1.9576215744018555 -100 -100 255.0
1.9684243202209473 -100 -100 255.0
1.9804184436798096 -100 -100 255.0
1.9915363788604736 -100 -100 255.0
2.004535436630249 -100 -100 255.0
2.01633620262146 -100 -100 255.0
2.029806613922119 -100 -100 39.49302912818417
2.041672945022583 -100 -100 39.49302912818417
2.0584261417388916 -100 -100 36.32333830066854
2.070521354675293 -100 -100 36.44597232495325
2.0832555294036865 -100 -100 36.44597232495325
2.094632625579834 -100 -100 36.44597232495325
2.107351064682007 -100 -100 37.40660959809597
2.1197433471679688 -100 -100 37.912892662844826
2.1381306648254395 -100 -100 36.2842127371254
2.1495819091796875 -100 -100 36.2842127371254
2.16198992729187 -88.29551613030617 -100 33.82955161303062
2.173462390899658 -88.29551613030617 -100 33.82955161303062
2.1881191730499268 -85.11855047484303 -100 33.5118550474843
2.199605703353882 -85.11855047484303 -100 33.5118550474843
2.212522506713867 -84.21456380637622 -100 33.42145638063762
2.223989725112915 -84.21456380637622 -100 33.42145638063762
2.238598108291626 -63.41577305754335 -100 31.341577305754335
2.2501187324523926 -100 -100 35.595626946552315
2.2620975971221924 -65.122347523354 -100 31.5122347523354
2.2735416889190674 -81.45928302876024 -100 33.14592830287602
2.2869350910186768 -96.08636579214044 -100 34.60863657921404
2.2981953620910645 -95.37019279849105 -100 34.537019279849105
2.3106789588928223 -95.37019279849105 -100 34.537019279849105
2.3230395317077637 -94.6219807915189 -100 34.46219807915189
2.336569309234619 -94.6219807915189 -100 34.46219807915189
2.3483974933624268 -93.02972602310007 -100 34.30297260231001
2.359907388687134 -46.01457439252559 -100 29.60145743925256
2.3726046085357666 -37.28501622511831 -100 28.728501622511832
2.3848748207092285 -41.98816854641987 -100 29.198816854641986
2.3983490467071533 -40.03111183253506 -100 29.003111183253505
2.4102931022644043 -48.55275701563923 -100 29.855275701563922
2.423403024673462 -46.51155184112898 -100 29.6511551841129
2.438162326812744 -44.48482384566074 -100 29.448482384566073
2.4496216773986816 -44.48482384566074 -100 29.448482384566073
2.4613983631134033 -38.491029054896046 -100 28.849102905489605
2.4728281497955322 -38.491029054896046 -100 28.849102905489605
2.490551471710205 -73.40834395622807 -100 32.34083439562281
2.5022175312042236 -73.40834395622807 -100 32.34083439562281
2.515002965927124 -71.00000000000001 -100 32.1
2.5273945331573486 -71.00000000000001 -100 32.1
2.544668197631836 -71.00000000000001 -100 32.1
2.5579657554626465 -73.40834395622807 -100 32.34083439562281
2.5695245265960693 -73.40834395622807 -100 32.34083439562281
2.5814003944396973 -73.40834395622807 -100 32.34083439562281
2.5937373638153076 -73.40834395622807 -100 32.34083439562281
2.6077563762664795 -73.40834395622807 -100 32.34083439562281
2.6189823150634766 -71.00000000000001 -100 32.1
2.6320745944976807 -71.00000000000001 -100 32.1
2.644317865371704 -73.40834395622807 -100 32.34083439562281
2.656912088394165 -73.40834395622807 -100 32.34083439562281
2.6683237552642822 -76.00000000000001 -100 32.6
2.680335521697998 -76.00000000000001 -100 32.6
2.6936898231506348 -76.00000000000001 -100 32.6
2.706099510192871 -76.00000000000001 -100 32.6
2.7182846069335938 -73.40834395622807 -100 32.34083439562281
2.729938268661499 -73.40834395622807 -100 32.34083439562281
2.7439639568328857 -88.54069179346817 -100 33.854069179346816
2.7549760341644287 -88.54069179346817 -100 33.854069179346816
2.767934799194336 -76.00000000000001 -100 32.6
2.779352903366089 -76.00000000000001 -100 32.6
2.792712688446045 -73.40834395622807 -100 32.34083439562281
2.80460524559021 -73.40834395622807 -100 32.34083439562281
2.817579746246338 -76.00000000000001 -100 32.6
2.828730344772339 -76.00000000000001 -100 32.6
2.842517852783203 -76.00000000000001 -100 32.6
2.8547418117523193 -73.40834395622807 -100 32.34083439562281
2.867300271987915 -73.40834395622807 -100 32.34083439562281
2.87935471534729 -73.94124047829813 -100 32.39412404782981
2.8903210163116455 -73.94124047829813 -100 32.39412404782981
2.904431104660034 -73.40834395622807 -100 32.34083439562281
2.91640043258667 -73.40834395622807 -100 32.34083439562281
2.928433656692505 -92.42289696656167 -100 34.242289696656165
2.9448540210723877 -92.42289696656167 -100 34.242289696656165
2.957881450653076 -92.42289696656167 -100 34.242289696656165
2.9698572158813477 -87.73508628315591 -100 33.77350862831559
2.9808900356292725 -87.73508628315591 -100 33.77350862831559
2.994147300720215 -87.73508628315591 -100 33.77350862831559
3.0075390338897705 -71.00000000000001 -100 32.1
3.019388198852539 -60.232814228062566 -100 31.023281422806257
3.0320119857788086 -61.969259214110906 -100 31.19692592141109
3.0449211597442627 -58.57161946318428 -100 30.857161946318428
3.0579299926757812 -58.57161946318428 -100 30.857161946318428
3.0697805881500244 -59.26310501298204 -100 30.926310501298204
3.082231044769287 -57.66023697671383 -100 30.766023697671383
3.096247911453247 -58.57161946318428 -100 30.857161946318428
3.1100332736968994 -76.00000000000001 -100 32.6
3.1221210956573486 -73.40834395622807 -100 32.34083439562281
3.134840726852417 -54.98950090703349 -100 30.49895009070335
3.1488208770751953 -56.462396429797224 -100 30.646239642979722
3.160780906677246 -56.462396429797224 -100 30.646239642979722
3.1733171939849854 -56.462396429797224 -100 30.646239642979722
3.1848254203796387 -52.835450681322584 -100 30.28354506813226
3.199410915374756 -49.37055588305566 -100 29.937055588305565
3.2113168239593506 -49.37055588305566 -100 29.937055588305565
3.224046230316162 -45.68390849316489 -100 29.56839084931649
3.236661672592163 -46.76303267249378 -100 29.676303267249377
3.2503206729888916 -40.39426421606623 -100 29.039426421606624
3.2624735832214355 -40.39426421606623 -100 29.039426421606624
3.2744035720825195 -40.39426421606623 -100 29.039426421606624
3.287630558013916 -42.438047505517886 -100 29.24380475055179
3.3000075817108154 -42.438047505517886 -100 29.24380475055179
3.3133881092071533 -38.72964113492162 -100 28.872964113492163
3.3244221210479736 -38.72964113492162 -100 28.872964113492163
3.3419787883758545 -42.98572988277894 -100 29.298572988277893
3.354891538619995 -38.72964113492162 -100 28.872964113492163
3.3674352169036865 -38.72964113492162 -100 28.872964113492163
3.3794033527374268 -45.125954861220066 -100 29.512595486122006
3.3905680179595947 -45.125954861220066 -100 29.512595486122006
3.4044950008392334 -42.98572988277894 -100 29.298572988277893
3.4164388179779053 -42.98572988277894 -100 29.298572988277893
3.4285929203033447 -38.72964113492162 -100 28.872964113492163
3.4406237602233887 -38.72964113492162 -100 28.872964113492163
3.454045534133911 -36.61433769178757 -100 28.661433769178757
3.4650228023529053 -38.72964113492162 -100 28.872964113492163
3.4777870178222656 -38.72964113492162 -100 28.872964113492163
3.489835739135742 -38.72964113492162 -100 28.872964113492163
3.5009076595306396 -38.72964113492162 -100 28.872964113492163
3.5162365436553955 -29.28204257626568 -100 27.928204257626568
3.5278239250183105 -29.28204257626568 -100 27.928204257626568
3.5403897762298584 -36.61433769178757 -100 28.661433769178757
3.5535683631896973 -45.197022227931356 -100 29.519702222793136
3.5661134719848633 -45.197022227931356 -100 29.519702222793136
3.5794050693511963 -43.412147065253066 -100 29.341214706525307
3.590383291244507 -43.412147065253066 -100 29.341214706525307
3.6042895317077637 -43.62414066376928 -100 29.362414066376928
3.6161234378814697 -43.62414066376928 -100 29.362414066376928
3.6284682750701904 -36.70269610705827 -100 28.670269610705827
3.640678882598877 -32.177278074962715 -100 28.21772780749627
3.65271258354187 -32.177278074962715 -100 28.21772780749627
3.6674089431762695 79.61080868766555 -20.389191312334454 17.038919131233445
3.6788406372070312 79.61080868766555 -20.389191312334454 17.038919131233445
3.6909711360931396 85.3090055592136 -14.690994440786405 16.46909944407864
3.7033944129943848 85.3090055592136 -14.690994440786405 16.46909944407864
3.71773624420166 85.3090055592136 -14.690994440786405 16.46909944407864
3.7290260791778564 79.61080868766555 -20.389191312334454 17.038919131233445
3.7476584911346436 79.61080868766555 -20.389191312334454 17.038919131233445
3.7609832286834717 83.75004761363279 -16.249952386367212 16.62499523863672
3.772853374481201 79.82605360858801 -20.17394639141198 17.017394639141198
3.786109209060669 79.82605360858801 -20.17394639141198 17.017394639141198
3.798827886581421 78.24644036905191 -21.75355963094809 17.17535596309481
3.8170344829559326 83.44810209855574 -16.551897901444264 16.655189790144426
3.8298323154449463 83.44810209855574 -16.551897901444264 16.655189790144426
3.8435428142547607 79.31530066179533 -20.684699338204666 17.068469933820467
3.8546340465545654 79.31530066179533 -20.684699338204666 17.068469933820467
3.8697054386138916 77.76558907206635 -22.234410927933652 17.223441092793365
3.880816698074341 77.76558907206635 -22.234410927933652 17.223441092793365
3.8937788009643555 77.13782331011825 -22.862176689881757 17.286217668988176
3.906998634338379 72.97006893327404 -27.029931066725972 17.702993106672597
3.9202849864959717 72.97006893327404 -27.029931066725972 17.702993106672597
3.9341297149658203 76.9335387777285 -23.0664612222715 17.30664612222715
3.946108818054199 76.9335387777285 -23.0664612222715 17.30664612222715
3.958902597427368 68.08177692328147 -31.918223076718526 18.191822307671853
3.9713737964630127 69.70395991910155 -30.296040080898443 18.029604008089844
3.984105110168457 69.70395991910155 -30.296040080898443 18.029604008089844
3.997373580932617 68.04325860879757 -31.956741391202428 18.195674139120243
4.009512424468994 68.04325860879757 -31.956741391202428 18.195674139120243
4.022986888885498 68.00705601245781 -31.99294398754219 18.19929439875422
4.035526752471924 68.00705601245781 -31.99294398754219 18.19929439875422
4.048912048339844 67.94148921806371 -32.058510781936285 18.20585107819363
4.060275316238403 63.85321663088895 -36.14678336911105 18.614678336911105
4.073582172393799 63.85321663088895 -36.14678336911105 18.614678336911105
4.086916446685791 61.38521187206937 -38.61478812793063 18.861478812793063
4.098305940628052 61.38521187206937 -38.61478812793063 18.861478812793063
4.111480236053467 62.28243505579911 -37.71756494420089 18.77175649442009
4.12400221824646 62.28243505579911 -37.71756494420089 18.77175649442009
4.141720771789551 62.28243505579911 -37.71756494420089 18.77175649442009
4.15458083152771 68.00705601245781 -31.99294398754219 18.19929439875422
4.168355941772461 68.00705601245781 -31.99294398754219 18.19929439875422
4.1808021068573 63.96309052529851 -36.03690947470149 18.60369094747015
4.192418575286865 68.00705601245781 -31.99294398754219 18.19929439875422
4.206466436386108 68.00705601245781 -31.99294398754219 18.19929439875422
4.219970464706421 63.924035120377916 -36.075964879622084 18.60759648796221
4.232332468032837 63.924035120377916 -36.075964879622084 18.60759648796221
4.244858741760254 62.28243505579911 -37.71756494420089 18.77175649442009
4.257338762283325 62.28243505579911 -37.71756494420089 18.77175649442009
4.270710468292236 62.20904926895283 -37.79095073104717 18.779095073104717
4.283672571182251 62.20904926895283 -37.79095073104717 18.779095073104717
4.294950246810913 62.20904926895283 -37.79095073104717 18.779095073104717
4.309281587600708 61.42134530834866 -38.57865469165134 18.857865469165134
4.321305513381958 61.42134530834866 -38.57865469165134 18.857865469165134
4.334199666976929 55.39371707619541 -44.60628292380459 19.46062829238046
4.3461668491363525 55.39371707619541 -44.60628292380459 19.46062829238046
4.358647346496582 55.39371707619541 -44.60628292380459 19.46062829238046
4.370839595794678 -52.09398965841629 -100 30.20939896584163
4.383504629135132 -73.94124047829813 -100 32.39412404782981
4.394537925720215 -57.66023697671383 -100 30.766023697671383
4.408273458480835 -57.66023697671383 -100 30.766023697671383
4.421897649765015 -54.98950090703349 -100 30.49895009070335
4.434032917022705 -54.98950090703349 -100 30.49895009070335
4.447023868560791 -52.20613703727885 -100 30.220613703727885
4.458297967910767 -52.20613703727885 -100 30.220613703727885
4.471367120742798 -53.797017915197046 -100 30.379701791519704
4.482496500015259 -53.797017915197046 -100 30.379701791519704
4.494351148605347 -48.151039220168144 -100 29.815103922016814
4.507771253585815 -48.151039220168144 -100 29.815103922016814
4.5207202434539795 -53.797017915197046 -100 30.379701791519704
4.533961534500122 -52.20613703727885 -100 30.220613703727885
4.550021409988403 -52.20613703727885 -100 30.220613703727885
4.561877965927124 -52.20613703727885 -100 30.220613703727885
4.574294805526733 -52.20613703727885 -100 30.220613703727885
4.587278127670288 -54.585451985113025 -100 30.458545198511302
4.598381996154785 -56.29647585359507 -100 30.629647585359507
4.61098051071167 -55.44822340790432 -100 30.544822340790432
4.623681545257568 -59.658053630602666 -100 30.965805363060266
4.637541770935059 -59.658053630602666 -100 30.965805363060266
4.650041341781616 -49.86486486486487 -100 29.986486486486488
4.66130518913269 -49.86486486486487 -100 29.986486486486488
4.674277305603027 -57.941150698600154 -100 30.794115069860016
4.686236143112183 -57.941150698600154 -100 30.794115069860016
4.69814395904541 -57.941150698600154 -100 30.794115069860016
4.710234880447388 -57.941150698600154 -100 30.794115069860016
4.723399877548218 -50.595601325277286 -100 30.05956013252773
4.735024929046631 -51.03826743711245 -100 30.103826743711245
4.748178243637085 -73.76515354348342 -100 32.37651535434834
4.759617328643799 -82.90794929334851 -100 33.29079492933485
4.772247314453125 -49.003056931360874 -100 29.900305693136087
4.786245346069336 29.18462240035538 -70.81537759964462 22.081537759964462
4.798171758651733 29.18462240035538 -70.81537759964462 22.081537759964462
4.811049461364746 -57.87429252862282 -100 30.78742925286228
4.8225321769714355 -57.87429252862282 -100 30.78742925286228
4.837637662887573 -51.519454551897255 -100 30.151945455189725
4.8488593101501465 -51.519454551897255 -100 30.151945455189725
4.861378192901611 -44.93148238439542 -100 29.49314823843954
4.8725221157073975 -44.93148238439542 -100 29.49314823843954
4.885533571243286 -50.808584685666034 -100 30.080858468566603
4.897910118103027 -49.37055588305566 -100 29.937055588305565
4.9101831912994385 -49.37055588305566 -100 29.937055588305565
4.922110080718994 -50.808584685666034 -100 30.080858468566603
4.934956789016724 -50.808584685666034 -100 30.080858468566603
4.952234983444214 -56.3368825891402 -100 30.63368825891402
4.963794708251953 -56.3368825891402 -100 30.63368825891402
4.9777748584747314 -44.93148238439542 -100 29.49314823843954
4.989845037460327 29.118623602686178 -70.88137639731383 22.088137639731382
5.001302242279053 29.118623602686178 -70.88137639731383 22.088137639731382
5.014520645141602 -40.39426421606623 -100 29.039426421606624
5.026473760604858 -40.39426421606623 -100 29.039426421606624
5.040818691253662 32.46158285938989 -67.53841714061011 21.75384171406101
5.052450895309448 -46.34219188341284 -100 29.634219188341284
5.064816236495972 -38.794977980524266 -100 28.879497798052427
5.077387094497681 26.50648921146697 -73.49351078853303 22.349351078853303
5.090405702590942 26.50648921146697 -73.49351078853303 22.349351078853303
5.103631258010864 -33.15681170707521 -100 28.31568117070752
5.114684581756592 -33.15681170707521 -100 28.31568117070752
5.1281023025512695 -40.10228649115166 -100 29.010228649115167
5.141035318374634 -40.10228649115166 -100 29.010228649115167
5.1530327796936035 -42.88048133298358 -100 29.288048133298357
5.1642844676971436 -42.88048133298358 -100 29.288048133298357
5.177393198013306 -40.670628077811386 -100 29.067062807781138
5.189847469329834 -37.470667754859164 -100 28.747066775485916
5.202564477920532 -28.97706173169027 -100 27.897706173169027
5.216411590576172 29.753252472393967 -70.24674752760603 22.024674752760603
5.22811222076416 29.753252472393967 -70.24674752760603 22.024674752760603
5.24214243888855 32.700760403052094 -67.2992395969479 21.72992395969479
5.253861904144287 32.700760403052094 -67.2992395969479 21.72992395969479
5.267048120498657 32.700760403052094 -67.2992395969479 21.72992395969479
5.278470754623413 27.64490684668001 -72.35509315331998 22.235509315332
5.2915074825286865 27.355923621062246 -72.64407637893775 22.264407637893775
5.304418087005615 -15.410851989858003 -100 26.5410851989858
5.316483497619629 -15.410851989858003 -100 26.5410851989858
5.328724384307861 -14.568403622353799 -100 26.45684036223538
5.346665143966675 -14.568403622353799 -100 26.45684036223538
5.359601736068726 -14.568403622353799 -100 26.45684036223538
5.37212872505188 -14.568403622353799 -100 26.45684036223538
5.389523506164551 -14.568403622353799 -100 26.45684036223538
5.401712656021118 -14.568403622353799 -100 26.45684036223538
5.414370536804199 -14.568403622353799 -100 26.45684036223538
5.426236867904663 -14.568403622353799 -100 26.45684036223538
5.440425634384155 -12.571660953505805 -100 26.25716609535058
5.451974153518677 -12.571660953505805 -100 26.25716609535058
5.464515924453735 -11.703452083802617 -100 26.17034520838026
5.476393222808838 -12.571660953505805 -100 26.25716609535058
5.4902002811431885 -12.571660953505805 -100 26.25716609535058
5.501436471939087 -10.57491828465789 -100 26.05749182846579
5.514604806900024 -10.57491828465789 -100 26.05749182846579
5.528137445449829 -11.419711358431535 -100 26.141971135843153
5.541052341461182 -11.419711358431535 -100 26.141971135843153
5.5537145137786865 -8.251511123488164 -100 25.825151112348816
5.564843654632568 -8.251511123488164 -100 25.825151112348816
5.578431606292725 -8.251511123488164 -100 25.825151112348816
5.592700481414795 -7.428570727005166 -100 25.742857072700517
5.60472297668457 -7.428570727005166 -100 25.742857072700517
5.618046283721924 -6.257290960372401 -100 25.62572909603724
5.629403114318848 -6.257290960372401 -100 25.62572909603724
5.643571138381958 -4.2630707972567095 -100 25.42630707972567
5.65461540222168 -4.2630707972567095 -100 25.42630707972567
5.6677939891815186 -4.2630707972567095 -100 25.42630707972567
5.679888486862183 -2.5879476092660525 -100 25.258794760926605
5.692146062850952 -2.5879476092660525 -100 25.258794760926605
5.704831838607788 -0.2746304710252545 -100 25.027463047102525
5.717448711395264 -0.2746304710252545 -100 25.027463047102525
5.729712963104248 -0.2746304710252545 -100 25.027463047102525
5.748716354370117 -0.2746304710252545 -100 25.027463047102525
5.760152101516724 -0.2746304710252545 -100 25.027463047102525
5.772245645523071 0.553710535847749 -99.44628946415224 24.944628946415225
5.78379487991333 0.553710535847749 -99.44628946415224 24.944628946415225
5.797950029373169 4.723332613237687 -95.27666738676231 24.52766673867623
5.810162544250488 2.5492808515609156 -97.45071914843908 24.74507191484391
5.822420120239258 2.5492808515609156 -97.45071914843908 24.74507191484391
5.836281776428223 4.89872433572927 -95.10127566427073 24.510127566427073
5.849362850189209 4.89872433572927 -95.10127566427073 24.510127566427073
5.860875844955444 8.884110931896245 -91.11588906810375 24.111588906810375
5.872459650039673 8.884110931896245 -91.11588906810375 24.111588906810375
5.884862422943115 8.884110931896245 -91.11588906810375 24.111588906810375
5.898122310638428 7.702250181437726 -92.29774981856227 24.229774981856227
5.911662817001343 7.702250181437726 -92.29774981856227 24.229774981856227
5.924080848693848 7.702250181437726 -92.29774981856227 24.229774981856227
5.9370152950286865 7.702250181437726 -92.29774981856227 24.229774981856227
5.950480699539185 11.306264339118783 -88.69373566088122 23.86937356608812
5.962120532989502 11.306264339118783 -88.69373566088122 23.86937356608812
5.974345922470093 8.884110931896245 -91.11588906810375 24.111588906810375
5.986498594284058 12.683630134917578 -87.31636986508242 23.731636986508242
6.0003368854522705 12.683630134917578 -87.31636986508242 23.731636986508242
6.013965845108032 14.532756580432213 -85.46724341956778 23.54672434195678
6.025523662567139 14.532756580432213 -85.46724341956778 23.54672434195678
6.039444446563721 15.284493266800112 -84.71550673319989 23.47155067331999
6.051546573638916 15.284493266800112 -84.71550673319989 23.47155067331999
6.064274787902832 12.869497528063292 -87.13050247193671 23.71305024719367
6.077481031417847 12.869497528063292 -87.13050247193671 23.71305024719367
6.0889317989349365 12.869497528063292 -87.13050247193671 23.71305024719367
6.102377414703369 11.306264339118783 -88.69373566088122 23.86937356608812
6.114467620849609 11.306264339118783 -88.69373566088122 23.86937356608812
6.127812623977661 15.520487903696889 -84.47951209630311 23.44795120963031
6.1400978565216064 12.683630134917578 -87.31636986508242 23.731636986508242
6.157877683639526 14.532756580432213 -85.46724341956778 23.54672434195678
6.170334577560425 12.076582050045452 -87.92341794995454 23.792341794995455
6.181899547576904 12.076582050045452 -87.92341794995454 23.792341794995455
6.194193363189697 13.295378802959448 -86.70462119704055 23.670462119704055
6.208169937133789 19.876107075575966 -80.12389292442404 23.012389292442403
6.220452547073364 19.876107075575966 -80.12389292442404 23.012389292442403
6.2339277267456055 19.26272219448144 -80.73727780551856 23.073727780551856
6.2455995082855225 19.26272219448144 -80.73727780551856 23.073727780551856
6.259740352630615 19.26272219448144 -80.73727780551856 23.073727780551856
6.270956039428711 19.26272219448144 -80.73727780551856 23.073727780551856
6.283448696136475 21.251836658322176 -78.74816334167782 22.874816334167782
6.294567823410034 20.493952616370628 -79.50604738362938 22.950604738362937
6.309800148010254 21.74280090886402 -78.25719909113599 22.825719909113598
6.32231068611145 23.24095112216284 -76.75904887783716 22.675904887783716
6.334598541259766 23.24095112216284 -76.75904887783716 22.675904887783716
6.3477747440338135 24.421404742676813 -75.57859525732319 22.55785952573232
6.360185146331787 21.74280090886402 -78.25719909113599 22.825719909113598
6.372887134552002 20.493952616370628 -79.50604738362938 22.950604738362937
6.384364604949951 24.938979890595192 -75.06102010940481 22.50610201094048
6.397568464279175 24.938979890595192 -75.06102010940481 22.50610201094048
6.411672830581665 27.074132443235115 -72.92586755676489 22.29258675567649
6.423280239105225 27.074132443235115 -72.92586755676489 22.29258675567649
6.437427759170532 26.455148652309042 -73.54485134769095 22.354485134769096
6.448972940444946 24.991266545041917 -75.00873345495808 22.50087334549581
6.462091445922852 25.62930398583873 -74.37069601416127 22.437069601416127
6.474571466445923 27.21918004984417 -72.78081995015583 22.278081995015583
6.487032890319824 27.21918004984417 -72.78081995015583 22.278081995015583
6.499553203582764 27.21918004984417 -72.78081995015583 22.278081995015583
6.513596534729004 27.21918004984417 -72.78081995015583 22.278081995015583
6.52647852897644 32.29204732001996 -67.70795267998004 21.770795267998004
6.538966417312622 30.429279342934663 -69.57072065706534 21.957072065706534
6.55825400352478 30.429279342934663 -69.57072065706534 21.957072065706534
6.570896148681641 33.579411129327355 -66.42058887067265 21.642058887067265
6.582452297210693 33.97748244711238 -66.02251755288762 21.602251755288762
6.594982147216797 31.6328921388266 -68.3671078611734 21.83671078611734
6.610052585601807 30.803737210814788 -69.19626278918521 21.91962627891852
6.621427059173584 30.803737210814788 -69.19626278918521 21.91962627891852
6.634613990783691 35.018038636794664 -64.98196136320533 21.498196136320534
6.646899700164795 35.018038636794664 -64.98196136320533 21.498196136320534
6.660322666168213 35.780998163225135 -64.21900183677486 21.421900183677486
6.671877145767212 38.86845715459884 -61.13154284540116 21.113154284540116
6.684262275695801 38.86845715459884 -61.13154284540116 21.113154284540116
6.697494983673096 40.1307073438327 -59.8692926561673 20.98692926561673
6.710432767868042 40.1307073438327 -59.8692926561673 20.98692926561673
6.722904682159424 43.57609821323354 -56.42390178676646 20.642390178676646
6.7349934577941895 44.33873676012432 -55.66126323987568 20.566126323987568
6.748615503311157 47.422484172644666 -52.577515827355334 20.257751582735533
6.762317180633545 43.57609821323354 -56.42390178676646 20.642390178676646
6.773821592330933 43.57609821323354 -56.42390178676646 20.642390178676646
6.786883115768433 45.59243328063676 -54.40756671936324 20.440756671936324
6.798306226730347 45.59243328063676 -54.40756671936324 20.440756671936324
6.812416315078735 44.08403018909688 -55.91596981090312 20.591596981090312
6.823944807052612 43.15004079166332 -56.84995920833668 20.684995920833668
6.8379435539245605 42.08484601617549 -57.91515398382451 20.79151539838245
6.8503100872039795 45.5023185546732 -54.4976814453268 20.44976814453268
6.862817764282227 45.5023185546732 -54.4976814453268 20.44976814453268
6.880344390869141 49.036452666241 -50.963547333759 20.0963547333759
6.892098665237427 51.5022505286192 -48.4977494713808 19.84977494713808
6.9046852588653564 51.5022505286192 -48.4977494713808 19.84977494713808
6.918600559234619 66.19645555856522 -33.80354444143478 18.380354444143478
6.930419445037842 66.19645555856522 -33.80354444143478 18.380354444143478
6.944084644317627 70.81081493308861 -29.189185066911385 17.91891850669114
6.961685419082642 73.15118426716005 -26.848815732839952 17.684881573283995
6.973416090011597 73.15118426716005 -26.848815732839952 17.684881573283995
6.984604358673096 73.15118426716005 -26.848815732839952 17.684881573283995
6.9970409870147705 73.15118426716005 -26.848815732839952 17.684881573283995
7.009430408477783 73.15118426716005 -26.848815732839952 17.684881573283995
7.021653890609741 73.15118426716005 -26.848815732839952 17.684881573283995
7.033878803253174 73.15118426716005 -26.848815732839952 17.684881573283995
7.0463879108428955 34.000917945756406 -65.99908205424359 21.59990820542436
7.0581254959106445 34.000917945756406 -65.99908205424359 21.59990820542436
7.070963382720947 35.46676181990989 -64.53323818009011 21.45332381800901
7.082500696182251 35.46676181990989 -64.53323818009011 21.45332381800901
7.094369888305664 35.75371511217451 -64.24628488782548 21.42462848878255
7.107340335845947 35.75371511217451 -64.24628488782548 21.42462848878255
7.119956970214844 35.75371511217451 -64.24628488782548 21.42462848878255
7.132346153259277 35.46676181990989 -64.53323818009011 21.45332381800901
7.143839120864868 35.46676181990989 -64.53323818009011 21.45332381800901
7.156364917755127 39.48002357171429 -60.51997642828571 21.05199764282857
7.169934272766113 39.48002357171429 -60.51997642828571 21.05199764282857
7.182234525680542 40.63894362846323 -59.36105637153677 20.936105637153677
7.1937949657440186 40.63894362846323 -59.36105637153677 20.936105637153677
7.207628011703491 39.61433215099948 -60.38566784900052 21.038566784900052
7.220470190048218 38.92887030499221 -61.07112969500779 21.10711296950078
7.233874082565308 41.439220151672096 -58.560779848327904 20.85607798483279
7.246519088745117 42.75414483529573 -57.24585516470427 20.724585516470427
7.258615732192993 42.75414483529573 -57.24585516470427 20.724585516470427
7.271882057189941 42.795942059871734 -57.204057940128266 20.720405794012827
7.283529281616211 42.795942059871734 -57.204057940128266 20.720405794012827
7.296641111373901 50.799532280735065 -49.200467719264935 19.920046771926494
7.30935263633728 48.30666842951896 -51.69333157048104 20.169333157048104
7.32278037071228 48.30666842951896 -51.69333157048104 20.169333157048104
7.336474180221558 41.57787780108894 -58.42212219891106 20.842212219891106
7.351940631866455 41.57787780108894 -58.42212219891106 20.842212219891106
7.364569425582886 38.328116296821015 -61.671883703178985 21.1671883703179
7.378751039505005 38.79435282342772 -61.20564717657228 21.120564717657228
7.392802000045776 38.79435282342772 -61.20564717657228 21.120564717657228
7.406342267990112 38.79435282342772 -61.20564717657228 21.120564717657228
7.418219327926636 41.09274455081664 -58.90725544918336 20.890725544918336
7.433370351791382 41.09274455081664 -58.90725544918336 20.890725544918336
7.445035696029663 40.285918032084176 -59.714081967915824 20.971408196791582
7.45786452293396 40.285918032084176 -59.714081967915824 20.971408196791582
7.471927642822266 43.766440157851605 -56.233559842148395 20.62335598421484
7.488276481628418 43.766440157851605 -56.233559842148395 20.62335598421484
7.499834775924683 43.766440157851605 -56.233559842148395 20.62335598421484
7.513531446456909 43.766440157851605 -56.233559842148395 20.62335598421484
7.526354551315308 43.766440157851605 -56.233559842148395 20.62335598421484
7.539522886276245 43.20604085363083 -56.79395914636917 20.679395914636917
7.5505688190460205 43.20604085363083 -56.79395914636917 20.679395914636917
7.562485933303833 43.766440157851605 -56.233559842148395 20.62335598421484
7.576219797134399 44.391981936157556 -55.608018063842444 20.560801806384244
7.587966203689575 44.391981936157556 -55.608018063842444 20.560801806384244
7.604804039001465 44.391981936157556 -55.608018063842444 20.560801806384244
7.616940021514893 56.187382572364974 -43.812617427635026 19.381261742763503
7.630395412445068 56.187382572364974 -43.812617427635026 19.381261742763503
7.642904043197632 55.93698524695107 -44.06301475304893 19.406301475304893
7.654521465301514 55.93698524695107 -44.06301475304893 19.406301475304893
7.667478084564209 55.93698524695107 -44.06301475304893 19.406301475304893
7.67977237701416 55.93698524695107 -44.06301475304893 19.406301475304893
7.691674709320068 57.7720964975709 -42.2279035024291 19.22279035024291
7.703994274139404 56.187382572364974 -43.812617427635026 19.381261742763503
7.717511177062988 56.73158944297146 -43.26841055702854 19.326841055702854
7.7308349609375 58.58548306941781 -41.41451693058219 19.14145169305822
7.743046045303345 58.58548306941781 -41.41451693058219 19.14145169305822
7.7599146366119385 51.937230305472895 -48.062769694527105 19.80627696945271
7.771530389785767 50.4054054054054 -49.5945945945946 19.95945945945946
7.7848193645477295 51.16441399104346 -48.83558600895654 19.883558600895654
7.7980570793151855 53.91588930549208 -46.08411069450792 19.608411069450792
7.810114622116089 53.91588930549208 -46.08411069450792 19.608411069450792
7.822528839111328 54.24428813764209 -45.75571186235791 19.57557118623579
7.836593151092529 57.335157547768034 -42.664842452231966 19.266484245223197
7.8494791984558105 57.335157547768034 -42.664842452231966 19.266484245223197
7.860503911972046 60.147599478893774 -39.852400521106226 18.985240052110623
7.873279094696045 60.147599478893774 -39.852400521106226 18.985240052110623
7.887445688247681 61.06716418122531 -38.93283581877469 18.89328358187747
7.898812770843506 61.06716418122531 -38.93283581877469 18.89328358187747
7.911672830581665 57.99979340118849 -42.00020659881151 19.20002065988115
7.923047780990601 57.99979340118849 -42.00020659881151 19.20002065988115
7.937962770462036 57.99979340118849 -42.00020659881151 19.20002065988115
7.949571371078491 59.31465709184671 -40.68534290815329 19.06853429081533
7.962035417556763 59.31465709184671 -40.68534290815329 19.06853429081533
7.974208831787109 59.31465709184671 -40.68534290815329 19.06853429081533
7.98744535446167 59.31465709184671 -40.68534290815329 19.06853429081533
7.999821901321411 59.31465709184671 -40.68534290815329 19.06853429081533
8.012120723724365 59.31465709184671 -40.68534290815329 19.06853429081533
8.024245738983154 59.51863431738175 -40.48136568261825 19.048136568261825
8.0381441116333 62.50534410496755 -37.49465589503245 18.749465589503245
8.050357580184937 62.50534410496755 -37.49465589503245 18.749465589503245
8.062784433364868 66.26464668608602 -33.73535331391398 18.3735353313914
8.074430704116821 66.26464668608602 -33.73535331391398 18.3735353313914
8.088175773620605 61.009401751924415 -38.990598248075585 18.89905982480756
8.10045599937439 61.009401751924415 -38.990598248075585 18.89905982480756
8.113298892974854 65.14743741209872 -34.85256258790127 18.485256258790127
8.124485969543457 65.14743741209872 -34.85256258790127 18.485256258790127
8.13942289352417 65.14743741209872 -34.85256258790127 18.485256258790127
8.156278610229492 66.00105757520303 -33.998942424796965 18.399894242479697
8.168154001235962 66.00105757520303 -33.998942424796965 18.399894242479697
8.180249214172363 66.00105757520303 -33.998942424796965 18.399894242479697
8.192850589752197 66.00105757520303 -33.998942424796965 18.399894242479697
8.206579208374023 66.00105757520303 -33.998942424796965 18.399894242479697
8.218717098236084 66.00105757520303 -33.998942424796965 18.399894242479697
8.230091571807861 66.00105757520303 -33.998942424796965 18.399894242479697
8.244161605834961 66.44968024416801 -33.550319755831985 18.3550319755832
8.25620985031128 67.20207195809576 -32.79792804190425 18.279792804190425
8.268803358078003 67.01936209653314 -32.98063790346685 18.298063790346685
8.28011155128479 67.01936209653314 -32.98063790346685 18.298063790346685
8.293506622314453 67.01936209653314 -32.98063790346685 18.298063790346685
8.310603380203247 69.65642392958867 -30.343576070411338 18.034357607041134
8.322384357452393 69.65642392958867 -30.343576070411338 18.034357607041134
8.337032079696655 69.65642392958867 -30.343576070411338 18.034357607041134
8.349617004394531 67.11888830970565 -32.88111169029435 18.288111169029435
8.360769033432007 67.11888830970565 -32.88111169029435 18.288111169029435
8.373754739761353 73.57109849205372 -26.42890150794628 17.642890150794628
8.38662600517273 73.57109849205372 -26.42890150794628 17.642890150794628
8.39932370185852 73.57109849205372 -26.42890150794628 17.642890150794628
8.411001205444336 73.57109849205372 -26.42890150794628 17.642890150794628
8.42378306388855 73.57109849205372 -26.42890150794628 17.642890150794628
8.438438653945923 68.37837837837839 -31.621621621621614 18.16216216216216
8.450145721435547 68.37837837837839 -31.621621621621614 18.16216216216216
8.462242364883423 67.01936209653314 -32.98063790346685 18.298063790346685
8.473793745040894 67.01936209653314 -32.98063790346685 18.298063790346685
8.487836837768555 67.01936209653314 -32.98063790346685 18.298063790346685
8.499044179916382 67.01936209653314 -32.98063790346685 18.298063790346685
8.512141466140747 67.01936209653314 -32.98063790346685 18.298063790346685
8.523627758026123 67.38855656005462 -32.611443439945376 18.261144343994538
8.53821063041687 67.38855656005462 -32.611443439945376 18.261144343994538
8.554063320159912 68.37837837837839 -31.621621621621614 18.16216216216216
8.566169261932373 67.64065081326038 -32.35934918673962 18.235934918673962
8.578964948654175 67.64065081326038 -32.35934918673962 18.235934918673962
8.592060327529907 66.26464668608602 -33.73535331391398 18.3735353313914
8.604153633117676 66.26464668608602 -33.73535331391398 18.3735353313914
8.616937398910522 61.23347754434846 -38.76652245565154 18.876652245565154
8.628295183181763 61.23347754434846 -38.76652245565154 18.876652245565154
8.641939163208008 55.93698524695107 -44.06301475304893 19.406301475304893
8.653441905975342 55.93698524695107 -44.06301475304893 19.406301475304893
8.665036916732788 57.99979340118849 -42.00020659881151 19.20002065988115
8.677705764770508 65.69073526053191 -34.309264739468084 18.43092647394681
8.690662145614624 65.69073526053191 -34.309264739468084 18.43092647394681
8.703832864761353 67.01936209653314 -32.98063790346685 18.298063790346685
8.715529441833496 67.01936209653314 -32.98063790346685 18.298063790346685
8.728461742401123 66.84040395392228 -33.15959604607773 18.315959604607773
8.741888999938965 66.84040395392228 -33.15959604607773 18.315959604607773
8.75391960144043 65.1125415000503 -34.8874584999497 18.48874584999497
8.765533924102783 65.1125415000503 -34.8874584999497 18.48874584999497
8.77830696105957 65.69073526053191 -34.309264739468084 18.43092647394681
8.791821241378784 67.53844718774462 -32.46155281225537 18.246155281225537
8.803828001022339 67.53844718774462 -32.46155281225537 18.246155281225537
8.816545486450195 66.63852326824443 -33.361476731755566 18.336147673175557
8.82814645767212 66.63852326824443 -33.361476731755566 18.336147673175557
8.842398643493652 61.40358804322986 -38.59641195677014 18.859641195677014
8.854167938232422 56.73158944297146 -43.26841055702854 19.326841055702854
8.866933345794678 56.73158944297146 -43.26841055702854 19.326841055702854
8.879324674606323 49.3160149371862 -50.6839850628138 20.06839850628138
8.890504598617554 49.3160149371862 -50.6839850628138 20.06839850628138
8.904604196548462 42.19032637067702 -57.80967362932298 20.780967362932298
8.916977405548096 42.19032637067702 -57.80967362932298 20.780967362932298
8.929367542266846 39.64040686889543 -60.35959313110457 21.035959313110457
8.941408634185791 39.64040686889543 -60.35959313110457 21.035959313110457
8.958826065063477 41.09274455081664 -58.90725544918336 20.890725544918336
8.9710111618042 43.5534824691695 -56.4465175308305 20.64465175308305
8.982792139053345 43.5534824691695 -56.4465175308305 20.64465175308305
8.99664568901062 11.173235503418084 -88.82676449658192 23.88267644965819
9.009312868118286 15.098476189861891 -84.90152381013812 23.49015238101381
9.021363258361816 13.466152875875217 -86.53384712412478 23.65338471241248
9.034647703170776 3.349806483756055 -96.65019351624395 24.665019351624395
9.047932386398315 3.349806483756055 -96.65019351624395 24.665019351624395
9.05994462966919 14.067572995233348 -85.93242700476665 23.593242700476665
9.071036338806152 14.067572995233348 -85.93242700476665 23.593242700476665
9.083755731582642 15.098476189861891 -84.90152381013812 23.49015238101381
9.097302913665771 15.679130833900672 -84.32086916609933 23.432086916609933
9.110100030899048 13.295378802959448 -86.70462119704055 23.670462119704055
9.121422052383423 11.114075935485026 -88.88592406451497 23.888592406451497
9.134390830993652 11.114075935485026 -88.88592406451497 23.888592406451497
9.148423433303833 6.540421482987426 -93.45957851701257 24.345957851701257
9.159969806671143 6.540421482987426 -93.45957851701257 24.345957851701257
9.172149896621704 1.974786620800515 -98.02521337919949 24.80252133791995
9.1836838722229 1.974786620800515 -98.02521337919949 24.80252133791995
9.197291851043701 -21.69254149511059 -100 27.169254149511058
9.210322380065918 -1.0063942994480612 -100 25.100639429944806
9.223458290100098 -1.0063942994480612 -100 25.100639429944806
9.236932277679443 -1.0063942994480612 -100 25.100639429944806
9.2493736743927 -1.0063942994480612 -100 25.100639429944806
9.260973930358887 -1.0063942994480612 -100 25.100639429944806
9.272516012191772 -1.0063942994480612 -100 25.100639429944806
9.284547567367554 -75.31518973191311 -100 32.53151897319131
9.29641342163086 -75.31518973191311 -100 32.53151897319131
9.310017108917236 -75.31518973191311 -100 32.53151897319131
9.321014165878296 -75.31518973191311 -100 32.53151897319131
9.333669662475586 -75.31518973191311 -100 32.53151897319131
9.344623327255249 9.8262160141255 -90.17378398587451 24.01737839858745
9.362488031387329 9.8262160141255 -90.17378398587451 24.01737839858745
9.374078035354614 9.8262160141255 -90.17378398587451 24.01737839858745
9.386340856552124 9.8262160141255 -90.17378398587451 24.01737839858745
9.39808702468872 9.8262160141255 -90.17378398587451 24.01737839858745
9.412078380584717 9.8262160141255 -90.17378398587451 24.01737839858745
9.424091339111328 -78.55771422245212 -100 32.85577142224521
9.436959981918335 -78.55771422245212 -100 32.85577142224521
9.449315786361694 -76.00000000000001 -100 32.6
9.46222972869873 33.446249465111855 -66.55375053488814 21.655375053488815
9.474452018737793 33.446249465111855 -66.55375053488814 21.655375053488815
9.487714767456055 33.446249465111855 -66.55375053488814 21.655375053488815
9.498991012573242 36.71787234040998 -63.28212765959002 21.328212765959
9.513790845870972 36.71787234040998 -63.28212765959002 21.328212765959
9.526268243789673 37.44888932117558 -62.55111067882442 21.255111067882442
9.53891134262085 37.44888932117558 -62.55111067882442 21.255111067882442
9.550970554351807 38.6817348241086 -61.3182651758914 21.13182651758914
9.564223766326904 100 22.80372343188469 12.71962765681153
9.576931238174438 100 22.80372343188469 12.71962765681153
9.588172674179077 100 14.818924379738945 13.518107562026106
9.600075960159302 100 14.818924379738945 13.518107562026106
9.613673686981201 100 14.818924379738945 13.518107562026106
9.624799728393555 61.02974811478667 -38.97025188521333 18.897025188521333
9.639357089996338 61.02974811478667 -38.97025188521333 18.897025188521333
9.651343822479248 61.02974811478667 -38.97025188521333 18.897025188521333
9.663898706436157 61.02974811478667 -38.97025188521333 18.897025188521333
9.676470041275024 62.683986159495966 -37.316013840504034 18.731601384050403
9.688220977783203 62.683986159495966 -37.316013840504034 18.731601384050403
9.700362920761108 62.683986159495966 -37.316013840504034 18.731601384050403
9.713718175888062 61.85800512956824 -38.14199487043176 18.814199487043176
9.726113319396973 61.85800512956824 -38.14199487043176 18.814199487043176
9.738344430923462 54.3237968720053 -45.6762031279947 19.56762031279947
9.750482082366943 54.3237968720053 -45.6762031279947 19.56762031279947
9.767511367797852 54.3237968720053 -45.6762031279947 19.56762031279947
