0 0 1640244578.0323186
0.0 0.0 0.008985280990600586
0.00021816523348311322 -6.346187295736485e-07 0.030787229537963867
0.00043632769792550257 -1.9038508188380669e-06 0.04289698600769043
0.0013089332515120876 -1.2057535697791797e-05 0.0551450252532959
0.001963296042224124 -2.5383626895690104e-05 0.0673980712890625
0.003053665348847712 -5.7110133400927675e-05 0.07867980003356934
0.004143716275063924 -9.835057831860108e-05 0.08984255790710449
0.005233365809274426 -0.00014910182102916095 0.1011970043182373
0.006539683222066776 -0.0002328144445440181 0.11451840400695801
0.007844938189000204 -0.0003317207517031114 0.1259779930114746
0.009148953999446091 -0.00044580735217569675 0.13721227645874023
0.011318664194114956 -0.0006738530829345097 0.1540510654449463
0.012834979018499318 -0.0008555574405988489 0.16711640357971191
0.0141327773072207 -0.001026415826673667 0.17857575416564941
0.01586040724779153 -0.0012743452245076164 0.18969416618347168
0.017153878449847244 -0.0014753557609299248 0.20100164413452148
0.019087543951135634 -0.001816313160472227 0.2162187099456787
0.02058913455943169 -0.0020946165296919796 0.22745704650878906
0.022086518731664815 -0.0023947294434223266 0.23902392387390137
0.023579379716958445 -0.0027165884169341958 0.251065731048584
0.025492550865337884 -0.0031582787792741734 0.26303553581237793
0.026975419118194864 -0.0035234210322535858 0.2765462398529053
0.02845281993937878 -0.0039100913489409014 0.288191556930542
0.030344903909738537 -0.00443481267334385 0.29987478256225586
0.03160213765596365 -0.0047992798099323365 0.31112194061279297
0.03326971290241063 -0.005314417651004386 0.3239560127258301
0.03472485223634097 -0.005777879234192016 0.3351559638977051
0.03617309712515683 -0.006262455195482605 0.3464958667755127
0.03802961850699152 -0.006901706771910975 0.35813283920288086
0.04088739732880738 -0.007979671839317462 0.38172006607055664
0.04230829670202978 -0.008539378987224469 0.3941688537597656
0.043720905465989675 -0.009119692351042402 0.4055805206298828
0.045327489513322966 -0.009801646819259486 0.4171316623687744
0.04732053652613569 -0.0106890085205322 0.4327380657196045
0.04870648788615111 -0.011330386683485528 0.4440455436706543
0.050281796385346536 -0.012081770294053207 0.455974817276001
0.05165048349142836 -0.012759208649837218 0.4678652286529541
0.05320558324181211 -0.013551571549160174 0.4807405471801758
0.05513187606905544 -0.014575799613547307 0.49385571479797363
0.05628042322917511 -0.015203742610387998 0.5051252841949463
0.05760959832796843 -0.0159557536987303 0.5166580677032471
0.05911855292840165 -0.016832811400194977 0.5287797451019287
0.06042758719669901 -0.017619358540972418 0.5401265621185303
0.0617297077894374 -0.018417299066455742 0.5513944625854492
0.06338262719112461 -0.01947709700507495 0.5638689994812012
0.06484082850806833 -0.020436171098735436 0.5760314464569092
0.06610938285717745 -0.021286463391772564 0.5872807502746582
0.06736543646965384 -0.02215511547565137 0.5987365245819092
0.06860872364475742 -0.023041943599058003 0.60988450050354
0.0700177345402738 -0.02407192539218994 0.6211392879486084
0.07158585169731162 -0.025253586426911466 0.6338667869567871
0.07262202640919894 -0.026053470764016186 0.6451671123504639
0.07381719670457736 -0.027004152143494668 0.6567099094390869
0.07533590462551074 -0.0282486763377431 0.6681272983551025
0.076672904400414 -0.02937055235574853 0.6809062957763672
0.07782837857431522 -0.030369104584572478 0.6918201446533203
0.07896920769452402 -0.03138435629657576 0.7050514221191406
0.08025942389073408 -0.032559735539588124 0.7165372371673584
0.08137328588571165 -0.03360450277509401 0.7286853790283203
0.0827857062808233 -0.03496846129596191 0.7413520812988281
0.08401984043031173 -0.03620259544545035 0.7548692226409912
0.08598405981824725 -0.03824848056864299 0.7714602947235107
0.08702558254492283 -0.039365376951509476 0.7858843803405762
0.0882009617879352 -0.04065559314771955 0.7972862720489502
0.08921289067190541 -0.041799370684668394 0.8081703186035156
0.09006879258232593 -0.042789777119440875 0.819525957107544
0.09133090310258205 -0.04429390186620705 0.8317716121673584
0.09257100429546847 -0.045816223530828946 0.8438830375671387
0.09338587404930716 -0.04684065521258187 0.8550999164581299
0.094319072442596 -0.04804952570978375 0.8670134544372559
0.09536943780679291 -0.049443407627150694 0.8791933059692383
0.09627067187578335 -0.05067629216072751 0.8907790184020996
0.09740622476243257 -0.052278114204775517 0.9018447399139404
0.0982712194645224 -0.05353668930607004 0.9139981269836426
0.09912519822996566 -0.0548027648916549 0.9253473281860352
0.09996067299798467 -0.05608112674662615 0.9374392032623291
0.10101083676046212 -0.057740183795420646 0.948725700378418
0.10180877728594544 -0.05904230438815904 0.9601647853851318
0.10270333270548176 -0.060540952044963424 0.9719061851501465
0.10358039040694644 -0.062049906645396655 0.9850418567657471
0.10443097963929289 -0.06357393819221036 0.997504711151123
0.1052548413048011 -0.06511258245063174 1.010061502456665
0.10606074466654802 -0.06666070840461356 1.0214343070983887
0.10694195979620733 -0.0684153519907686 1.0348117351531982
0.10760742846059715 -0.06978989867129903 1.0459444522857666
0.10826087675557752 -0.07117020024922657 1.057220697402954
0.1088941809717133 -0.072559859520439 1.06821608543396
0.10968235747671669 -0.07435821766500758 1.0814998149871826
0.11027497592450392 -0.07576570851598469 1.0934150218963623
0.11093349226975802 -0.07738204091400813 1.1048197746276855
0.11148906382675433 -0.07880456239549749 1.1159632205963135
0.11195816637574331 -0.08002661631608866 1.1272227764129639
0.11256463553882502 -0.08166318875631186 1.1395342350006104
0.11323082055981144 -0.08351021656795653 1.1508734226226807
0.11416976939449869 -0.08618644130199556 1.1618149280548096
0.11472838274172419 -0.08783996037541701 1.1850495338439941
0.11527736690569702 -0.08949670132848546 1.1965863704681396
0.11581670330534298 -0.09115660808667521 1.2081806659698486
0.11635603970498895 -0.09281651484486497 1.220954179763794
0.1168237321501385 -0.09427029986920385 1.2317638397216797
0.11755202892371906 -0.09655694739395151 1.244793176651001
0.11821411689970139 -0.09863571787099484 1.2651288509368896
0.11881543575775082 -0.10050487004514483 1.2780547142028809
0.11934994140935032 -0.10216633864438929 1.2929730415344238
0.1198844470609498 -0.10382780724363372 1.3045070171356201
0.12035636641064003 -0.10528022565704975 1.3158116340637207
0.12096854931769568 -0.1071458478876968 1.328181266784668
0.12172340254315833 -0.10942386669816591 1.3461167812347412
0.12240963274812437 -0.11149479288950145 1.361588478088379
0.12310789943215625 -0.1135616917312783 1.3788704872131348
0.12388260312713659 -0.11583303654830328 1.396695613861084
0.12466391060943792 -0.11810211823721234 1.413435935974121
0.12530855987549935 -0.11995677225964943 1.4267783164978027
0.12588158144533174 -0.1216053536129268 1.4390735626220703
0.12638716927939408 -0.12304639770048628 1.4502511024475098
0.1268885631529974 -0.124488906384604 1.4614112377166748
0.12739415098705975 -0.1259299504721635 1.4732511043548584
0.1279719656545596 -0.1275768580008029 1.4851763248443604
0.12848174317100453 -0.1290164252982813 1.4974496364593506
0.12913178467194183 -0.13086919626800064 1.5107078552246094
0.12964156218838674 -0.13230876356547902 1.5215599536895752
0.13015552507368638 -0.1337468418918495 1.5333552360534668
0.13081095330911557 -0.13559771413146454 1.545816421508789
0.13124790546606838 -0.1368316289578746 1.5571842193603516
0.1319761590609897 -0.138888153668558 1.571831226348877
0.1324131112179425 -0.14012206849496806 1.583977222442627
0.13299571409387956 -0.14176728826351478 1.596480369567871
0.13357831696981662 -0.14341250803206154 1.6073846817016602
0.13409227985511626 -0.144850586358432 1.618744134902954
0.13460205737156117 -0.1462901536559104 1.6297552585601807
0.13518466024749823 -0.14793537342445714 1.6429409980773926
0.13569024808156058 -0.1493764175120166 1.6540355682373047
0.1362000255980055 -0.150815984809495 1.6651785373687744
0.13670561343206786 -0.15225702889705447 1.6765859127044678
0.1372153909485128 -0.15369659619453288 1.6875848770141602
0.13779799382444985 -0.15534181596307964 1.6995973587036133
0.13844803532538716 -0.15719458693279897 1.7165474891662598
0.139025849992887 -0.15884149446143836 1.7274720668792725
0.13960366466038684 -0.16048840199007777 1.738797903060913
0.14011344217683175 -0.16192796928755615 1.7509596347808838
0.1406960450527688 -0.1635731890561029 1.761772871017456
0.1410571792199562 -0.16460250626150252 1.7735044956207275
0.141779447554331 -0.16666114067230178 1.7856404781341553
0.14235726222183084 -0.16830804820094117 1.7993085384368896
0.14279062322245573 -0.16954322884742073 1.810716152191162
0.14336843788995557 -0.17119013637606015 1.8217337131500244
0.1439462525574554 -0.17283704390469953 1.8334860801696777
0.14444764643105873 -0.17427955258881725 1.84584379196167
0.14509768793199607 -0.17613232355853659 1.8586266040802002
0.1456755025994959 -0.17777923108717597 1.8709592819213867
0.14617689647309925 -0.17922173977129371 1.8818159103393555
0.14674991804293164 -0.1808703211245711 1.8954625129699707
0.14717968422030592 -0.18210675713952915 1.9065930843353271
0.14782972572124323 -0.18395952810924845 1.9191474914550781
0.14840754038874307 -0.18560643563788787 1.930607795715332
0.1489853550562429 -0.18725334316652725 1.94150972366333
0.14948674892984626 -0.188695851850645 1.9545390605926514
0.15020302589213672 -0.19075657854224173 1.9656617641448975
0.15070861372619906 -0.19219762262980122 1.9810879230499268
0.15121000759980238 -0.19364013131391894 1.992976188659668
0.15178302916963476 -0.19528871266719636 2.00563383102417
0.15243307067057207 -0.19714148363691567 2.0179295539855957
0.1529344645441754 -0.19858399232103338 2.031038999557495
0.15350748611400777 -0.2002325736743108 2.0428690910339355
0.15401307394807012 -0.2016736177618703 2.0549769401550293
0.15451446782167344 -0.203116126445988 2.0660529136657715
0.15508748939150582 -0.20476470779926542 2.0773565769195557
0.15559307722556817 -0.20620575188682488 2.088222026824951
0.1560944710991715 -0.2076482605709426 2.101375102996826
0.15666749266900387 -0.20929684192422 2.113213062286377
0.15709725884637815 -0.21053327793917803 2.1245691776275635
0.15767028041621053 -0.21218185929245545 2.1356327533721924
0.15817586825027288 -0.2136229033800149 2.146879196166992
0.1586772621238762 -0.21506541206413263 2.1591103076934814
0.15925028369370858 -0.21671399341741002 2.1705563068389893
0.15974747936426398 -0.21815795449217035 2.1814513206481934
0.1602488732378673 -0.21960046317628806 2.1932880878448486
0.16103018072016864 -0.2218695448651971 2.210845947265625
0.16153157459377196 -0.22331205354931483 2.223141670227051
0.16210459616360434 -0.22496063490259224 2.234583854675293
0.1627438477400327 -0.22681715628442692 2.248192310333252
0.16324524161363602 -0.22825966496854463 2.261338472366333
0.1638844931900644 -0.23011618635037934 2.2759485244750977
0.16445271681355628 -0.23176642757867683 2.2879371643066406
0.16488607781418116 -0.2330016082251564 2.299220085144043
0.16553072708024258 -0.23485626224759343 2.311444044113159
0.16602792275079797 -0.23630022332235373 2.3232784271240234
0.16659614637428988 -0.23795046455065127 2.336085319519043
0.1670975402478932 -0.23939297323476894 2.3472375869750977
0.16759473591844862 -0.2408369343095293 2.3593239784240723
0.16831700425282342 -0.24289556872032855 2.375413417816162
0.16889481892032326 -0.24454247624896794 2.386821985244751
0.16932098663794218 -0.24578015717019105 2.397937059402466
0.1699656359040036 -0.24763481119262815 2.4109530448913574
0.170462831574559 -0.24907877226738845 2.4218413829803467
0.17103105519805087 -0.25072901349568594 2.4335737228393555
0.17153244907165419 -0.25217152217980365 2.4449222087860107
0.17203803690571656 -0.25361256626736317 2.4572014808654785
0.17253943077931988 -0.2550550749514809 2.4685981273651123
0.17303662644987527 -0.2564990360262412 2.479688882827759
0.17353802032347862 -0.2579415447103589 2.490929126739502
0.174177271899907 -0.2597980660921936 2.5017924308776855
0.17467866577351035 -0.2612405747763113 2.5154786109924316
0.17525168734334273 -0.2628891561295887 2.5268309116363525
0.175681453520717 -0.26412559214454673 2.537705659866333
0.1762544750905494 -0.2657741734978241 2.5489981174468994
0.17682749666038178 -0.2674227548511015 2.561112403869629
0.17740051823021416 -0.2690713362043789 2.571892023086548
0.17783028440758844 -0.27030777221933694 2.584007978439331
0.1783358722416508 -0.2717488163068964 2.5953540802001953
0.1789805215077122 -0.2736034703293335 2.607781410217285
0.17948610934177456 -0.275044514416893 2.6190378665924072
0.1800639240092744 -0.27669142194553237 2.630528211593628
0.18056531788287772 -0.2781339306296501 2.6415863037109375
0.180995084060252 -0.2793703666446081 2.653421640396118
0.18163433563668038 -0.28122688802644286 2.665802001953125
0.1821357295102837 -0.28266939671056057 2.6770825386047363
0.18264131734434608 -0.2841104407981201 2.688007116317749
0.18321913201184592 -0.2857573483267595 2.6995251178741455
0.18379694667934576 -0.28740425585539886 2.7129106521606445
0.18429834055294908 -0.2888467645395166 2.7240984439849854
0.18480392838701143 -0.29028780862707604 2.735421657562256
0.18530532226061475 -0.29173031731119375 2.7466330528259277
0.1858109100946771 -0.2931713613987532 2.757786273956299
0.18667763209592686 -0.29564172269171235 2.775102138519287
0.18717902596953018 -0.29708423137583007 2.7865869998931885
0.1875401601367176 -0.29811354858122974 2.7976083755493164
0.1882624284710924 -0.30017218299202897 2.808861255645752
0.18876382234469574 -0.3016146916761467 2.821671485900879
0.1893464252206328 -0.30325991144469344 2.8345394134521484
0.18985201305469515 -0.3047009555322529 2.847598075866699
0.19049666232075657 -0.30655560955468997 2.859126091003418
0.19100225015481892 -0.30799665364224943 2.871324062347412
0.19158006482231876 -0.3096435611708888 2.88342547416687
0.1921578794898186 -0.31129046869952826 2.8948919773101807
0.19265927336342192 -0.31273297738364597 2.9059243202209473
0.19330931486435923 -0.3145857483533653 2.9187185764312744
0.19373548258197815 -0.3158234292745884 2.929745674133301
0.1942368764555815 -0.3172659379587061 2.9411256313323975
0.19480989802541387 -0.3189145193119835 2.9525511264801025
0.19531548585947625 -0.32035556339954296 2.9651246070861816
0.1958933005269761 -0.3220024709281824 2.976144313812256
0.1963946944005794 -0.3234449796123001 2.9875147342681885
0.1969677159704118 -0.3250935609655775 2.9990029335021973
0.19747330380447417 -0.32653460505313703 3.010167360305786
0.198051118471974 -0.3281815125817764 3.0234837532043457
0.19855251234557733 -0.32962402126589413 3.0348451137542725
0.1991255339154097 -0.3312726026191716 3.045947790145874
0.1996311217494721 -0.3327136467067311 3.057248115539551
0.20020893641697193 -0.3343605542353705 3.0692975521087646
0.20078675108447178 -0.33600746176400986 3.080686569213867
0.20136456575197162 -0.33765436929264925 3.09175705909729
0.20179073346959053 -0.33889205021387236 3.1037940979003906
0.20235895709308244 -0.3405422914421699 3.116037368774414
0.20286035096668575 -0.3419848001262876 3.127189874649048
0.20343337253651814 -0.343633381479565 3.1381826400756836
0.20393896037058049 -0.3450744255671245 3.149467706680298
0.20451677503808033 -0.34672133309576386 3.1607422828674316
0.20523904337245513 -0.3487799675065631 3.1776044368743896
0.20581685803995498 -0.35042687503520253 3.1891019344329834
0.20625021904057986 -0.3516620556816821 3.2007222175598145
0.2068280337080797 -0.35330896321032146 3.21170711517334
0.2075503020424545 -0.3553675976211207 3.2274444103240967
0.20833820670097403 -0.3576343969818771 3.2449705600738525
0.2089112282708064 -0.3592829783351545 3.2571027278900146
0.20941681610486879 -0.36072402242271395 3.2690227031707764
0.20999463077236863 -0.3623709299513534 3.2806122303009033
0.21063928003843005 -0.36422558397379046 3.2947139739990234
0.21106904621580433 -0.3654620199887485 3.3059885501861572
0.2116420677856367 -0.3671106013420259 3.3178772926330566
0.2122150893554691 -0.3687591826953033 3.3298447132110596
0.21271228502602452 -0.37020314377006364 3.3410048484802246
0.21335693429208594 -0.3720577977925007 3.3554954528808594
0.21392995586191832 -0.3737063791457781 3.366644859313965
0.21442715153247371 -0.3751503402205384 3.3787455558776855
0.21492854540607706 -0.3765928489046561 3.389791488647461
0.21564482236836754 -0.37865357559625284 3.4074437618255615
0.21658377120305478 -0.38132980033029185 3.425971269607544
0.21737167586157427 -0.3835965996910482 3.441420316696167
0.21794469743140665 -0.38524518104432565 3.4575464725494385
0.218726004913708 -0.3875142627332347 3.4755442142486572
0.2195139095722275 -0.38978106209399105 3.490875005722046
0.22015316114865588 -0.3916375834758258 3.5061631202697754
0.2206545550222592 -0.3930800921599435 3.517322301864624
0.22122757659209158 -0.3947286735132209 3.529900550842285
0.22173316442615393 -0.39616971760078035 3.5412585735321045
0.22223455829975725 -0.39761222628489806 3.552996873855591
0.22273175397031264 -0.39905618735965837 3.5641350746154785
0.22351965862883216 -0.4013229867204148 3.580238103866577
0.22402524646289454 -0.4027640308079743 3.59157395362854
0.22452664033649786 -0.404206539492092 3.6035542488098145
0.22509966190633024 -0.4058551208453694 3.6151046752929688
0.2256052497403926 -0.40729616493292886 3.627106189727783
0.22618306440789243 -0.4089430724615683 3.639082431793213
0.22676087907539227 -0.4105899799902077 3.6505286693573
0.22719424007601716 -0.4118251606366872 3.6616017818450928
0.227772054743517 -0.4134720681653266 3.674649715423584
0.22834986941101684 -0.41511897569396605 3.685802459716797
0.22885126328462016 -0.41656148437808377 3.6969916820526123
0.22934845895517555 -0.41800544545284407 3.707824230194092
0.22978181995580044 -0.4192406260993236 3.719379186630249
0.23050408829017524 -0.42129926051012284 3.732964277267456
0.23100548216377859 -0.4227417691942406 3.744149923324585
0.23151106999784093 -0.4241828132818 3.7554447650909424
0.23208888466534078 -0.42582972081043946 3.76680850982666
0.23266669933284062 -0.42747662833907885 3.7791061401367188
0.23316809320644394 -0.42891913702319656 3.7905330657958984
0.23359785938381822 -0.4301555730381546 3.801464796066284
0.2341708809536506 -0.431804154391432 3.813861608505249
0.23467646878771298 -0.4332451984789915 3.824941396713257
0.23525428345521282 -0.4348921060076309 3.837690830230713
0.23583209812271266 -0.43653901353627034 3.8489789962768555
0.2364099127902125 -0.4381859210649097 3.861544609069824
0.23691969030665744 -0.43962548836238813 3.873424530029297
0.23756973180759478 -0.44147825933210744 3.885852098464966
0.23800309280821966 -0.442713439978587 3.8971946239471436
0.2384364538088445 -0.4439486206250665 3.908045768737793
0.23901426847634435 -0.44559552815370596 3.9193115234375
0.2395920831438442 -0.4472424356823454 3.9329092502593994
0.24016989781134404 -0.4488893432109848 3.944753408432007
0.24074771247884388 -0.45053625073962417 3.956019163131714
0.24118107347946877 -0.4517714313861037 3.9671661853790283
0.24190334181384357 -0.45383006579690294 3.9835073947906494
0.2424811564813434 -0.4554769733255424 3.9951584339141846
0.24298255035494673 -0.4569194820096601 4.00669527053833
0.24348813818900908 -0.45836052609721956 4.017729759216309
0.24406595285650892 -0.46000743362585894 4.030826091766357
0.24464376752400877 -0.4616543411544984 4.042973279953003
0.24514516139761208 -0.4630968498386161 4.054079055786133
0.24565074923167443 -0.46453789392617556 4.065353870391846
0.24615214310527778 -0.46598040261029333 4.076727628707886
0.24680218460621509 -0.46783317358001264 4.088669061660767
0.24723554560683997 -0.4690683542264922 4.099725961685181
0.2477453231232849 -0.4705079215239706 4.110916376113892
0.24825091095734725 -0.47194896561153005 4.12181282043457
0.2488287256248471 -0.4735958731401695 4.134971380233765
0.2493301194984504 -0.47503838182428715 4.146683931350708
0.24990314106828282 -0.4766869631775646 4.1577558517456055
0.25040872890234517 -0.478128007265124 4.169039249420166
0.250986543569845 -0.47977491479376344 4.180546283721924
0.25141990457046987 -0.481010095440243 4.19310188293457
0.2519977192379697 -0.48265700296888236 4.204836368560791
0.25257553390546955 -0.48430391049752175 4.215933322906494
0.25307692777907287 -0.48574641918163947 4.227118730545044
0.2535825156131352 -0.487187463269199 4.239252328872681
0.25416033028063506 -0.48883437079783837 4.251117706298828
0.2547381449481349 -0.4904812783264778 4.2629780769348145
0.2554604132825097 -0.49253991273727704 4.279276371002197
0.2561050625485711 -0.4943945667597141 4.293983221054077
0.2566106503826335 -0.49583561084727357 4.30530047416687
0.2571120442562368 -0.4972781195313913 4.3166937828063965
0.2577620857571741 -0.4991308905011106 4.329459190368652
0.2584843540915489 -0.5011895249119099 4.345286846160889
0.2589857479651522 -0.5026320335960276 4.3569605350494385
0.2594913357992146 -0.5040730776835871 4.367841958999634
0.2602792404577341 -0.5063398770443436 4.384644269943237
0.26078482829179644 -0.507780921131903 4.3973424434661865
0.2613626429592963 -0.5094278286605424 4.408692121505737
0.2618640368328996 -0.51087033734466 4.419901132583618
0.26236962466696195 -0.5123113814322195 4.431106090545654
0.26287101854056527 -0.5137538901163372 4.444153547286987
0.2634440401103976 -0.5154024714696146 4.455960035324097
0.263941235780953 -0.5168464325443749 4.467111587524414
0.26444262965455634 -0.5182889412284926 4.478064775466919
0.26501565122438875 -0.51993752258177 4.490579128265381
0.26544541740176303 -0.521173958596728 4.5016443729400635
0.2660184389715954 -0.5228225399500054 4.513447046279907
0.26659146054142774 -0.5244711213032828 4.5248637199401855
0.267021226718802 -0.5257075573182408 4.535922527313232
0.2675942482886344 -0.5273561386715182 4.548014402389526
0.26816726985846673 -0.5290047200247956 4.560106515884399
0.268597036035841 -0.5302411560397536 4.571205139160156
0.2691700576056734 -0.5318897373930311 4.582879543304443
0.2697430791755058 -0.5335383187463085 4.594988822937012
0.27017284535288005 -0.5347747547612666 4.6061437129974365
0.2706784331869424 -0.5362157988488261 4.617427825927734
0.2711798270605457 -0.5376583075329437 4.628635883331299
0.2717528486303781 -0.5393068888862211 4.640676975250244
0.27232587020021043 -0.5409554702394985 4.651553630828857
0.2728230658707658 -0.5423994313142588 4.663894891738892
0.2732564268713907 -0.5436346119607384 4.6753089427948
0.2736825945890096 -0.5448722928819615 4.686511516571045
0.27432724385507107 -0.5467269469043986 4.698575019836426
0.27475701003244535 -0.5479633829193566 4.709514856338501
0.27533003160227776 -0.549611964272634 4.72081184387207
0.2759030531721101 -0.5512605456259114 4.7316811084747314
0.27647607474194247 -0.5529091269791888 4.74493408203125
0.2768312145066249 -0.5539405277468747 4.756707429885864
0.2773994381301168 -0.5555907689751722 4.767639636993408
0.27817414182509714 -0.5578621137921972 4.7834577560424805
0.27867133749565254 -0.5593060748669575 4.796186447143555
0.27917273136925586 -0.5607485835510752 4.80755352973938
0.2797457529390882 -0.5623971649043525 4.818923234939575
0.2802429486096436 -0.5638411259791128 4.830068111419678
0.2808111722331355 -0.5654913672074103 4.841268062591553
0.28130416549357756 -0.566936768454608 4.854228734970093
0.28180136116413296 -0.5683807295293684 4.865956544876099
0.2823027550377363 -0.569823238213486 4.877252578735352
0.28279995070829167 -0.5712671992882463 4.888094663619995
0.2835878553668112 -0.5735339986490027 4.903522491455078
0.2840176215441855 -0.5747704346639607 4.9150354862213135
0.28451481721474087 -0.576214395738721 4.926045894622803
0.2850162110883442 -0.5776569044228387 4.937335252761841
0.2855892326581766 -0.5793054857761161 4.949341773986816
0.28616225422800895 -0.5809540671293935 4.961211681365967
0.2866678420620713 -0.582395111216953 4.9728615283966064
0.2871692359356746 -0.5838376199010706 4.984211444854736
0.28774225750550697 -0.585486201254348 4.996201515197754
0.2882478453395693 -0.5869272453419075 5.007328033447266
0.28882566000706916 -0.5885741528705469 5.0182178020477295
0.2892590210076941 -0.5898093335170265 5.029538869857788
0.2898368356751939 -0.5914562410456659 5.040985822677612
0.29041465034269376 -0.5931031485743052 5.053526878356934
0.2909160442162971 -0.5945456572584229 5.065723896026611
0.2914216320503594 -0.5959867013459824 5.076948642730713
0.2918549930509843 -0.597221881992462 5.087822914123535
0.29251042128641347 -0.5990727542320771 5.100545167922974
0.2930160091204758 -0.6005137983196366 5.111532688140869
0.2941716384554755 -0.6038076133769154 5.137012958526611
0.29474945312297535 -0.6054545209055547 5.149081707000732
0.2952592306394203 -0.6068940882030331 5.160661935806274
0.2958418335153573 -0.6085393079715798 5.172928333282471
0.2964918750162946 -0.6103920789412991 5.187845468521118
0.29706968968379444 -0.6120389864699385 5.200785875320435
0.2976475043512943 -0.6136858939985779 5.211805582046509
0.2981488982248976 -0.6151284026826955 5.223844051361084
0.29865448605895994 -0.616569446770255 5.235355377197266
0.2992323007264598 -0.6182163542988944 5.246587514877319
0.2997420782429047 -0.6196559215963728 5.25821852684021
0.30024766607696707 -0.6210969656839322 5.26952052116394
0.3008254807444669 -0.6227438732125716 5.281023979187012
0.3016922027457167 -0.6252142345055307 5.29765772819519
0.30212556374634153 -0.6264494151520102 5.310150623321533
0.3027033784138414 -0.6280963226806496 5.321876764297485
0.3032047722874447 -0.6295388313647674 5.3340606689453125
0.30377779385727705 -0.6311874127180448 5.346605539321899
0.3044278353582144 -0.633040183687764 5.3586225509643555
0.3049292292318177 -0.6344826923718818 5.36976170539856
0.30543481706588005 -0.6359237364594413 5.381446361541748
0.3060126317333799 -0.6375706439880807 5.393417119979858
0.30659044640087973 -0.6392175515167201 5.4070940017700195
0.3071682610683796 -0.6408644590453596 5.41911506652832
0.3077460757358794 -0.642511366573999 5.430534601211548
0.30824746960948274 -0.6439538752581168 5.441400527954102
0.3088204911793151 -0.645602456611394 5.454692602157593
0.3093176868498705 -0.6470464176861543 5.465771436691284
0.3098190807234738 -0.648488926370272 5.47700309753418
0.31039210229330616 -0.6501375077235494 5.489752531051636
0.31118659746111843 -0.6524020055754286 5.50610613822937
0.3118968769904833 -0.6544648071108005 5.523477792739868
0.31261914532485807 -0.6565234415215997 5.53867769241333
0.3134070499833776 -0.6587902408823562 5.556217670440674
0.3141233269456681 -0.6608509675739529 5.5717082023620605
0.31483960390795857 -0.6629116942655496 5.590094566345215
0.31533679957851396 -0.6643556553403099 5.601381778717041
0.3159814488445754 -0.666210309362747 5.61466646194458
0.3164786445151308 -0.6676542704375074 5.625808477401733
0.3169800383887341 -0.669096779121625 5.637505769729614
0.31748562622279647 -0.6705378232091845 5.649202346801758
0.3179870200963998 -0.6719803318933022 5.661329746246338
0.3185600416662322 -0.6736289132465796 5.673052787780762
0.3190572373367876 -0.6750728743213399 5.684187650680542
0.3195586312103909 -0.6765153830054575 5.695751667022705
0.3201316527802233 -0.6781639643587349 5.708799123764038
0.3207046743500557 -0.6798125457120123 5.720069885253906
0.321210262184118 -0.6812535897995718 5.731208086013794
0.32171165605772134 -0.6826960984836895 5.742930173873901
0.32220885172827674 -0.6841400595584498 5.754537582397461
0.32271024560188005 -0.6855825682425676 5.766646862030029
0.3232158334359424 -0.6870236123301271 5.777618646621704
0.32379364810344224 -0.6886705198587665 5.789334774017334
0.3243714627709421 -0.6903174273874059 5.800702810287476
0.3248728566445454 -0.6917599360715236 5.813316106796265
0.32544587821437776 -0.693408517424801 5.8249053955078125
0.32594307388493315 -0.6948524784995613 5.836555242538452
0.32637643488555806 -0.6960876591460409 5.847625255584717
0.32702108415161946 -0.6979423131684779 5.860748291015625
0.32759410572145187 -0.6995908945217553 5.874840974807739
0.3281671272912842 -0.7012394758750327 5.885926246643066
0.32867271512534657 -0.7026805199625922 5.897153615951538
0.3291741089989499 -0.7041230286467098 5.908702850341797
0.3298241504998872 -0.7059757996164292 5.9218361377716064
0.33040196516738707 -0.7076227071450686 5.935013294219971
0.3309797798348869 -0.709269614673708 5.946600914001465
0.33162442910094836 -0.7111242686961451 5.959481477737427
0.3321300169350107 -0.7125653127837046 5.971892595291138
0.33291792159353023 -0.714832112144461 5.988653659820557
0.3333476877709045 -0.716068548159419 6.000769853591919
0.33398693934733287 -0.7179250695412537 6.014024257659912
0.3344883332209362 -0.7193675782253715 6.025418281555176
0.3349855288914916 -0.7208115393001318 6.0365891456604
0.335630178157553 -0.7226661933225689 6.048581123352051
0.3360599443349273 -0.7239026293375268 6.059823989868164
0.3366329659047597 -0.7255512106908042 6.071668386459351
0.3371301615753151 -0.7269951717655645 6.08344030380249
0.33763155544891843 -0.7284376804496822 6.095336198806763
0.3382045770187508 -0.7300862618029595 6.107465744018555
0.3387775985885832 -0.7317348431562369 6.119745492935181
0.33928318642264554 -0.7331758872437965 6.130934000015259
0.33978458029624886 -0.7346183959279141 6.143476963043213
0.34035760186608127 -0.7362669772811915 6.15482759475708
0.3409306234359136 -0.7379155586344689 6.166999340057373
0.3413603896132879 -0.7391519946494269 6.178046226501465
0.34193341118312026 -0.7408005760027043 6.189902305603027
0.3424389990171826 -0.7422416200902638 6.201070785522461
0.34301681368468245 -0.7438885276189032 6.211893558502197
0.3435946283521823 -0.7455354351475426 6.2249228954315186
0.3440279893528072 -0.7467706157940222 6.236151933670044
0.34453776686925214 -0.7482101830915006 6.247287034988403
0.3453322620370644 -0.7504746809433798 6.261874198913574
0.3457656230376893 -0.7517098615898593 6.275008916854858
0.34634343770518916 -0.7533567691184987 6.28702974319458
0.346921252372689 -0.7550036766471381 6.299025058746338
0.3475766806081182 -0.7568545488867532 6.3128790855407715
0.34808226844218054 -0.7582955929743127 6.325021266937256
0.34858366231578386 -0.7597381016584304 6.336158275604248
0.34937815748359613 -0.7620025995103096 6.351665496826172
0.349955972151096 -0.763649507038949 6.3635454177856445
0.3505337868185958 -0.7652964145675883 6.377686977386475
0.35132169147711534 -0.7675632139283447 6.393416166305542
0.3518272793111777 -0.7690042580159042 6.405730724334717
0.35226064031180254 -0.7702394386623838 6.417181730270386
0.35304854497032206 -0.7725062380231401 6.431613206863403
0.35347831114769634 -0.773742674038098 6.443483591079712
0.3539838989817587 -0.7751837181256576 6.454844236373901
0.35456171364925854 -0.776830625654297 6.4660515785217285
0.3551395283167584 -0.7784775331829364 6.478161096572876
0.3557173429842582 -0.7801244407115758 6.490784645080566
0.35629515765175807 -0.7817713482402152 6.503172159194946
0.35672132536937695 -0.7830090291614383 6.514512300491333
0.35728954899286886 -0.7846592703897358 6.526648759841919
0.3577909428664722 -0.7861017790738536 6.537627458572388
0.3583639644363045 -0.787750360427131 6.548925161361694
0.3587937306136788 -0.788986796442089 6.560046434402466
0.3594437721146161 -0.7908395674118083 6.571761131286621
0.3599451659882194 -0.792282076095926 6.583504676818848
0.3604423616587748 -0.7937260371706863 6.595051288604736
0.3609437555323781 -0.7951685458548041 6.607004880905151
0.36151677710221053 -0.7968171272080816 6.617910861968994
0.3620897986720429 -0.798465708561359 6.630690097808838
0.3625869943425983 -0.7999096696361193 6.641544580459595
0.3631552179660902 -0.8015599108644169 6.653351545333862
0.3636566118396935 -0.8030024195485346 6.664856672286987
0.3641538075102489 -0.8044463806232949 6.6769959926605225
0.3647220311337408 -0.8060966218515925 6.688053131103516
0.3652234250073441 -0.8075391305357102 6.699300050735474
0.3656531911847184 -0.8087755665506683 6.711200714111328
0.36629244276114675 -0.8106320879325029 6.724043607711792
0.3667186104787657 -0.811869768853726 6.735327482223511
0.3672868341022576 -0.8135200100820236 6.74624228477478
0.36771300181987654 -0.8147576910032467 6.757449388504028
0.3682812254433684 -0.8164079322315441 6.768629550933838
0.36892587470942984 -0.8182625862539812 6.780949592590332
0.3695651262858582 -0.8201191076358157 6.796872615814209
0.3701333499093501 -0.8217693488641133 6.808820962905884
0.3705523099197692 -0.8230094881691794 6.8200976848602295
0.3711205335432611 -0.8246597293974769 6.831883430480957
0.37161352680370313 -0.8261051306446746 6.844090700149536
0.3721107224742585 -0.8275490917194349 6.855355501174927
0.3726037157347006 -0.8289944929666326 6.866554260253906
0.37324296731112894 -0.8308510143484672 6.878618001937866
0.3736691350287479 -0.8320886952696903 6.889888286590576
0.37437941455811274 -0.8341514968050622 6.907053470611572
0.37494763818160465 -0.8358017380333598 6.91793966293335
0.37551586180509655 -0.8374519792616574 6.930534362792969
0.37600885506553855 -0.8388973805088551 6.941433906555176
0.37643862124291283 -0.8401338165238131 6.95326566696167
0.3770116428127452 -0.8417823978770905 6.9648637771606445
0.37758466438257754 -0.8434309792303679 6.975940704345703
0.37808186005313293 -0.8448749403051282 6.987861156463623
0.37865008367662484 -0.8465251815334258 7.001268148422241
0.37921830730011674 -0.8481754227617234 7.013438940048218
0.37971970117372006 -0.8496179314458411 7.0249810218811035
0.3802927227435524 -0.8512665127991185 7.037139415740967
0.3807899184141078 -0.8527104738738788 7.047966957092285
0.38121608613172675 -0.8539481547951019 7.0592942237854
0.3817843097552186 -0.8555983960233993 7.070650815963745
0.3823525333787105 -0.8572486372516969 7.083367824554443
0.38292075700220235 -0.8588988784799944 7.094681024551392
0.38341375026264435 -0.8603442797271921 7.105767488479614
0.3838435164400187 -0.8615807157421502 7.117449522018433
0.38441653800985104 -0.8632292970954276 7.128630638122559
0.3849895595796834 -0.864877878448705 7.141031265258789
0.3854867552502388 -0.8663218395234653 7.152898550033569
0.3860549788737307 -0.8679720807517629 7.164007663726807
0.386556372747334 -0.8694145894358806 7.175119161605835
0.38719562432376237 -0.8712711108177152 7.190953969955444
0.38776384794725427 -0.8729213520460128 7.202906131744385
0.3883320715707461 -0.8745715932743102 7.215048551559448
0.388900295194238 -0.8762218345026078 7.226105690002441
0.3894685188177299 -0.8778720757309054 7.238041400909424
0.39010236729544107 -0.8797304487630166 7.253525495529175
0.39059956296599646 -0.881174409837777 7.2650816440582275
0.3911677865894883 -0.8828246510660743 7.2764973640441895
0.3917360102129802 -0.8844748922943719 7.289285898208618
0.3923042338364721 -0.8861251335226695 7.300644159317017
0.39280562771007543 -0.8875676422067872 7.311528205871582
0.39330282338063083 -0.8890116032815475 7.324251651763916
0.39387104700412273 -0.8906618445098451 7.336651563644409
0.3942972147217417 -0.8918995254310682 7.347547292709351
0.3948654383452335 -0.8935497666593656 7.358867883682251
0.3954336619687254 -0.8952000078876632 7.370018005371094
0.39622156662724495 -0.8974668072484195 7.388970136642456
0.3967945881970773 -0.8991153886016969 7.400221347808838
0.3972917838676327 -0.9005593496764572 7.411574125289917
0.397793177741236 -0.9020018583605749 7.423432111740112
0.39844321924217335 -0.9038546293302943 7.436882257461548
0.39894461311577667 -0.905297138014412 7.447845220565796
0.399450200949839 -0.9067381821019715 7.459226608276367
0.4000280156173388 -0.9083850896306108 7.470703840255737
0.4005294094909421 -0.9098275983147286 7.481550931930542
0.40103499732500447 -0.9112686424022881 7.495490789413452
0.4016128119925043 -0.9129155499309275 7.507627248764038
0.40233508032687915 -0.9149741843417268 7.519829988479614
0.402768441327504 -0.9162093649882064 7.531508445739746
0.40334625599500384 -0.9178562725168458 7.544599294662476
0.40384764986860716 -0.9192987812009634 7.555831670761108
0.4044976913695445 -0.9211515521706828 7.568018436431885
0.4054288514205221 -0.9238304968697585 7.5881593227386475
0.4061451283828125 -0.9258912235613552 7.6058995723724365
0.406861405345103 -0.927951950252952 7.620859384536743
0.4076559005129153 -0.9302164481048312 7.636983394622803
0.40830054977897673 -0.9320711021272683 7.6534483432769775
0.4089398013554051 -0.9339276235091029 7.66685152053833
0.409508024978897 -0.9355778647374005 7.6779258251190186
0.40993419269651593 -0.9368155456586236 7.690124988555908
0.41043558657011925 -0.9382580543427412 7.7012248039245605
0.41100860813995166 -0.9399066356960187 7.712883234024048
0.41150580381050705 -0.941350596770779 7.72396993637085
0.4121504530765685 -0.9432052507932162 7.738685607910156
0.41272347464640086 -0.9448538321464935 7.751129388809204
0.41329649621623327 -0.946502413499771 7.763130187988281
0.41379369188678866 -0.9479463745745313 7.774240016937256
0.414295085760392 -0.949388883258649 7.785645961761475
0.4148585066294686 -0.9510407703983035 7.797775983810425
0.4152882728068429 -0.9522772064132615 7.80909276008606
0.4157854684773983 -0.9537211674880218 7.8205039501190186
0.4163536921008901 -0.9553714087163192 7.8327672481536865
0.41692191572438203 -0.9570216499446168 7.8449506759643555
0.4174149089848241 -0.9584670511918145 7.856127023696899
0.41784467516219836 -0.9597034872067725 7.8672873973846436
0.4184176967320308 -0.96135206856005 7.878175973892212
0.41884746290940505 -0.9625885045750079 7.889319896697998
0.41948671448583347 -0.9644450259568427 7.901442050933838
0.4199881083594368 -0.9658875346409603 7.913288593292236
0.42041787453681106 -0.9671239706559184 7.925050973892212
0.4209908961066434 -0.9687725520091958 7.936886548995972
0.4214880917771988 -0.9702165130839561 7.948795795440674
0.42205631540069066 -0.9718667543122534 7.959866285324097
0.4224824831183096 -0.9731044352334766 7.9710516929626465
0.4229838769919129 -0.9745469439175943 7.982865333557129
0.42376518447421424 -0.9768160256065034 7.998985528945923
0.42433340809770614 -0.978466266834801 8.011446237564087
0.42483480197130946 -0.9799087755189186 8.02341628074646
0.4254078235411418 -0.981557356872196 8.03546142578125
0.4259050192116972 -0.9830013179469563 8.047291040420532
0.42640641308530053 -0.9844438266310741 8.058693408966064
0.4269036087558559 -0.9858877877058344 8.069751739501953
0.42747183237934777 -0.9875380289341318 8.080997943878174
0.4280400560028397 -0.9891882701624294 8.091823101043701
0.428541449876443 -0.990630778846547 8.10507607460022
0.4290386455469984 -0.9920747399213073 8.116122007369995
0.4295400394206017 -0.9935172486054251 8.127519369125366
0.4300372350911571 -0.9949612096801854 8.139302968978882
0.430605458714649 -0.996611450908483 8.15138840675354
0.43117368233814085 -0.9982616921367804 8.163377523422241
0.43174190596163275 -0.999911933365078 8.17470121383667
0.4321680736792517 -1.0011496142863012 8.18595290184021
0.43273629730274354 -1.0027998555145987 8.197909355163574
0.43323769117634686 -1.0042423641987164 8.209227561950684
0.4338107127461793 -1.0058909455519938 8.22092580795288
0.4343837343160116 -1.0075395269052712 8.231751918792725
0.43496633719194866 -1.009184746673818 8.24348497390747
0.4358258695466972 -1.011657618703734 8.265179872512817
0.4363988911165296 -1.0133062000570114 8.276798248291016
0.43697191268636193 -1.0149547814102888 8.288915634155273
0.4374691083569173 -1.0163987424850491 8.301141500473022
0.43811375762297877 -1.0182533965074863 8.31510305404663
0.43861095329353417 -1.0196973575822466 8.326112031936646
0.4391123471671375 -1.0211398662663642 8.33737325668335
0.43975159874356584 -1.022996387648199 8.35011339187622
0.4401777664611848 -1.024234068569422 8.361254930496216
0.4407459900846767 -1.0258843097977195 8.37403678894043
0.44132380475217653 -1.0275312173263589 8.38514232635498
0.4423181960932873 -1.0304191394758795 8.408711194992065
0.4428864197167792 -1.032069380704177 8.421440839767456
0.44345464334027107 -1.0337196219324745 8.43380331993103
0.4442425479987906 -1.035986421293231 8.4481201171875
0.444739743669346 -1.0374303823679913 8.463329792022705
0.4453079672928379 -1.0390806235962888 8.474754810333252
0.44580096055327995 -1.0405260248434867 8.485818147659302
0.4462981562238353 -1.0419699859182467 8.4970064163208
0.4468663798473272 -1.0436202271465442 8.510167121887207
0.44735937310776924 -1.045065628393742 8.521359205245972
0.44792279397684587 -1.0467175155333965 8.533191680908203
0.4483453596286533 -1.0479564308881373 8.5442373752594
0.4489087804977299 -1.049608318027792 8.556241750717163
0.4494059761682853 -1.0510522791025523 8.567328929901123
0.4498989694287273 -1.0524976803497499 8.578580856323242
0.4503215350805348 -1.0537365957044909 8.58933687210083
0.4508187307510902 -1.0551805567792512 8.600712537765503
0.4513869543745821 -1.0568307980075486 8.613093137741089
0.45187994763502415 -1.0582761992547465 8.624157190322876
0.45230251328683163 -1.0595151146094874 8.635411262512207
0.45279970895738697 -1.0609590756842475 8.646126747131348
0.4533679325808789 -1.062609316912545 8.658839464187622
0.4539361562043708 -1.0642595581408425 8.674938678741455
0.4544291494648128 -1.06570495938804 8.686099290847778
0.4547842892294952 -1.066736360155726 8.69725751876831
0.45535251285298706 -1.0683866013840235 8.709258079528809
0.455778680570606 -1.0696242823052466 8.720635414123535
0.45620484828822494 -1.0708619632264698 8.731422901153564
0.4566310160058439 -1.0720996441476929 8.743175983428955
0.4570571837234628 -1.073337325068916 8.755045413970947
0.45748335144108176 -1.074575005990139 8.767183065414429
0.4579095191587007 -1.0758126869113622 8.777909994125366
0.45840251241914276 -1.07725808815856 8.793413162231445
0.45882507807095024 -1.078497003513301 8.805025100708008
0.4592476437227577 -1.079735918868042 8.817278623580933
0.45967020937456515 -1.0809748342227827 8.828068017959595
0.46001934271658107 -1.082008283643671 8.839792728424072
0.460371480759754 -1.0830407131059552 8.850873708724976
0.46079404641156146 -1.0842796284606961 8.863341093063354
0.46121661206336895 -1.085518543815437 8.874765157699585
0.46149832249790723 -1.0863444873852643 8.885679721832275
0.4619208881497147 -1.0875834027400053 8.89665699005127
0.4623434538015222 -1.0888223180947463 8.907764673233032
0.4626925871435381 -1.0898557675156346 8.919853210449219
0.46297189381715087 -1.0906825270523455 8.930967330932617
0.46339085382757 -1.0919226663574115 8.94180703163147
0.46367016050118276 -1.0927494258941222 8.954168558120728
0.4639494671747955 -1.093576185430833 8.966228723526001
0.46430160521796837 -1.0946086148931171 8.977274417877197
0.46465073855998434 -1.0956420643140057 8.98806095123291
0.4649300452335971 -1.0964688238507163 8.999370813369751
0.46528218327677 -1.0975012533130004 9.01137375831604
0.46563131661878593 -1.0985347027338888 9.025087118148804
0.4659106232923987 -1.0993614622705994 9.036044359207153
0.46618992996601144 -1.1001882218073102 9.047064304351807
0.4664692366396242 -1.1010149813440209 9.058791160583496
0.4668213746827971 -1.102047410806305 9.070833444595337
0.467098275232106 -1.1028749793141999 9.081552267074585
0.4673751757814149 -1.1037025478220945 9.093384981155396
0.4677243091234308 -1.1047359972429829 9.104724884033203
0.4680036157970436 -1.1055627567796937 9.11684250831604
0.46814326913384996 -1.1059761365480492 9.127589225769043
0.4684225758074627 -1.10680289608476 9.138222217559814
0.46870188248107547 -1.1076296556214709 9.149268865585327
0.4689811891546882 -1.1084564151581815 9.16054654121399
0.469260495828301 -1.1092831746948923 9.1733238697052
0.46953980250191374 -1.110109934231603 9.18466591835022
0.4698191091755265 -1.1109366937683138 9.19915771484375
0.47009841584913925 -1.1117634533050245 9.210635423660278
0.470377722522752 -1.1125902128417353 9.22319483757019
0.47065702919636476 -1.1134169723784462 9.23479437828064
0.47079668253317114 -1.1138303521468016 9.245676279067993
0.47100435794515283 -1.1144510285277227 9.256641626358032
0.47128125849446173 -1.1152785970356174 9.268176078796387
0.4714907384996713 -1.1158986666881505 9.279289484024048
0.4717700451732841 -1.1167254262248612 9.29112982749939
0.47204935184689684 -1.117552185761572 9.302885293960571
0.4721890051837032 -1.1179655655299274 9.313553810119629
0.4723286585205096 -1.1183789452982829 9.325706243515015
0.47260796519412235 -1.1192057048349937 9.336701393127441
0.4728872718677351 -1.1200324643717046 9.347447395324707
0.4730269252045415 -1.12044584414006 9.358722448348999
0.47330623187815424 -1.1212726036767706 9.371285915374756
0.4734458852149606 -1.121685983445126 9.382941961288452
0.47372519188857337 -1.1225127429818367 9.393824577331543
0.4739364747144771 -1.123132200659207 9.404837846755981
0.4740773299317463 -1.1235451724441208 9.415902137756348
0.4742868099369558 -1.124165242096654 9.427652835845947
0.47449809276285954 -1.1247846997740243 9.438713550567627
0.4746389479801287 -1.1251976715589378 9.449513673782349
0.4749880813221446 -1.1262311209798261 9.466122150421143
0.475127734658951 -1.1266445007481816 9.478162050247192
0.47540704133256373 -1.1274712602848922 9.490568161010742
0.4755466946693701 -1.1278846400532476 9.501317501068115
0.4756863480061765 -1.128298019821603 9.513093709945679
0.47596565467978924 -1.1291247793583137 9.526087045669556
0.4761053080165956 -1.129538159126669 9.537288665771484
0.476244961353402 -1.1299515388950245 9.548028230667114
0.4764562441793057 -1.130570996572395 9.559150695800781
0.47666572418451525 -1.131191066224928 9.571521282196045
0.4768053775213216 -1.1316044459932835 9.58517575263977
0.4770846841949344 -1.1324312055299943 9.599906206130981
0.47722433753174076 -1.1328445852983497 9.611082553863525
0.47736399086854714 -1.1332579650667052 9.623967409133911
0.47757527369445085 -1.1338774227440755 9.634950637817383
0.47771612891172005 -1.1342903945289893 9.646986246109009
0.4779256089169296 -1.1349104641815224 9.661234140396118
0.4781368917428333 -1.1355299218588928 9.677452802658081
0.47827774696010245 -1.1359428936438063 9.69144892692566
0.478487226965312 -1.1365629632963394 9.705966234207153
0.4786985097912157 -1.1371824209737098 9.720011472702026
0.47883936500848484 -1.1375953927586233 9.736139297485352
0.4790488450136944 -1.1382154624111565 9.747875928878784
0.47911927262232895 -1.1384219483036133 9.759045124053955
0.47932875262753855 -1.1390420179561465 9.7700674533844
0.4793991802361731 -1.1392485038486033 9.783319234848022
0.47960866024138266 -1.1398685735011362 9.794558763504028
0.4796790878500172 -1.140075059393593 9.80553388595581
0.47981994306728637 -1.1404880311785066 9.816201448440552
0.4799607982845555 -1.1409010029634201 9.827967882156372
0.4801016535018247 -1.1413139747483338 9.839242458343506
0.48017148017022787 -1.1415206646325116 9.850171327590942
0.4803827629961316 -1.142140122309882 9.861222267150879
0.4804525896645348 -1.1423468121940596 9.871842861175537
0.4806638724904385 -1.14296626987143 9.885497331619263
0.48073369915884173 -1.1431729597556077 9.896678447723389
0.4808733524956481 -1.1435863395239632 9.90741753578186
0.4810130058324545 -1.1439997192923186 9.918110609054565
0.48108343344108906 -1.1442062051847754 9.930532217025757
0.4812242886583582 -1.144619176969689 9.941311120986938
0.4813651438756274 -1.1450321487546027 9.952848434448242
0.48150599909289654 -1.1454451205395162 9.964526891708374
0.48157582576129976 -1.145651810423694 9.975460052490234
0.48178710858720347 -1.1462712681010643 9.98771858215332
0.48185693525560663 -1.146477957985242 10.002877950668335
0.48206821808151035 -1.1470974156626124 10.014644145965576
0.48213804474991356 -1.14730410554679 10.025786399841309
0.48220847235854813 -1.147510591439247 10.037850141525269
0.4823493275758173 -1.1479235632241604 10.049011468887329
0.4824191542442205 -1.1481302531083382 10.060119390487671
0.48255880758102687 -1.1485436328766936 10.071110725402832
0.48269846091783325 -1.148957012645049 10.085152387619019
0.4827688885264678 -1.1491634985375059 10.096630573272705
0.482909743743737 -1.1495764703224196 10.107449054718018
0.48297957041214024 -1.1497831602065973 10.118138313293457
0.4830499980207748 -1.1499896460990542 10.129311800003052
0.48319085323804395 -1.1504026178839677 10.141534805297852
0.48333170845531315 -1.1508155896688814 10.153252124786377
0.4834015351237163 -1.1510222795530591 10.164235353469849
0.4834719627323509 -1.151228765445516 10.175469398498535
0.48361281794962 -1.1516417372304295 10.18770980834961
0.4837536731668892 -1.1520547090153432 10.199016332626343
0.4838234998352924 -1.152261398899521 10.21000337600708
0.48389392744392695 -1.1524678847919778 10.220965147018433
0.4840347826611961 -1.1528808565768913 10.23327112197876



