0 0 1640244371.2774236
0.0 0.0 0.010554790496826172
0.0 0.0 0.03165245056152344
0.0 0.0 0.04287838935852051
0.0006544957004493398 1.9038561887209457e-06 0.054906368255615234
0.001745252642432571 1.4595962287413112e-05 0.06678247451782227
0.0023996154331446073 2.7922053485311413e-05 0.07907676696777344
0.003926132462417631 7.2339162592644e-05 0.0950171947479248
0.005669571717154435 0.00015354115092953982 0.1126401424407959
0.009150251628976914 0.0004172913033537888 0.14379477500915527
0.011104707494102875 0.0006054839983508644 0.1618633270263672
0.01327234502369117 0.000852455098861983 0.1766805648803711
0.0147870164619259 0.0010473847129228563 0.1891016960144043
0.01586766839334789 0.0011960561599318534 0.2014756202697754
0.01759229666275551 0.0014640702084949312 0.21354222297668457
0.019099242458651983 0.0017117423475657857 0.22442960739135742
0.020602426749553877 0.0019813051562537825 0.23569464683532715
0.02210153155764989 0.0022727016122813257 0.24653935432434082
0.024235518583060865 0.002726294557051121 0.26221323013305664
0.026361264303482464 0.0032170616263177635 0.28098368644714355
0.028267809200012865 0.003686530237291293 0.2927365303039551
0.029533183309012764 0.0040216441739948485 0.3040449619293213
0.031215035727110325 0.004488063129019691 0.3161628246307373
0.03289134738874381 0.004974019311137674 0.3279130458831787
0.034558922635190795 0.005489157152209724 0.34078311920166016
0.03601134104860682 0.00596107650189994 0.352494478225708
0.03786971408071818 0.006594924979611132 0.3656771183013916
0.03951493384926491 0.007177527855548185 0.3766016960144043
0.04114973522068971 0.007788755042324663 0.38835763931274414
0.04257225670217907 0.008344326599320979 0.40218424797058105
0.04419049780553134 0.008998138444799717 0.41417837142944336
0.04580102209230668 0.009670734697817719 0.42554664611816406
0.04720152239425958 0.010279689560243364 0.4364149570465088
0.0485930179908009 0.010908948747739344 0.44824957847595215
0.05017482348282621 0.011646556762382382 0.4606196880340576
0.05154937016335664 0.012312025426772202 0.472428560256958
0.05310676822142636 0.013099861378343172 0.4836580753326416
0.0544634239403112 0.013801083440645158 0.4947812557220459
0.05580973766642992 0.014521962397964841 0.5060758590698242
0.05752704944557616 0.01547388386131206 0.5187692642211914
0.05941642378332014 0.016564714643808518 0.5339505672454834
0.060912462947088554 0.017463625661839878 0.5455694198608398
0.06221458353982696 0.018261566187323205 0.5565600395202637
0.06368657930108597 0.01919933091085601 0.5702292919158936
0.06496250545341171 0.020038520742808933 0.5813789367675781
0.06640944897979441 0.02101449647474407 0.5922372341156006
0.0676629704752432 0.021886798590234915 0.6035363674163818
0.06925815906979498 0.023031651230091887 0.6157872676849365
0.07048577960139009 0.023940042638378047 0.6265592575073242
0.07170542627908617 0.024859112332050345 0.6383943557739258
0.07308076449824208 0.025933644314262205 0.6497459411621094
0.07427038375871355 0.026891262784926435 0.6608545780181885
0.07561712271565807 0.028001428709333705 0.6735632419586182
0.07661742075406956 0.028845749039925334 0.6844589710235596
0.07793130110953948 0.02999461483251267 0.6958029270172119
0.07923172516695844 0.031158690203248216 0.7066195011138916
0.08067550102810792 0.03248941387176007 0.7196455001831055
0.08147111673880618 0.0332356761828357 0.7308201789855957
0.08272306947706241 0.03445173067957496 0.7419688701629639
0.08380920096143601 0.035525297407307505 0.7529633045196533
0.08518543308365942 0.03692576138932776 0.7654759883880615
0.08639418347623512 0.03818476761898477 0.7767128944396973
0.08744218638018032 0.039295585801030965 0.7883846759796143
0.08848045578508834 0.04041550712106821 0.7996652126312256
0.08950891262272416 0.041544446292752016 0.8108224868774414
0.09052747857211776 0.0426823173429936 0.8226425647735596
0.09168396872522658 0.043989491670935146 0.833747148513794
0.09269256621863739 0.04513620794644859 0.8446938991546631
0.09355134547938648 0.046124120476790965 0.8558452129364014
0.09483519834501727 0.04760973012894969 0.8683218955993652
0.09597640089224464 0.04893027204197966 0.880382776260376
0.09697158776301333 0.050088645993901754 0.8911099433898926
0.09824677602396478 0.05158169961594857 0.9035277366638184
0.09938027670036607 0.0529088583911013 0.9144084453582764
0.10065980267706867 0.05439819632928685 0.9308490753173828
0.1016516157689198 0.05555946025754548 0.9422111511230469
0.10279281831614717 0.056880002170575455 0.9530980587005615
0.10378800518691586 0.05803837612249755 0.9644243717193604
0.104933044201248 0.05935559282962072 0.9778785705566406
0.10607808321558013 0.06067280953674389 0.9901936054229736
0.10708334078409404 0.06182245484778006 1.0010108947753906
0.10808524992163465 0.06297501946651284 1.0120489597320557
0.109237932771247 0.06428555235281391 1.0240707397460938
0.11039061562085936 0.06559608523911499 1.0353584289550781
0.11154329847047172 0.06690661812541607 1.0479280948638916
0.11241351422361738 0.0678844716570236 1.0591418743133545
0.11357380189447827 0.06918827636583366 1.0710725784301758
0.1145857307784485 0.07033205390278252 1.0825235843658447
0.11574222093155731 0.07163922823072406 1.09366774559021
0.11660958854638892 0.07261960897668022 1.1044824123382568
0.11776607869949775 0.07392678330462178 1.115921974182129
0.11893015407023329 0.07522720736204072 1.128396987915039
0.12009422944096884 0.07652763141945969 1.1396269798278809
0.12096728596902051 0.07750294946252391 1.150597095489502
0.12198915753711798 0.07863785281460109 1.1616358757019043
0.12315701075780079 0.079934885216975 1.1735780239105225
0.12432486397848361 0.08123191761934892 1.1853699684143066
0.1253500325186277 0.08236384367017593 1.1961278915405273
0.12637190408672516 0.08349874702225313 1.2077438831329346
0.12753975730740796 0.08479577942462703 1.2186636924743652
0.12856492584755205 0.08592770547545404 1.2308785915374756
0.12958679741564952 0.08706260882753122 1.242098093032837
0.13075465063633235 0.08835964122990515 1.2530279159545898
0.13177981917647644 0.08949156728073217 1.2641656398773193
0.1329514403652125 0.09078519705310589 1.2762339115142822
0.13397989720284834 0.09191413622478971 1.2889518737792969
0.13559087633736047 0.09369287716180359 1.3056883811950684
0.13676249752609657 0.09498650693417732 1.3165256977081299
0.13822702401201667 0.09660354414964448 1.3328022956848145
0.13924889558011413 0.09773844750172167 1.3441526889801025
0.14070871210596766 0.09935973800468907 1.3599402904510498
0.14187656532665047 0.10065677040706299 1.3718152046203613
0.1430444185473333 0.10195380280943692 1.3839225769042969
0.1442122717680161 0.10325083521181083 1.39577054977417
0.1453801249886989 0.10454786761418475 1.406465768814087
0.14654797820938173 0.10584490001655868 1.419640064239502
0.14756654415877532 0.10698277106680025 1.4317686557769775
0.148439600686827 0.10795808910986447 1.4425647258758545
0.14960367605756256 0.10925851316728344 1.4536962509155273
0.15062554762566002 0.1103934165193606 1.4644908905029297
0.15193513241773754 0.11185639358395695 1.4766075611114502
0.152957003985835 0.11299129693603412 1.488997459411621
0.15397556993522862 0.1141291679862757 1.5000362396240234
0.1549974415033261 0.11526407133835288 1.511127233505249
0.15601600745271968 0.11640194238859447 1.5221490859985352
0.15718008282345525 0.11770236644601344 1.5342631340026855
0.1583441581941908 0.11900279050343239 1.5455348491668701
0.15936602976228825 0.12013769385550957 1.5562975406646729
0.16038459571168184 0.12127556490575116 1.5679700374603271
0.1615486710824174 0.12257598896317012 1.5799908638000488
0.1625639227944207 0.12371681808337892 1.5917983055114746
0.1635824887438143 0.12485468913362051 1.6026628017425537
0.16474656411454985 0.12615511319103945 1.613828420639038
0.16591063948528542 0.1274555372484584 1.6247198581695557
0.1667836960133371 0.12843085529152262 1.6365807056427002
0.16794777138407263 0.12973127934894157 1.648329734802246
0.16896302309607591 0.1308721084691504 1.6596333980560303
0.16983891301158802 0.13184488277093082 1.6706483364105225
0.17100676623227082 0.13314191517330473 1.6826488971710205
0.17217461945295365 0.13443894757567865 1.6938011646270752
0.17319978799309774 0.13557087362650566 1.7046868801116943
0.1745136228663659 0.13703003507917633 1.7214531898498535
0.1762654026973901 0.13897558368273719 1.7366175651550293
0.1772905712375342 0.1401075097335642 1.7483766078948975
0.17831244280563166 0.1412424130856414 1.7599658966064453
0.17918833272114376 0.1422151873874218 1.7711191177368164
0.1803561859418266 0.14351221978979573 1.782815933227539
0.1812320758573387 0.14448499409157617 1.7939622402191162
0.1823999290780215 0.14578202649395008 1.8056416511535645
0.18342509761816558 0.1469139525447771 1.8164043426513672
0.18444696918626305 0.14804885589685426 1.8281853199005127
0.18561482240694588 0.14934588829922818 1.840458631515503
0.18663999094708994 0.1504778143500552 1.8514468669891357
0.187518706838642 0.15144803667933548 1.8621909618377686
0.1886903280273781 0.15274166645170922 1.8729205131530762
0.18971219959547556 0.1538765698037864 1.8851027488708496
0.19073736813561964 0.1550084958546134 1.8963723182678223
0.19190898932435574 0.15630212562698714 1.9088387489318848
0.19308061051309183 0.15759575539936088 1.9205074310302734
0.19425223170182793 0.15888938517173462 1.9337975978851318
0.19513094759337998 0.1598596075010149 1.9447293281555176
0.19615281916147745 0.1609945108530921 1.9559898376464844
0.19732067238216025 0.16229154325546602 1.9667408466339111
0.19819656229767238 0.16326431755724646 1.978374719619751
0.19951463613500048 0.16471965105116693 1.9909172058105469
0.20053650770309794 0.1658545544032441 2.0019917488098145
0.20155507365249153 0.16699242545348567 2.013951301574707
0.202576945220589 0.16812732880556283 2.025078296661377
0.20374479844127183 0.16942436120793677 2.038081645965576
0.20491265166195463 0.1707213936103107 2.0500247478485107
0.20608050488263746 0.17201842601268463 2.060915470123291
0.20709907083203105 0.1731562970629262 2.0721120834350586
0.20797212736008272 0.17413161510599043 2.0840647220611572
0.20899399892818019 0.17526651845806762 2.0950968265533447
0.21030358372025768 0.17672949552266393 2.106595039367676
0.21117664024830934 0.17770481356572815 2.1183762550354004
0.21263173446172878 0.17933034363750183 2.1334972381591797
0.21379580983246432 0.18063076769492079 2.1456902027130127
0.2149598852031999 0.18193119175233977 2.156511068344116
0.21612396057393543 0.18323161580975872 2.172421455383301
0.21787007363003877 0.18518225189588716 2.1898140907287598
0.2193251678434582 0.18680778196766085 2.2048137187957764
0.22092056339089194 0.18860051344227466 2.221511125564575
0.22252116702565333 0.19038859652122572 2.238754987716675
0.22397626123907277 0.19201412659299943 2.254519462585449
0.22499151295107606 0.19315495571320823 2.266103982925415
0.22615180062193693 0.19445876042201826 2.2767655849456787
0.22717036657133055 0.19559663147225986 2.289816379547119
0.22819223813942802 0.19673153482433703 2.300809621810913
0.22921080408882163 0.19786940587457863 2.312562942504883
0.23037487945955717 0.19916982993199758 2.3236424922943115
0.23139013117156046 0.20031065905220638 2.334444761276245
0.23299073480632185 0.20209874213115744 2.3518996238708496
0.2341548101770574 0.2033991661885764 2.3636884689331055
0.23517668174515485 0.2045340695406536 2.374810218811035
0.23633696941601576 0.20583787424946365 2.385861396789551
0.23749725708687663 0.20714167895827368 2.3996810913085938
0.23851582303627022 0.20827955000851525 2.4106521606445312
0.2395310747482735 0.20942037912872408 2.421926259994507
0.2405496406976671 0.21055825017896565 2.4328079223632812
0.2418549643273856 0.21202503047637697 2.445563554763794
0.2430152519982465 0.21332883518518705 2.4594497680664062
0.24388546775139217 0.2143066887167946 2.4703457355499268
0.24504575542225307 0.21561049342560465 2.481832981109619
0.24620604309311395 0.21691429813441468 2.494184732437134
0.24736633076397488 0.21821810284322476 2.506498098373413
0.24838489671336844 0.2193559738934663 2.518728017807007
0.24968166491918234 0.22083032339055503 2.5297510623931885
0.2508419525900432 0.22213412809936509 2.545912027359009
0.2520022402609041 0.22343793280817514 2.55779767036438
0.2530208062102977 0.22457580385841672 2.568803071975708
0.254036057922301 0.22571663297862554 2.57981276512146
0.2551963455931619 0.22702043768743557 2.591721296310425
0.25606656134630756 0.2279982912190431 2.6024205684661865
0.25722684901716847 0.22930209592785317 2.6137442588806152
0.25824541496656206 0.23043996697809474 2.6246440410614014
0.25926066667856534 0.23158079609830354 2.635788917541504
0.26027923262795893 0.2327186671485451 2.6482324600219727
0.2613011041960564 0.2338535705006223 2.6593916416168213
0.26231967014545 0.23499144155086388 2.6705358028411865
0.26348374551618553 0.23629186560828283 2.6817047595977783
0.2644989972281888 0.23743269472849166 2.6936333179473877
0.2655175631775824 0.2385705657787332 2.704502820968628
0.266681638548318 0.23987098983615218 2.7156522274017334
0.26755469507636964 0.2408463078792164 2.7267954349517822
0.2687187704471052 0.24214673193663536 2.7387139797210693
0.2698828458178407 0.2434471559940543 2.750737428665161
0.270898097529844 0.2445879851142631 2.761676788330078
0.27177398744535614 0.24556075941604358 2.7724199295043945
0.2727925533947497 0.24669863046628515 2.783513307571411
0.27424764760816916 0.24832416053805886 2.797832489013672
0.27555297123788763 0.24979094083547015 2.8119618892669678
0.2765715371872812 0.25092881188571176 2.8238279819488525
0.27787686081699975 0.2523955921831231 2.836235523223877
0.27904471403768255 0.253692624585497 2.850940704345703
0.28006327998707614 0.2548304956357386 2.8623080253601074
0.2812273553578117 0.25613091969315754 2.8736801147460938
0.2823914307285472 0.2574313437505765 2.8861353397369385
0.28355550609928276 0.25873176780799545 2.899714469909668
0.2845773776673802 0.2598666711600726 2.910842180252075
0.2857452308880631 0.26116370356244656 2.921949625015259
0.2872050474139166 0.26278499406541395 2.936300039291382
0.2883729006345994 0.2640820264677879 2.951507806777954
0.28969097447192754 0.26553735996170835 2.964715003967285
0.290712846040025 0.2666722633137855 2.9765191078186035
0.2918806992607078 0.26796929571615946 2.988415479660034
0.29275658917621994 0.2689420700179399 3.000601053237915
0.29406617396829743 0.2704050470825362 3.0142006874084473
0.29537149759801595 0.27187182737994753 3.025923252105713
0.29653178526887686 0.27317563208875756 3.0383665561676025
0.297407675184389 0.274148406390538 3.051459312438965
0.2987172599764665 0.2756113834551343 3.0638272762298584
0.299881335347202 0.2769118075125533 3.0756711959838867
0.3009032069152995 0.27804671086463045 3.086416244506836
0.30207106013598234 0.2793437432670044 3.0982651710510254
0.30308962608537593 0.280481614317246 3.110450029373169
0.30396268261342757 0.2814569323603102 3.1223464012145996
0.3051267579841631 0.28275735641772914 3.1338658332824707
0.3061486295522606 0.2838922597698063 3.145054578781128
0.3073164827729434 0.2851892921721802 3.157743215560913
0.3084843359936262 0.28648632457455414 3.1684253215789795
0.3095029019430198 0.28762419562479574 3.1795690059661865
0.31037595847107147 0.28859951366785996 3.1905322074890137
0.31139783003916893 0.28973441701993713 3.202500343322754
0.3125656832598518 0.2910314494223111 3.2138524055480957
0.3135842492092454 0.2921693204725527 3.224778413772583
0.314457305737297 0.2931446385156169 3.2358572483062744
0.3154791773053945 0.29427954186769406 3.246525526046753
0.316788762097472 0.29574251893229037 3.259533166885376
0.31781063366556944 0.29687742228436753 3.270663261413574
0.31882919961496303 0.29801529333460913 3.281867265701294
0.31999327498569863 0.2993157173920281 3.2926223278045654
0.32086633151375027 0.30029103543509233 3.3046255111694336
0.3220304068844858 0.3015914594925113 3.3156678676605225
0.32319448225522135 0.30289188354993024 3.326420545578003
0.3246495764686408 0.3045174136217039 3.3426270484924316
0.32581365183937633 0.3058178376791229 3.354945182800293
0.32726874605279577 0.3074433677508966 3.3721961975097656
0.3284328214235313 0.3087437918083155 3.38399076461792
0.3295968967942669 0.3100442158657345 3.3954124450683594
0.33046995332231854 0.3110195339087987 3.4078898429870605
0.3316340286930541 0.3123199579662177 3.4195172786712646
0.3327981040637896 0.3136203820236366 3.4318459033966064
0.33396217943452516 0.31492080608105555 3.4426515102386475
0.3354172736479446 0.31654633615282923 3.4604263305664062
0.33643914521604207 0.31768123950490645 3.4714291095733643
0.33774873000811956 0.31914421656950276 3.483083724975586
0.3386217865361712 0.320119534612567 3.4941914081573486
0.3396370382481745 0.3212603637327758 3.506152868270874
0.340946623040252 0.32272334079737214 3.5184109210968018
0.3418196795683036 0.32369865884043636 3.5299744606018066
0.34298375493903915 0.3249990828978553 3.5418291091918945
0.3440056265071366 0.3261339862499325 3.5526015758514404
0.3451734797278194 0.3274310186523064 3.564715623855591
0.3463413329485022 0.3287280510546803 3.576042890548706
0.3473598988978958 0.3298659221049219 3.58817195892334
0.34852397426863135 0.33116634616234086 3.5999977588653564
0.34953922598063464 0.33230717528254966 3.6119956970214844
0.35055779193002823 0.33344504633279126 3.6227896213531494
0.3515796634981257 0.3345799496848685 3.634201765060425
0.3525982294475193 0.3357178207351101 3.6454269886016846
0.3536134811595225 0.3368586498553188 3.6562516689300537
0.35478133438020537 0.33815568225769277 3.66888689994812
0.35579990032959896 0.33929355330793437 3.679965019226074
0.3568217718976964 0.34042845666001154 3.691115617752075
0.35784033784709 0.34156632771025314 3.702188730239868
0.35900441321782556 0.3428667517676721 3.7140274047851562
0.3601684885885611 0.34416717582509104 3.7255101203918457
0.3614823234618293 0.3456263372777617 3.736255407333374
0.3625008894112229 0.3467642083280033 3.7525103092193604
0.3636649647819584 0.34806463238542223 3.7646331787109375
0.3646802164939617 0.3492054615056311 3.7758543491363525
0.3658405041648226 0.3505092662144411 3.786586046218872
0.3667107199179683 0.3514871197460487 3.798231601715088
0.36787857313865113 0.3527841521484226 3.8096959590911865
0.3688971390880447 0.3539220231986642 3.821708917617798
0.369912390800048 0.355062852318873 3.832421064376831
0.3709309567494416 0.3562007233691146 3.8431127071380615
0.37180401327749324 0.35717604141217885 3.8544511795043945
0.3731178481507614 0.35863520286484946 3.866342306137085
0.37413641410015497 0.35977307391509106 3.878300666809082
0.37515166581215825 0.3609139030352999 3.8895442485809326
0.37617023176155184 0.3620517740855415 3.900522232055664
0.3770432882896035 0.36302709212860573 3.91218638420105
0.378207363660339 0.36432751618602466 3.9229581356048584
0.37908042018839067 0.3653028342290889 3.9342076778411865
0.3802444955591262 0.36660325828650786 3.9454269409179688
0.38111755208717785 0.367578576329572 3.9561777114868164
0.38243138696044604 0.3690377377822427 3.9687137603759766
0.38344995290983963 0.3701756088324843 3.979928970336914
0.38432300943789127 0.3711509268755485 3.992388963699341
0.3859288076163302 0.3729343464288127 4.008857250213623
0.387096660837013 0.37423137883118657 4.020991563796997
0.3881152267864066 0.37536924988142817 4.032066583633423
0.38913709835450405 0.37650415323350533 4.044208288192749
0.39030495157518685 0.3778011856358792 4.056040525436401
0.3913301201153309 0.37893311168670624 4.068841934204102
0.3923519916834284 0.3800680150387834 4.079688310623169
0.3932278815989405 0.38104078934056385 4.090487480163574
0.3942530501390846 0.3821727153913909 4.101073980331421
0.39527492170718204 0.3833076187434681 4.112146615982056
0.3962934876565757 0.3844454897937097 4.1240174770355225
0.39717220354812777 0.38541571212299 4.1347496509552
0.39848603842139596 0.38687487357566064 4.150521516799927
0.3993619283369081 0.3878476478774411 4.161590814590454
0.4005297815575909 0.38914468027981497 4.173642635345459
0.401405671473103 0.3901174545815954 4.184747695922852
0.4024242374224966 0.391255325631837 4.1957502365112305
0.40329729395054825 0.39223064367490124 4.208130598068237
0.40431254566255154 0.39337147279511003 4.219990253448486
0.40518843557806367 0.3943442470968905 4.230942726135254
0.40620700152745726 0.3954821181471321 4.242965221405029
0.4073710768981928 0.396782542204551 4.25885009765625
0.40853515226892834 0.39808296626197 4.274170875549316
0.4096992276396639 0.3993833903193889 4.289619445800781
0.4108633030103994 0.4006838143768079 4.302859544754028
0.41202737838113496 0.4019842384342268 4.318054437637329
0.41304263009313824 0.4031250675544356 4.333041667938232
0.413770177199848 0.40393783259032245 4.344968795776367
0.4147854289118513 0.40507866171053125 4.356091737747192
0.41565564466499694 0.4060565152421388 4.368344783782959
0.41623578850042736 0.40670841759654386 4.3805015087127686
0.41696333560713705 0.4075211826324307 4.391122579574585
0.4182686592368556 0.408987962929842 4.407801151275635
0.41884880307228606 0.40963986528424706 4.4197986125946045
0.41986736902167965 0.4107777363344886 4.431650638580322
0.42044940670704745 0.4114279483631981 4.442259073257446
0.4211745865013355 0.4122428263062044 4.454122543334961
0.42190213360804524 0.41305559134209124 4.465008974075317
0.4227751901360969 0.41403090938515547 4.476805210113525
0.4233572278214646 0.41468112141386493 4.488276958465576
0.42408240761575267 0.4154959993568712 4.499518156051636
0.4248099547224624 0.41630876439275805 4.51089334487915
0.42568301125051405 0.41728408243582227 4.524075984954834
0.4262650489358818 0.41793429446453173 4.535422086715698
0.42713810546393344 0.41890961250759595 4.55065131187439
0.4277201431493012 0.4195598245363054 4.56158447265625
0.4285931996773528 0.42053514257936964 4.572299480438232
0.4290311446351089 0.42102152973025986 4.584089040756226
0.42975869174181863 0.4218342947661467 4.595468521118164
0.4303407294271864 0.42248450679485616 4.606069564819336
0.4309227671125542 0.4231347188235657 4.616608381271362
0.4315048047979219 0.42378493085227514 4.629492521286011
0.43208684248328966 0.4244351428809846 4.640219449996948
0.43266888016865745 0.4250853549096941 4.6510560512542725
0.4332509178540252 0.4257355669384036 4.66194224357605
0.43383295553939294 0.42638577896711305 4.672905921936035
0.4344149932247607 0.4270359909958225 4.684787750244141
0.4349970309101284 0.427686203024532 4.695683717727661
0.4354349758678845 0.42817259017542225 4.706286668777466
0.43601890247822583 0.4288211063766092 4.718003034591675
0.4367464495849356 0.42963387141249604 4.729910850524902
0.43718439454269165 0.43012025856338626 4.740728378295898
0.43776832115303305 0.4307687747645732 4.751593351364136
0.4382048494170589 0.43125643378610534 4.7623560428619385
0.43878688710242664 0.4319066458148148 4.773999452590942
0.43936892478779443 0.4325568578435243 4.785930156707764
0.4396599436304783 0.432881963857879 4.796513080596924
0.44009788858823434 0.4333683510087693 4.808048486709595
0.4406818151985757 0.43401686720995625 4.818920612335205
0.44111834346260154 0.4345045262314884 4.830881834030151
0.44140936230528544 0.43482963224584315 4.841831207275391
0.44184730726304144 0.4353160193967333 4.852413892745972
0.4424312338733829 0.4359645355979203 4.862999677658081
0.4427231971785536 0.43628879369851375 4.874060153961182
0.44330712378889503 0.43693730989970075 4.886447429656982
0.4435990870940657 0.4372615680002942 4.898189067840576
0.44418301370440716 0.4379100842014812 4.909019947052002
0.44447497700957783 0.43823434230207464 4.919888973236084
0.4449115052736037 0.4387220013236068 4.9316980838775635
0.44534945023135974 0.439208388474497 4.946242809295654
0.4459333768417012 0.439856904675684 4.958050489425659
0.446369905105727 0.4403445636972161 4.969523906707764
0.4466609239484109 0.44066966971157084 4.981067657470703
0.44709886890616696 0.44115605686246107 4.992125749588013
0.44768279551650836 0.441804573063648 5.009650945663452
0.4481193237805342 0.44229223208518015 5.020710706710815
0.44841034262321805 0.44261733809953485 5.032414674758911
0.44899238030858585 0.44326755012824437 5.046294689178467
0.4492833991512697 0.4435926561425991 5.0577263832092285
0.44971850702784255 0.4440815829084028 5.06981348991394
0.4501550352918684 0.44456924192993497 5.081054449081421
0.4504460541345523 0.4448943479442897 5.092488050460815
0.4507370729772362 0.4452194539586445 5.1029953956604
0.45102809181992004 0.4455445599729992 5.114102125167847
0.4514631996964929 0.44603348673880294 5.127663612365723
0.45189972796051875 0.4465211457603351 5.139816761016846
0.4521907468032026 0.4468462517746898 5.150811433792114
0.4524817656458865 0.44717135778904454 5.161646604537964
0.4532069454401746 0.4479862357320508 5.185434579849243
0.45364347370420044 0.44847389475358296 5.1963050365448
0.45378850966305806 0.4486368703421842 5.207798004150391
0.4542250379270839 0.44912452936371633 5.218394756317139
0.45437007388594153 0.44928750495231756 5.229490756988525
0.4548066021499674 0.4497751639738497 5.241087198257446
0.454951638108825 0.44993813956245093 5.252178430557251
0.45538816637285084 0.4504257985839831 5.262921333312988
0.45567918521553474 0.45075090459833783 5.2739386558532715
0.4559702040582186 0.45107601061269254 5.286576509475708
0.4562612229009025 0.4514011166270473 5.298089981079102
0.4565522417435864 0.45172622264140205 5.309370756149292
0.45684326058627023 0.45205132865575676 5.319998264312744
0.4571342794289541 0.4523764346701115 5.33078670501709
0.457425298271638 0.4527015406844663 5.34626317024231
0.4578604061482109 0.45319046745027003 5.357916593551636
0.45800591556955284 0.4533530204574474 5.369518041610718
0.45844102344612564 0.45384194722325116 5.380915403366089
0.4585865328674676 0.45400450023042854 5.392607688903809
0.45887755171015143 0.45432960624478325 5.4035890102386475
0.45916667424842866 0.45465639982676864 5.4144127368927
0.45945769309111256 0.4549815058411234 5.430731534957886
0.4597487119337964 0.4553066118554781 5.442473649978638
0.4600397307764803 0.45563171786983286 5.454120397567749
0.4601847667353379 0.4557946934584341 5.464967966079712
0.46047483865305316 0.4561206446356366 5.476728916168213
0.4607649105707684 0.45644659581283914 5.489984512329102
0.46091041999211035 0.4566091488200165 5.500844478607178
0.46120143883479425 0.4569342548343713 5.5116870403289795
0.4613464747936519 0.4570972304229725 5.522249698638916
0.46178300305767767 0.4575848894445046 5.534697771072388
0.4619280390165353 0.4577478650331059 5.547757625579834
0.46207354843787724 0.45791041804028326 5.558721303939819
0.46236456728056113 0.458235524054638 5.569543838500977
0.46250960323941875 0.45839849964323925 5.580353736877441
0.462799675157134 0.4587244508204418 5.592520713806152
0.4630897470748492 0.4590504019976443 5.603094100952148
0.46323525649619113 0.4592129550048217 5.614215612411499
0.46352627533887497 0.4595380610191764 5.6251301765441895
0.4636713112977326 0.45970103660777767 5.635934352874756
0.46381682071907454 0.45986358961495505 5.6481077671051025
0.46410783956175844 0.4601886956293098 5.658981800079346
0.46425287552061606 0.46035167121791104 5.669946670532227
0.464398384941958 0.4605142242250884 5.680771589279175
0.4646894037846419 0.4608393302394432 5.6915764808654785
0.46483443974349953 0.4610023058280444 5.702977180480957
0.4649799491648415 0.4611648588352218 5.714030504226685
0.4652709680075253 0.4614899648495765 5.724981069564819
0.46541600396638294 0.46165294043817773 5.736043691635132
0.4657079672715536 0.46197719853877117 5.7522132396698
0.46585347669289556 0.46213975154594855 5.763032913208008
0.46614449553557946 0.4624648575603033 5.774175643920898
0.46614449553557946 0.4624648575603033 5.785008907318115
0.4664355143782633 0.462789963574658 5.798159122467041
0.4664355143782633 0.462789963574658 5.809104681015015
0.4667265332209472 0.4631150695890128 5.819980621337891



