0 0 1640245027.0315616
0.0 0.0 0.01766180992126465
0.0 0.0 0.039679765701293945
6.346187295736485e-07 0.00021816523348311322 0.051532745361328125
4.442314997366905e-06 0.0008726526268102814 0.06535863876342773
1.3961273750861474e-05 0.0015270818712663252 0.07645726203918457
3.172939534805921e-05 0.002399565592215707 0.08754849433898926
6.345590185329678e-05 0.0034899348988392948 0.09948539733886719
0.00010469634677097019 0.004579985825055507 0.11055231094360352
0.00018462188771263717 0.006105055996604072 0.12492227554321289
0.0002575487104681448 0.00719344631012428 0.13623666763305664
0.00037293940215375374 0.008716243771546613 0.1479489803314209
0.00044899713580214397 0.009585587645177205 0.15876030921936035
0.000604210476410672 0.011104842705770761 0.16996169090270996
0.0007815032905111981 0.012621679670744354 0.18172907829284668
0.0010042799922950533 0.014352732743012618 0.19350576400756836
0.0014398028212100544 0.0171552536808 0.21866273880004883
0.0016962377746971298 0.018660733084469163 0.23002982139587402
0.0020192893582827096 0.02037590417570465 0.24138665199279785
0.002563600892006464 0.02293668860619782 0.260998010635376
0.0029028079126103366 0.024425703622043878 0.2742033004760742
0.003263635137933463 0.02590962775545084 0.28580188751220703
0.003695713597281171 0.027600628170245226 0.29824209213256836
0.004272619445068843 0.0297046307431894 0.31349802017211914
0.00476344975729353 0.03137952172545317 0.3242483139038086
0.005214195368231574 0.03283865006609428 0.3379356861114502
0.005820948817833282 0.03470604516905775 0.34877729415893555
0.00631394207827532 0.03615144641625547 0.3612856864929199
0.00675089423522811 0.03738536124266552 0.37232017517089844
0.0073621214220045885 0.03902016261409031 0.38408422470092773
0.007992328582081657 0.04064774153176364 0.39558839797973633
0.008564413946875552 0.042063702497196875 0.4076874256134033
0.00915703239466278 0.04347119334817398 0.4184281826019287
0.009770058565220976 0.0448699163495051 0.42975521087646484
0.010489211922359238 0.04646019703126661 0.4421372413635254
0.011422709486616908 0.04843205642830594 0.4547855854034424
0.011996535975907866 0.049608575083699154 0.46689796447753906
0.012685892433532466 0.050971298384510165 0.4779818058013916
0.013597596102877417 0.05271029540534674 0.4897806644439697
0.014434853431998339 0.054241691618839634 0.5038659572601318
0.015076117573617483 0.055382854747832895 0.514911413192749
0.01594878219961465 0.056894354218028076 0.5262606143951416
0.01673151819170894 0.05820567091773191 0.5373091697692871
0.017533243051195066 0.05950546488983823 0.5482523441314697
0.018710796316327518 0.061342042002824025 0.5625057220458984
0.019669870409988004 0.06280024331976775 0.5742461681365967
0.020527528421820023 0.06406382942881705 0.5855000019073486
0.021275215949383603 0.06513827642491601 0.5965664386749268
0.02268579929211937 0.06707977783517531 0.6123039722442627
0.02372803765029798 0.06847974690719377 0.6262307167053223
0.024657715638640915 0.06969132685017426 0.6373100280761719
0.025604916391422042 0.07088925750516764 0.6482539176940918
0.026703287678797833 0.07224563308476775 0.6603822708129883
0.027961017543962078 0.0737534227933974 0.6716969013214111
0.02910222009118944 0.07507396470642737 0.6846551895141602
0.029969587706021053 0.07605434545238353 0.6963369846343994
0.03129188935440996 0.07750583867311986 0.7081818580627441
0.0324822010420392 0.07878229168211012 0.7189116477966309
0.033386013279362366 0.07972917943995955 0.7303695678710938
0.03476224540158577 0.0811296434219798 0.7445895671844482
0.03584837688595938 0.08220321014971235 0.7556037902832031
0.03726475889432352 0.08356305434136002 0.7676899433135986
0.03821949774716143 0.08445856911465077 0.7784349918365479
0.03934843691884523 0.08548702595228659 0.7898178100585938
0.040652241627655294 0.0866473136231475 0.8009657859802246
0.04213785127981401 0.08793116648877827 0.8136310577392578
0.043138149318225495 0.0887754868193699 0.8245937824249268
0.04431936659006258 0.08974345008156313 0.8356215953826904
0.045682109244603794 0.09083391175230679 0.8467636108398438
0.046888260067061725 0.09177062265420025 0.857917308807373
0.04810790674475782 0.09268969234787255 0.8699424266815186
0.049513915587676274 0.09372376842413686 0.8821685314178467
0.05111242766995232 0.09486397601137397 0.89457106590271
0.05236848128242871 0.09573262809525278 0.9058787822723389
0.05381542480881139 0.0967086038271879 0.9181060791015625
0.05490907579651918 0.09742790939743327 0.9288628101348877
0.05656507102793558 0.09848289471140768 0.940047025680542
0.0578648650000419 0.09928461957089381 0.9513552188873291
0.05955084361394683 0.10029099441787219 0.9638810157775879
0.06087340565036761 0.1010545759656197 0.9753944873809814
0.06220258074916093 0.101806587053962 0.9863491058349609
0.0637315350042192 0.10264829548554998 0.997952938079834
0.06605372393519192 0.10385715052817035 1.015371322631836
0.06800616783509053 0.10483060314741591 1.0317296981811523
0.0697759235051301 0.10568106131072455 1.0442640781402588
0.07116187486514552 0.10632243947367788 1.0556657314300537
0.07255700777411442 0.10694359266456877 1.0675969123840332
0.07436217549296525 0.10771604572203859 1.0799098014831543
0.07597464946637604 0.10838395431079897 1.0914654731750488
0.07739391470826493 0.10894779231360481 1.1022894382476807
0.07902331993571984 0.10957326237892345 1.1153225898742676
0.0806633929546607 0.11017020013984104 1.1263318061828613
0.08251804697709776 0.11081484940590246 1.1386291980743408
0.08438188054929978 0.1114324565903719 1.151689052581787
0.08583836188003051 0.11189168338997615 1.1642022132873535
0.08730136810911002 0.11232967870264121 1.1761772632598877
0.08919036737176196 0.11286539878335118 1.187758445739746
0.09066316917282288 0.11326923287680254 1.1987030506134033
0.09256695056236454 0.11374978530891623 1.2114677429199219
0.094264056228194 0.1141572243311964 1.2242341041564941
0.09575405165615786 0.1144920985536871 1.2358925342559814
0.09767581935529103 0.1148947437197378 1.2476112842559814
0.09938810601695497 0.11523275050392241 1.2587645053863525
0.10089049982287342 0.1155066847518358 1.2721095085144043
0.10282706707295514 0.1158307549681261 1.2839813232421875
0.10455322538996714 0.11608873105709067 1.2969186305999756
0.1062822684802423 0.11632660537230506 1.3089678287506104
0.10823112829170807 0.1165658952685172 1.3218579292297363
0.10974945465221372 0.11672994460023053 1.3337159156799316
0.11126915478182067 0.11688073795656492 1.344667673110962
0.11300869807194545 0.11702273563136623 1.355682373046875
0.11474977578960185 0.11714448364550782 1.367795467376709
0.11605655811295343 0.11722059504857006 1.3785851001739502
0.11780044027457337 0.11729165280149635 1.390031337738037
0.1199815111354541 0.11734241778927512 1.4063525199890137
0.122163135779878 0.11735511011016776 1.4187536239624023
0.12412655642448298 0.11733797559778465 1.4320712089538574
0.12608952019927566 0.11729228710878375 1.4453859329223633
0.12739771973270408 0.1172466037744277 1.4563887119293213
0.12914065707161673 0.11715526029906578 1.467510461807251
0.13088241362200653 0.11704364346771264 1.4794464111328125
0.13262275357791778 0.11691176839150051 1.4903111457824707
0.13414371174557738 0.11677424249404297 1.5016117095947266
0.13609645092077935 0.11656900133636004 1.5140442848205566
0.1378299788807492 0.11636638097738801 1.5264050960540771
0.13955970660315692 0.11613353724395027 1.5376265048980713
0.14107138280115641 0.11591659902084556 1.5484192371368408
0.14279442265070058 0.11563855608396371 1.5596203804016113
0.1445141107607629 0.11534048394172745 1.5718786716461182
0.14622833487782266 0.11501244450148003 1.5826501846313477
0.14772571905005577 0.11471233158774968 1.5942676067352295
0.14985703107980355 0.11424633135596893 1.6064023971557617
0.15240090102278692 0.11362777039827214 1.624265432357788
0.15430185446941325 0.11313615040993263 1.6399784088134766
0.15661252622112 0.11248810014281833 1.6566638946533203
0.1591161262177254 0.11172267280975627 1.67396879196167
0.16181091388421553 0.11083840861067587 1.690354347229004
0.1636674352660502 0.1101991570342475 1.7063887119293213
0.16530750828499108 0.10960221927332991 1.7179861068725586
0.16714262825360507 0.10890390063547914 1.7300169467926025
0.17077069469377934 0.10740110631076828 1.7566087245941162
0.17237126646743978 0.10670515789656755 1.7677865028381348
0.17396363235041848 0.1059906335144835 1.7801294326782227
0.17573830580775388 0.1051504857066516 1.7942492961883545
0.1784677513862173 0.10377970661607044 1.8123986721038818
0.18020939308444683 0.10287306533410515 1.8278377056121826
0.18155360416566046 0.10214827316431827 1.838850736618042
0.18308010352490156 0.10130212075245407 1.8504869937896729
0.18459160299509675 0.1004294561264569 1.861659288406372
0.18609284646399654 0.09953926387477592 1.8739593029022217
0.18776100463233464 0.09850361791954677 1.8876237869262695
0.18941392403402185 0.09744381998092758 1.899522066116333
0.19087212535096557 0.09648474588726708 1.9123921394348145
0.19249029333834422 0.09537260984172302 1.9272615909576416
0.19373615492815935 0.09448940204099585 1.9384634494781494
0.19514815595380247 0.09346352324627892 1.9498116970062256
0.19689050835051114 0.09215056654103279 1.9624669551849365
0.19809665917296906 0.09121385563913934 1.9754219055175781
0.19962974465932792 0.08998708625955272 1.9876582622528076
0.20064221660661685 0.08915740346338709 1.9984698295593262
0.20214266366423408 0.08789092296749965 2.0098652839660645
0.203456544019704 0.08674205717491232 2.0226094722747803
0.20507358123517117 0.08527753068899221 2.0379936695098877
0.20697260689773325 0.08347542262393853 2.05534291267395
0.2082245596359895 0.08225936812719925 2.067795753479004
0.20930442701679186 0.08117950074639686 2.0799672603607178
0.21067248832562352 0.0797710539158586 2.091710329055786
0.2120199206306959 0.07834285911037064 2.106377601623535
0.2131952998737083 0.07705264291416056 2.1176843643188477
0.21435558754456918 0.07574883820535053 2.130361318588257
0.21549294396830482 0.07442498226029672 2.1416866779327393
0.21661481998631024 0.07308798248539346 2.1526293754577637
0.217579343136333 0.07190395452402086 2.1664748191833496
0.2186578712634876 0.07053174780606489 2.1778342723846436
0.21984863518514414 0.06897053177294947 2.1899189949035645
0.2210165669957978 0.06739216251804143 2.2014811038970947
0.222152119882447 0.06579034047399344 2.217592477798462
0.22314486512116566 0.06435485063116328 2.228806257247925
0.2241124064078023 0.06290225362699434 2.2416741847991943
0.225062980847392 0.06143849735197248 2.252650499343872
0.22587601787789027 0.06014574915248405 2.2646100521087646
0.22667016731752598 0.05884131295712294 2.275869846343994
0.22766671656283372 0.057149508056771756 2.288914918899536
0.22842259087775385 0.05582252608994406 2.3003392219543457
0.22915908575539332 0.05448469111676807 2.311720609664917
0.23008089101334173 0.05275102757224907 2.3225622177124023
0.23077816376296423 0.05139233782367662 2.3363916873931885
0.23164915593468652 0.04963259725871429 2.3479254245758057
0.23221612804355896 0.048452760145354545 2.3588485717773438
0.23304075711021321 0.04667082268247758 2.3702783584594727
0.23366191030110411 0.045275689773508675 2.3816604614257812
0.2343438647693212 0.04366910572617538 2.3942344188690186
0.23500708004225598 0.042054695710221204 2.4058027267456055
0.235566787190163 0.040633796336998804 2.4169063568115234
0.23610576972386624 0.03920490692609087 2.428133487701416
0.23677195474485266 0.037357879114446206 2.4402804374694824
0.23741120632128102 0.03550135773261153 2.451707601547241
0.2378873485823243 0.03405031821988606 2.462613582611084
0.23828097155341366 0.03280190565068829 2.4749083518981934
0.238844108383983 0.03092089764187179 2.487389326095581
0.23926077955786854 0.02945167599314249 2.4983155727386475
0.23976896956455804 0.027555085068278497 2.509694814682007
0.24014273256731314 0.026074366209746097 2.521245002746582
0.24059554577064168 0.024163797074104355 2.53372859954834
0.24092608436145116 0.022672833841751616 2.545945882797241
0.24119451447215162 0.02139165537566283 2.557331085205078
0.24156916705847276 0.019464234908110827 2.5683252811431885
0.24183872986716076 0.01796105061720892 2.579704761505127
0.24212679228164102 0.016239657506025205 2.592177629470825
0.24243670402893347 0.014080120080311655 2.604098081588745
0.24266451521036655 0.012349722362016466 2.6195569038391113
0.24287217733341152 0.010616791134148621 2.6317899227142334
0.2430495640083927 0.008880499636327423 2.6449224948883057
0.2431826650422774 0.007359147857473871 2.6564736366271973
0.2433348500599544 0.00518280071040338 2.6689085960388184
0.24343633193070405 0.0034404242792679483 2.6815779209136963
0.2435029458493365 0.0019147147046481693 2.694188356399536
0.2435587828470129 0.00017027885671406498 2.7057385444641113
0.2435854355180515 -0.001356651644444554 2.7168281078338623
0.24359558937476564 -0.0031019513599836383 2.7280426025390625
0.24357845486238253 -0.005065372004588623 2.7412972450256348
0.24355180219134392 -0.00659230250574722 2.7521920204162598
0.24350294481837706 -0.008118683872689565 2.7639825344085693
0.243423004846335 -0.010080551304511982 2.775498628616333
0.24336210335508232 -0.01138813074556457 2.7866244316101074
0.24325363863900265 -0.013348628035677802 2.798578977584839
0.24314708883716094 -0.01509070189679692 2.810029983520508
0.24304055932478705 -0.01661414489974631 2.82145619392395
0.24291881131064544 -0.018355222617402713 2.832444906234741
0.24278693623443331 -0.020095562573313967 2.8459174633026123
0.2426550611582212 -0.021835902529225196 2.8577401638031006
0.24252318608200907 -0.023576242485136425 2.8687734603881836
0.2424033662465076 -0.025098697846472964 2.880016326904297
0.2422765541648149 -0.026839414047869346 2.8923232555389404
0.24216116347312927 -0.028362211509291673 2.9041755199432373
0.24201849988122495 -0.030320517235862633 2.9154915809631348
0.24191197036885106 -0.031843960238812 2.9265835285186768
0.24182065935824487 -0.033149768527054306 2.937800407409668
0.24168939107728496 -0.03510887109139067 2.949971914291382
0.24159172634985096 -0.03663290807298175 2.9614450931549072
0.2414902444791013 -0.03837528450411718 2.9723193645477295
0.2413970134024898 -0.03989959913259643 2.9841761589050293
0.24130060032153008 -0.041642263390474846 2.9966819286346436
0.24118008397033044 -0.04382059371282285 3.0119590759277344
0.24110015842938878 -0.04534566388437142 3.023859977722168
0.241003101195429 -0.047306759015289745 3.035844326019287
0.2409320494556342 -0.04883226836318445 3.048031806945801
0.24082737044064037 -0.05122981198044411 3.0641818046569824
0.24076519490682988 -0.052755708871861526 3.0766472816467285
0.24069858098819744 -0.05428141844648128 3.087859630584717
0.24062245079547465 -0.056025086531761 3.0998215675354004
0.24055139905567988 -0.05755059587965569 3.111259937286377
0.24046575258886674 -0.05951222247559542 3.1241753101348877
0.24039470084907197 -0.06103773182349011 3.1356759071350098
0.24032808693043953 -0.06256344139810988 3.147871255874634
0.24026591139662903 -0.06408933828952731 3.158740758895874
0.2401992974779966 -0.06561504786414706 3.1700284481048584
0.2401041347370931 -0.0677946329707467 3.184216022491455
0.2400419592032826 -0.06932052986216414 3.1966018676757812
0.23998105771202993 -0.07062810930321677 3.2079017162323
0.23989985572369305 -0.07237154855795357 3.2187488079071045
0.23982436676394656 -0.07389684477089002 3.229994297027588
0.23973809366709342 -0.07564004044281743 3.241443157196045
0.239630252296027 -0.0778190350327267 3.2585995197296143
0.2395592005562322 -0.0793445443806214 3.269865036010742
0.2394779985678953 -0.0810879836353582 3.2813057899475098
0.23940250960814882 -0.08261327984829468 3.2938733100891113
0.2393162365112957 -0.08435647552022207 3.3063528537750244
0.2392451847715009 -0.0858819848681168 3.317451238632202
0.23916969581175437 -0.08740728108105329 3.328357458114624
0.23908342271490124 -0.0891504767529807 3.339644193649292
0.23901237097510644 -0.09067598610087539 3.3517186641693115
0.23893688201535995 -0.09220128231381187 3.362543821334839
0.23885060891850682 -0.09394447798573928 3.374751091003418
0.23878590409586695 -0.09525187473968483 3.386171579360962
0.23871485235607215 -0.09677738408757955 3.3972792625427246
0.23859622684789908 -0.09917427813647975 3.4134955406188965
0.23852517510810428 -0.10069978748437444 3.425248861312866
0.2384496861483578 -0.10222508369731093 3.436528205871582
0.23836341305150466 -0.10396827936923833 3.447816848754883
0.23825176031754142 -0.10636550834450144 3.4657645225524902
0.23817055832920453 -0.10810894759923824 3.4768526554107666
0.23809506936945804 -0.10963424381217472 3.488109588623047
0.23803036454681817 -0.11094164056612027 3.498948812484741
0.23794409144996503 -0.11268483623804768 3.5114386081695557
0.23787303971017024 -0.11421034558594237 3.5224215984344482
0.23779755075042375 -0.11573564179887885 3.534223794937134
0.2377112776535706 -0.11747883747080631 3.54573917388916
0.23762500455671748 -0.1192220331427337 3.5578479766845703
0.2375679069121754 -0.12052978420669347 3.568779230117798
0.2374968551723806 -0.1220552935545882 3.580018997192383
0.2374156531840437 -0.123798732809325 3.591442346572876
0.2373401642242972 -0.12532402902226147 3.6022775173187256
0.23726911248450241 -0.12684953837015617 3.6154561042785645
0.23720821099324974 -0.12815711781120878 3.62658429145813
0.23712700900491285 -0.12990055706594555 3.637763500213623
0.2370603950862804 -0.13142626664056534 3.648770570755005
0.23697412198942727 -0.13316946231249277 3.661376953125
0.23690307024963247 -0.13469497166038746 3.672431468963623
0.23682758128988599 -0.13622026787332395 3.684215784072876
0.23671592855592274 -0.13861749684858704 3.7006564140319824
0.23661442607050162 -0.14079679591700806 3.7182750701904297
0.23649580056232855 -0.14319368996590826 3.7348694801330566
0.23638795919126213 -0.1453726845558175 3.750481605529785
0.2362801178201957 -0.14755167914572678 3.768139362335205
0.23617227644912928 -0.14973067373563603 3.7839787006378174
0.23608600335227614 -0.1514738694075634 3.795506000518799
0.23601495161248134 -0.15299937875545813 3.806588649749756
0.23591344912706022 -0.15517867782387915 3.8223326206207275
0.23584683520842778 -0.1567043873984989 3.8342127799987793
0.23577578346863298 -0.1582298967463936 3.8459243774414062
0.2357148819773803 -0.1595374761874462 3.8569610118865967
0.23563367998904342 -0.16128091544218298 3.869788408279419
0.23555247800070653 -0.16302435469691978 3.8810019493103027
0.23549157650945385 -0.1643319341379724 3.892143726348877
0.23541037452111696 -0.16607537339270922 3.90396785736084
0.23533488556137047 -0.1676006696056457 3.9164469242095947
0.23526383382157567 -0.1691261789535404 3.927703857421875
0.2351826318332388 -0.1708696182082772 3.9385740756988525
0.2351071428734923 -0.17239491442121369 3.9498291015625
0.2350360911336975 -0.17392042376910838 3.961886405944824
0.2349548891453606 -0.17566386302384515 3.973875045776367
0.23489398765410793 -0.17697144246489777 3.985001802444458
0.23481278566577105 -0.17871488171963457 3.996307611465454
0.23475188417451837 -0.18002246116068718 4.007423639297485
0.2346548269405586 -0.18198355629160554 4.019564390182495
0.2345837752007638 -0.18350906563950023 4.030947923660278
0.23449243172540188 -0.18525200297841285 4.044157981872559
0.23440108825003997 -0.1869949403173255 4.055474042892456
0.23432559929029348 -0.18852023653026198 4.0676727294921875
0.23419618964501376 -0.1911350300381531 4.0856733322143555
0.2341314848223739 -0.19244242679209866 4.096766471862793
0.23405155928143223 -0.19396749696364726 4.107873439788818
0.23396021580607032 -0.19571043430255985 4.119898319244385
0.23386315857211054 -0.1976715294334782 4.13427734375
0.23378323303116888 -0.1991965996050268 4.145872116088867
0.2337077440714224 -0.2007218958179632 4.156872510910034
0.23362147097456926 -0.20246509148989067 4.169808626174927
0.23353519787771612 -0.2042082871618181 4.1813273429870605
0.23346414613792132 -0.20573379650971282 4.194228172302246
0.23338294414958444 -0.20747723576444957 4.205770015716553
0.23328588691562463 -0.20943833089536798 4.2215447425842285
0.2331996138187715 -0.21118152656729533 4.232555389404297
0.2331285620789767 -0.21270703591519002 4.24467396736145
0.23305307311923018 -0.21423233212812653 4.2558252811431885
0.23296680002237705 -0.2159755278000539 4.268100261688232
0.23289574828258228 -0.2175010371479486 4.278874158859253
0.23282025932283576 -0.21902633336088512 4.291322946548462
0.23274920758304096 -0.2205518427087798 4.302340507507324
0.23266800559470407 -0.22229528196351658 4.314176559448242
0.2325868036063672 -0.2240387212182534 4.326680421829224
0.23251131464662067 -0.22556401743118992 4.337859869003296
0.23244026290682587 -0.22708952677908464 4.34876012802124
0.23236477394707938 -0.22861482299202104 4.360068082809448
0.23227342171020038 -0.2305761921536 4.372290134429932
0.2322125202189477 -0.2318837715946526 4.384130954742432
0.2321313182306108 -0.23362721084938937 4.395627021789551
0.23205011624227392 -0.2353706501041262 4.406678915023804
0.2319746272825274 -0.2368959463170627 4.417905569076538
0.23190992245988754 -0.23820334307100827 4.430081844329834
0.2318236493630344 -0.23994653874293562 4.441481351852417
0.2317525976232396 -0.24147204809083034 4.452424764633179
0.2316771086634931 -0.24299734430376685 4.464189291000366
0.23158575642661408 -0.2449587134653457 4.4772515296936035
0.23151026746686756 -0.2464840096782822 4.488148927688599
0.23142399437001443 -0.24822720535020965 4.498962879180908
0.23135928954737456 -0.2495346021041552 4.510543584823608
0.23125652813759243 -0.2514954066104319 4.522520542144775
0.23118103917784594 -0.2530207028233684 4.534273862838745
0.23110998743805114 -0.2545462121712631 4.545636415481567
0.23102878544971425 -0.25628965142599985 4.556848049163818
0.23095329648996776 -0.25781494763893636 4.568161249160767
0.2308670233931146 -0.2595581433108638 4.580806493759155
0.23080231857047473 -0.2608655400648094 4.591946601867676
0.2307160454736216 -0.2626087357367367 4.60359001159668
0.23060820410255517 -0.264787730326646 4.618306636810303
0.23052193100570204 -0.2665309259985734 4.630587339401245
0.23044200546476037 -0.26805599617012205 4.641894817352295
0.23036651650501389 -0.2695812923830585 4.653899908065796
0.2302954647652191 -0.2711068017309532 4.665318250656128
0.2302142627768822 -0.27285024098568994 4.67749547958374
0.2301330607885453 -0.2745936802404268 4.688570261001587
0.23005185880020843 -0.27633711949516354 4.702171564102173
0.22997065681187154 -0.27808055874990034 4.714102029800415
0.22989516785212502 -0.27960585496283685 4.726342439651489
0.2298088947552719 -0.2813490506347642 4.737714529037476
0.2297517971107298 -0.28265680169872404 4.748755931854248
0.22968074537093502 -0.2841823110466187 4.760052680969238
0.22959954338259814 -0.28592575030135553 4.7714691162109375
0.22951834139426125 -0.2876691895560923 4.784076690673828
0.22944285243451473 -0.2891944857690288 4.795404672622681
0.22937180069471994 -0.2907199951169235 4.806701183319092
0.22931089920346726 -0.29202757455797607 4.81803297996521
0.22922969721513037 -0.29377101381271287 4.829996109008789
0.22914849522679348 -0.2955144530674496 4.8413941860198975
0.22908188130816104 -0.2970401626420694 4.852324724197388
0.22901082956836624 -0.2985656719899641 4.864166736602783
0.22892962758002935 -0.3003091112447009 4.876506090164185
0.22886872608877668 -0.3016166906857535 4.887898921966553
0.2287875241004398 -0.30336012994049033 4.898727655410767
0.22871203514069327 -0.30488542615342684 4.910005331039429
0.22862576204384014 -0.30662862182535416 4.921495199203491
0.228539488946987 -0.3083718174972816 4.9341888427734375
0.22847478412434713 -0.3096792142512272 4.945757150650024
0.22840373238455233 -0.3112047235991219 4.956809997558594
0.22832253039621545 -0.3129481628538587 4.9679460525512695
0.22824704143646896 -0.31447345906679514 4.979984760284424
0.22816076833961582 -0.3162166547387225 4.9921088218688965
0.2280744952427627 -0.31795985041064995 5.003903150558472
0.22798314300588368 -0.31992121957222885 5.018678188323975
0.22789179953052177 -0.3216641569111415 5.0314648151397705
0.227794742296562 -0.3236252520420599 5.045361280441284
0.22770846919970886 -0.3253684477139872 5.0575549602508545
0.22763741745991406 -0.3268939570618819 5.06878137588501
0.22754607398455215 -0.3286368944007945 5.081862688064575
0.22744901675059237 -0.33059798953171293 5.095886707305908
0.22736274365373924 -0.33234118520364037 5.108568906784058
0.2272371463751166 -0.3347377240446453 5.125691890716553
0.22714008914115683 -0.33669881917556355 5.13847541809082
0.22706016360021516 -0.33822388934711217 5.149775981903076
0.22698467464046868 -0.3397491855600486 5.161273241043091
0.22685526499518896 -0.34236397906793975 5.1787943840026855
0.22676899189833583 -0.34410717473986707 5.191864013671875
0.2266827188014827 -0.3458503704117945 5.202683210372925
0.22659644570462956 -0.3475935660837219 5.214748382568359
0.22651017260777642 -0.3493367617556493 5.226806402206421
0.2264238995109233 -0.35107995742757675 5.240983486175537
0.22629830223230066 -0.3534764962685817 5.256221055984497
0.22623740074104798 -0.3547840757096343 5.2686851024627686
0.2261561987527111 -0.3565275149643711 5.279985666275024
0.22605469626728997 -0.3587068140327921 5.29478907585144
0.22597920730754348 -0.36023211024572854 5.306667804718018
0.22589293421069034 -0.361975305917656 5.318201303482056
0.2258066611138372 -0.3637185015895834 5.3293914794921875
0.22574195629119734 -0.365025898343529 5.341645002365112
0.2256556831943442 -0.3667690940154563 5.353510856628418
0.22556941009749107 -0.36851228968738375 5.364293098449707
0.22548313700063793 -0.37025548535931113 5.377997159957886
0.22540321145969627 -0.3717805555308597 5.390023469924927
0.22531186798433436 -0.37352349286977243 5.401895999908447
0.2252034032682547 -0.3754839901598856 5.4138877391815186
0.22509556189718827 -0.37766298474979487 5.429450511932373
0.22499280048740614 -0.37962378925607154 5.443832635879517
0.22490145701204423 -0.3813667265949841 5.4562904834747314
0.22482596805229774 -0.38289202280792056 5.467750072479248
0.22475491631250294 -0.3844175321558153 5.478614091873169
0.22465785907854316 -0.3863786272867337 5.4912474155426025
0.22458680733874836 -0.3879041366346284 5.502230405807495
0.22451829973222692 -0.3892113396388129 5.514085531234741
0.224426956256865 -0.39095427697772556 5.525703430175781
0.2243356127815031 -0.3926972143166381 5.537782430648804
0.2242601238217566 -0.3942225105295746 5.548714637756348
0.22417385072490348 -0.39596570620150207 5.559977293014526
0.22409392518396182 -0.3974907763730507 5.571391344070435
0.2240025817085999 -0.39923371371196326 5.582346200942993
0.223911238233238 -0.40097665105087593 5.595715522766113
0.2238198947578761 -0.4027195883897885 5.607532739639282
0.22375138715135465 -0.40402679139397296 5.618419170379639
0.22366004367599274 -0.40576972873288564 5.629711389541626
0.22356870020063083 -0.40751266607179837 5.641948938369751
0.22349321124088434 -0.4090379622847348 5.653882741928101
0.22342215950108954 -0.4105634716326295 5.665006160736084
0.22334095751275265 -0.41230691088736626 5.676339149475098
0.22325975552441576 -0.41405035014210306 5.687542915344238
0.22317855353607888 -0.41579378939683986 5.699621915817261
0.223097351547742 -0.4175372286515767 5.7117345333099365
0.2230161495594051 -0.4192806679063135 5.722514867782593
0.22295524806815242 -0.4205882473473661 5.73453426361084
0.22287404607981554 -0.42233168660210285 5.746639966964722
0.22279855712006902 -0.42385698281503936 5.757885217666626
0.2226907157490026 -0.42603597740494864 5.771323919296265
0.22258287437793617 -0.42821497199485786 5.787450790405273
0.22245346473265645 -0.430829765502749 5.8049867153167725
0.22230248681316345 -0.433880357928622 5.827348709106445
0.22217307716788373 -0.43649515143651313 5.845473051071167
0.22208172493100473 -0.438456520598092 5.861460208892822
0.22200052294266784 -0.4401999598528288 5.873243808746338
0.22191932095433095 -0.4419433991075656 5.886476516723633
0.22183811896599406 -0.4436868383623023 5.898453712463379
0.22176263000624755 -0.44521213457523884 5.909765958786011
0.2216763569093944 -0.44695533024716616 5.921253204345703
0.22161165208675454 -0.44826272700111175 5.932147741317749
0.22152537898990138 -0.45000592267303924 5.945348739624023
0.2214606741672615 -0.45131331942698477 5.95642614364624
0.22137440107040837 -0.45305651509891215 5.967690706253052
0.2213033493306136 -0.45458202444680684 5.978526592254639
0.22122786037086709 -0.45610732065974335 5.989971399307251
0.22114158727401395 -0.4578505163316708 6.002133369445801
0.22105531417716082 -0.4595937120035981 6.014126300811768
0.22097538863621916 -0.46111878217514674 6.025463581085205
0.22089989967647267 -0.4626440783880832 6.036535263061523
0.22081362657961953 -0.46438727406001057 6.048477649688721
0.22073370103867787 -0.4659123442315592 6.059847593307495
0.22064235756331596 -0.46765528157047187 6.071532487869263
0.22056686860356947 -0.4691805777834083 6.082446575164795
0.2204869430626278 -0.47070564795495684 6.094243049621582
0.22041145410288132 -0.4722309441678933 6.10667872428894
0.2203251810060282 -0.47397413983982073 6.118534564971924
0.22024525546508653 -0.47549921001136924 6.1299889087677
0.22010824025204367 -0.47811361601973823 6.147677659988403
0.22001689677668176 -0.4798565533586509 6.159776210784912
0.21994140781693525 -0.4813818495715874 6.170975685119629
0.21987670299429538 -0.48268924632553295 6.182101011276245
0.21976886162322895 -0.48486824091544223 6.1941235065460205
0.21968258852637582 -0.48661143658736966 6.208643674850464
0.21957093579241257 -0.4890086655626327 6.22548246383667
0.21949544683266606 -0.49053396177556924 6.236730575561523
0.21940917373581292 -0.49227715744749656 6.248965501785278
0.2193229006389598 -0.494020353119424 6.261754512786865
0.21923662754210665 -0.49576354879135137 6.272578001022339
0.219156702001165 -0.4972886189629 6.2842559814453125
0.2190812130414185 -0.49881391517583645 6.296623468399048
0.2190101613016237 -0.5003394245237311 6.308776378631592
0.21892895931328682 -0.502082863778468 6.320768117904663
0.21884775732494993 -0.5038263030332047 6.331903696060181
0.21877226836520342 -0.5053515992461413 6.343567132949829
0.21868599526835028 -0.5070947949180686 6.3557960987091064
0.2186149435285555 -0.5086203042659634 6.367278575897217
0.218539454568809 -0.5101456004788999 6.378291368484497
0.2184684028290142 -0.5116711098267946 6.389546155929565
0.21839291386926768 -0.5131964060397312 6.40185284614563
0.21830664077241455 -0.5149396017116585 6.413775682449341
0.2182203676755614 -0.516682797383586 6.425294399261475
0.21815566285292154 -0.5179901941375316 6.436673879623413
0.2180693897560684 -0.5197333898094589 6.44786810874939
0.21798311665921527 -0.5214765854813864 6.459869623184204
0.2179031911182736 -0.523001655652935 6.471277475357056
0.21782770215852712 -0.5245269518658715 6.48220419883728
0.21774777661758546 -0.52605202203742 6.494245767593384
0.21765643314222355 -0.5277949593763326 6.506664276123047
0.21756508966686164 -0.5295378967152452 6.517880916595459
0.21748960070711515 -0.5310631929281817 6.528773069381714
0.21741729089639536 -0.5323701911215906 6.540042877197266
0.2173145294866132 -0.5343309956278673 6.551661968231201
0.21723016804077344 -0.5358558268535109 6.56421160697937
0.21715024249983178 -0.5373808970250594 6.575566291809082
0.21705889902446987 -0.539123834363972 6.5867228507995605
0.2169745375786301 -0.5406486655896157 6.59787130355835
0.21687812449767038 -0.542391329847494 6.610118389129639
0.21677536308788822 -0.5443521343537708 6.6259050369262695
0.2166840196125263 -0.5460950716926835 6.638005256652832
0.2165926761371644 -0.5478380090315961 6.649376630783081
0.2165013326618025 -0.5495809463705087 6.661593437194824
0.21640998918644058 -0.5513238837094213 6.67253565788269
0.21634148157991914 -0.5526310867136058 6.684229135513306
0.21625013810455723 -0.5543740240525186 6.6956706047058105
0.21615879462919532 -0.5561169613914312 6.707775592803955
0.21608330566944883 -0.5576422576043677 6.718641519546509
0.2159577083908262 -0.5600387964453726 6.735926389694214
0.2158663649154643 -0.5617817337842852 6.747346639633179
0.21577502144010238 -0.5635246711231978 6.758814096450806
0.21568367796474047 -0.5652676084621104 6.7723822593688965
0.21559233448937856 -0.5670105458010231 6.784165382385254
0.21550099101401665 -0.5687534831399357 6.795687437057495
0.21540964753865474 -0.5704964204788483 6.807856321334839
0.21533415857890825 -0.5720217166917848 6.818706274032593
0.2152542330379666 -0.5735467868633333 6.830031871795654
0.21516987159212683 -0.5750716180889769 6.841521263122559
0.2150734585111671 -0.5768142823468553 6.853962182998657
0.2149770454302074 -0.5785569466047337 6.866272687911987
0.21489711988926574 -0.5800820167762822 6.87734317779541
0.21480577641390383 -0.5818249541151949 6.888322830200195
0.21471443293854192 -0.5835678914541075 6.899760961532593
0.2145317459878181 -0.5870537661319328 6.926054954528809
0.2144404025124562 -0.5887967034708455 6.937818765640259
0.2143649135527097 -0.590321999683782 6.948774814605713
0.21427864045585657 -0.5920651953557095 6.961313009262085
0.21419236735900343 -0.5938083910276368 6.972468852996826
0.21412766253636356 -0.5951157877815824 6.9842493534088135
0.2140477369954219 -0.5966408579531309 6.995560169219971
0.2139722480356754 -0.5981661541660674 7.0067455768585205
0.21385173168447577 -0.6003444844884155 7.018730163574219
0.21376037944759677 -0.6023058536499943 7.0356152057647705
0.21368489048785028 -0.6038311498629307 7.047554969787598
0.21360496494690862 -0.6053562200344793 7.05835223197937
0.21352376295857173 -0.6070996592892162 7.070448160171509
0.2134482739988252 -0.6086249555021527 7.081660747528076
0.21336200090197208 -0.61036815117408 7.093538761138916
0.21329094916217728 -0.6118936605219748 7.104537487030029
0.2132097471738404 -0.6136370997767117 7.116537809371948
0.2131488456825877 -0.6149446792177643 7.127810955047607
0.21305178844862793 -0.6169057743486827 7.140848398208618
0.2129490270388458 -0.6188665788549593 7.154106140136719
0.21282722405634047 -0.6214817377370645 7.173580884933472
0.21274602206800358 -0.6232251769918014 7.18545389175415
0.21269844069755184 -0.6243149695451011 7.196548700332642
0.21262738895775704 -0.6258404788929959 7.207903861999512
0.2125227099427632 -0.6282380225102555 7.22407865524292
0.21244657975004042 -0.6299816905955352 7.235404968261719
0.21231462651899297 -0.6328147793844825 7.252182960510254
0.21224801260036052 -0.6343404889591022 7.26809024810791
0.21215666036348152 -0.6363018581206812 7.281489372253418
0.21207101389666838 -0.6382634847166209 7.294703722000122
0.21199996215687358 -0.6397889940645156 7.3058021068573
0.21193334823824114 -0.6413147036391353 7.317861080169678
0.21185721804551835 -0.643058371724415 7.3289361000061035
0.21180012040097626 -0.6443661227883748 7.340128183364868
0.21172399020825347 -0.6461097908736545 7.351503849029541
0.21165293846845867 -0.6476353002215492 7.362339496612549
0.21157173648012179 -0.649378739476286 7.375322103500366
0.2114905344917849 -0.6511221787310228 7.386657238006592
0.21142392057315246 -0.6526478883056426 7.3978705406188965
0.21136682292861037 -0.6539556393696023 7.4087440967559814
0.21125517019464712 -0.6563528683448654 7.425791263580322
0.21117396820631024 -0.6580963075996021 7.4369659423828125
0.21109276621797335 -0.659839746854339 7.448862552642822
0.21101727725822683 -0.6613650430672755 7.460262775421143
0.21092592502134783 -0.6633264122288544 7.4723060131073
0.2108504360616013 -0.6648517084417909 7.484090566635132
0.21076416296474818 -0.6665949041137181 7.495450735092163
0.2106994581421083 -0.6679023008676637 7.506737232208252
0.2106284064023135 -0.6694278102155584 7.518642425537109
0.21054720441397662 -0.6711712494702952 7.529966115951538
0.21046600242563973 -0.672914688725032 7.541402816772461
0.21039051346589324 -0.6744399849379684 7.552361965179443
0.2103042403690401 -0.6761831806098959 7.564302444458008
0.21021796727218697 -0.6779263762818232 7.576781988143921
0.2101532624495471 -0.6792337730357687 7.587904453277588
0.2100822107097523 -0.6807592823836635 7.598716974258423
0.2100067217500058 -0.6822845785966 7.609995365142822
0.20989888037893936 -0.6844635731865092 7.622259616851807
0.20982782863914456 -0.6859890825344039 7.634215354919434
0.20975233967939805 -0.6875143787473404 7.645914316177368
0.20968763485675818 -0.688821775501286 7.656979322433472
0.20960136175990504 -0.6905649711732132 7.66807746887207
0.2095150886630519 -0.6923081668451407 7.680318117141724
0.20942881556619877 -0.694051362517068 7.691846132278442
0.20934254246934564 -0.6957945581889955 7.702606439590454
0.20927783764670577 -0.697101954942941 7.7142722606658936
0.20915224036808314 -0.6994984937839459 7.730940103530884
0.20906089689272123 -0.7012414311228586 7.742296457290649
0.20896955341735932 -0.7029843684617711 7.755429029464722
0.2088940644576128 -0.7045096646747077 7.766536474227905
0.20880779136075966 -0.7062528603466351 7.778528928756714
0.2087367396209649 -0.7077783696945298 7.790922403335571
0.208655537632628 -0.7095218089492665 7.802062511444092
0.20857433564429112 -0.7112652482040033 7.814134836196899
0.20845571013611805 -0.7136621422529036 7.829994201660156
0.20839100531347818 -0.7149695390068491 7.8415446281433105
0.20827935257951494 -0.7173667679821122 7.8574957847595215
0.2081575495970096 -0.7199819268642174 7.872178554534912
0.20807634760867272 -0.7217253661189541 7.888545513153076
0.2079748451232516 -0.7239046651873751 7.904519319534302
0.20787334263783047 -0.7260839642557961 7.918620586395264
0.20775153965532514 -0.7286991231379013 7.936547040939331
0.20769063816407246 -0.730006702578954 7.9484593868255615
0.20761514920432597 -0.7315319987918903 7.9600629806518555
0.20752887610747284 -0.7332751944638177 7.971482753753662
0.20744260301061967 -0.7350183901357452 7.9839928150177
0.20735632991376654 -0.7367615858076725 7.995368719100952
0.20729162509112667 -0.738068982561618 8.00629711151123
0.20720535199427353 -0.7398121782335455 8.017299175262451
0.20713430025447876 -0.7413376875814401 8.028743982315063
0.20705881129473225 -0.7428629837943767 8.039924621582031
0.2069725381978791 -0.744606179466304 8.051431894302368
0.20690783337523924 -0.7459135762202496 8.062148809432983
0.2068215602783861 -0.747656771892177 8.074138879776001
0.20675685545574624 -0.7489641686461226 8.086350440979004
0.20668580371595147 -0.7504896779940172 8.097360372543335
0.20661031475620498 -0.7520149742069536 8.108257055282593
0.20655956351349442 -0.7531046237411642 8.11890196800232
0.20647836152515753 -0.7548480629959009 8.131371259689331
0.20641746003390485 -0.7561556424369535 8.142145872116089
0.2063508461152724 -0.7576813520115733 8.153786182403564
0.20629374847073031 -0.758989103075533 8.164965629577637
0.20619858572982683 -0.7611686881821327 8.18154263496399
0.20614148808528474 -0.7624764392460924 8.19234037399292
0.20608439044074264 -0.7637841903100522 8.205305814743042
0.20602729279620055 -0.7650919413740119 8.216241598129272
0.20593213005529706 -0.7672715264806117 8.234318494796753
0.20585599986257427 -0.7690151945658913 8.24976110458374
0.20579890221803218 -0.770322945629851 8.261266708374023
0.20574815097532162 -0.7714125951640616 8.272062063217163
0.20568153705668918 -0.7729383047386813 8.285467147827148
0.2056244394121471 -0.774246055802641 8.297780275344849
0.205567341767605 -0.7755538068666008 8.30843472480774
0.20551659052489443 -0.7766434564008112 8.319533109664917
0.2054690091544427 -0.777733248954111 8.331732034683228
0.2053979574146479 -0.7792587583020057 8.342418909072876
0.20535735642047945 -0.7801304779293742 8.354223728179932
0.2053097750500277 -0.781220270482674 8.36590027809143
0.2052526774054856 -0.7825280215466337 8.376821756362915
0.20520192616277505 -0.7836176710808441 8.38856291770935
0.2051543447923233 -0.784707463634144 8.399717330932617
0.2051162796959619 -0.7855792976767838 8.411007642745972
0.20505918205141982 -0.7868870487407436 8.421969175338745
0.20502111695505842 -0.7877588827833834 8.434298753738403
0.20497036571234786 -0.7888485323175939 8.445467710494995
0.20492278434189612 -0.7899383248708937 8.456626892089844
0.20488471924553472 -0.7908101589135336 8.467878580093384
0.2048403081499558 -0.791900085264546 8.479420900344849
0.20479272677950405 -0.7929898778178458 8.491550207138062
0.20475466168314266 -0.7938617118604856 8.502327919006348
0.20471659658678126 -0.7947335459031256 8.513972997665405
0.2046658453440707 -0.795823195437336 8.525388479232788
0.20461826397361896 -0.7969129879906358 8.537363052368164
0.20458781322799263 -0.7975667777111621 8.548099040985107
0.2045402318575409 -0.798656570264462 8.558876037597656
0.2045021667611795 -0.7995284043071018 8.569993734359741
0.20445141551846893 -0.8006180538413122 8.580998420715332
0.2044108145243005 -0.8014897734686807 8.593866348266602
0.20437021353013204 -0.802361493096049 8.604766368865967
0.2043296125359636 -0.8032332127234174 8.615730047225952
0.20428203116551186 -0.8043230052767172 8.630274534225464
0.2042312799228013 -0.8054126548109276 8.642258644104004
0.20419067892863285 -0.806284374438296 8.654139518737793
0.2041500779344644 -0.8071560940656645 8.669900894165039
0.20410947694029596 -0.8080278136930328 8.680992603302002
0.20406887594612752 -0.8088995333204012 8.6926748752594
0.20402827495195908 -0.8097712529477695 8.704241514205933
0.20398767395779063 -0.810642972575138 8.715796709060669
0.2039470729636222 -0.8115146922025064 8.726756811141968
0.20390647196945375 -0.8123864118298747 8.738845348358154
0.2038658709752853 -0.8132581314572431 8.752086877822876
0.20382526998111686 -0.8141298510846116 8.764792203903198
0.20379291756979692 -0.8147835494615843 8.776431560516357
0.2037624668241706 -0.8154373391821106 8.787455081939697
0.20372186583000215 -0.816309058809479 8.80131983757019
0.2036933170077311 -0.816962934341459 8.812207698822021
0.20366286626210478 -0.8176167240619853 8.82393741607666
0.20362226526793634 -0.8184884436893537 8.835619926452637
0.2035816642737679 -0.819360163316722 8.8479585647583
0.20356136377668366 -0.8197960231304062 8.858668327331543
0.20354106327959942 -0.8202318829440904 8.869855165481567
0.20350046228543098 -0.8211036025714588 8.881736755371094
0.20345986129126253 -0.8219753221988272 8.894227027893066
0.2034395607941783 -0.8224111820125114 8.90546202659607
0.20341926029709406 -0.8228470418261956 8.916380405426025
0.20339071147482302 -0.8235009173581755 8.92735242843628
0.2033602607291967 -0.8241547070787019 8.938125133514404
0.20333996023211245 -0.8245905668923861 8.950097799301147
0.2033114114098414 -0.8252444424243659 8.961379051208496
0.20328096066421505 -0.8258982321448923 8.972304344177246
0.203252411841944 -0.8265521076768721 8.984716653823853
0.2032333792937633 -0.8269880246981921 8.996648788452148
0.2032143467455826 -0.8274239417195121 9.007854461669922
0.2031838959999563 -0.8280777314400383 9.018566608428955
0.20314329500578784 -0.8289494510674067 9.034231662750244
0.2031147461835168 -0.8296033265993866 9.046788454055786
0.20310459593497468 -0.8298212565062287 9.057983160018921
0.20307604711270363 -0.8304751320382086 9.068891763687134
0.20305701456452294 -0.8309110490595285 9.080021142959595
0.2030265638188966 -0.8315648387800548 9.09135627746582
0.20300626332181237 -0.832000698593739 9.103846073150635
0.20298596282472814 -0.8324365584074233 9.114946603775024
0.2029656623276439 -0.8328724182211075 9.12624454498291
0.20294536183055967 -0.8333082780347917 9.136926651000977
0.20291681300828862 -0.8339621535667716 9.148707628250122
0.2029066627597465 -0.8341800834736137 9.159871339797974
0.20287811393747546 -0.8348339590055937 9.170949935913086
0.20285908138929476 -0.8352698760269136 9.18194031715393
0.20282863064366843 -0.8359236657474399 9.19978141784668
0.2028000818213974 -0.8365775412794197 9.21193242073059
0.20278993157285527 -0.8367954711862619 9.222628593444824
0.20276138275058422 -0.8374493467182419 9.234232664108276
0.2027512325020421 -0.8376672766250839 9.247613191604614
0.20273093200495787 -0.8381031364387681 9.258426904678345
0.20271063150787363 -0.8385389962524523 9.269481420516968
0.2026903310107894 -0.8389748560661365 9.280285596847534
0.20267003051370516 -0.8394107158798207 9.292531490325928
0.20264148169143412 -0.8400645914118008 9.306257009506226
0.202631331442892 -0.8402825213186428 9.318235635757446
0.20260278262062095 -0.8409363968506227 9.32890796661377
0.20259263237207883 -0.8411543267574648 9.340031623840332
0.2025723318749946 -0.841590186571149 9.351940870285034
0.20255203137791036 -0.8420260463848332 9.362584114074707
0.20253173088082613 -0.8424619061985175 9.3746657371521
0.2025114303837419 -0.8428977660122017 9.3855881690979
0.20250191410965154 -0.8431157245228615 9.396979331970215
0.20248288156147085 -0.8435516415441815 9.408763885498047
0.20247273131292873 -0.8437695714510235 9.419887781143188
0.20244418249065768 -0.8444234469830034 9.435833215713501
0.20243403224211556 -0.8446413768898455 9.446885347366333
0.20241373174503133 -0.8450772367035297 9.458839178085327
0.2023934312479471 -0.845513096517214 9.469990015029907
0.2023934312479471 -0.845513096517214 9.481253623962402
0.20235283025377865 -0.8463848161445823 9.492612361907959
0.20235283025377865 -0.8463848161445823 9.505460977554321
0.2023325297566944 -0.8468206759582665 9.516361713409424
0.20231222925961018 -0.8472565357719507 9.527333736419678
0.20231222925961018 -0.8472565357719507 9.538038730621338
0.20229192876252594 -0.8476923955856349 9.548900365829468
0.2022716282654417 -0.8481282553993191 9.561323881149292
0.2022716282654417 -0.8481282553993191 9.572049617767334
0.20225132776835747 -0.8485641152130033 9.583540678024292
0.20223102727127323 -0.8489999750266876 9.594245433807373
0.202210726774189 -0.8494358348403718 9.606669187545776
0.20220121050009865 -0.8496537933510317 9.617677688598633
0.20219106025155653 -0.8498717232578739 9.628602981567383
0.2021707597544723 -0.8503075830715581 9.639779567718506



