0 0 1640245126.189382
0.0 0.0 0.00952458381652832
0.0 0.0 0.030812978744506836
-6.346187295736485e-07 0.00021816523348311322 0.043660640716552734
-1.332656373423307e-05 0.0010907375594245048 0.060828208923339844
-3.8709057623620825e-05 0.002181272989864885 0.0738983154296875
-8.439239197968677e-05 0.00348947252329331 0.08696842193603516
-0.00012499338614813468 0.004361192150661712 0.09993529319763184
-0.00022647525689779377 0.006103568581797142 0.11255359649658203
-0.00029940207965330136 0.00719195889531735 0.12429118156433105
-0.0005921462718709745 0.010232223574402177 0.1507129669189453
-0.0007606115356484463 0.011750066311691643 0.16268444061279297
-0.0009833882374323014 0.013481119383959905 0.17705154418945312
-0.0012003264605370077 0.014992795581959387 0.188859224319458
-0.0014304481193028028 0.016502521100856402 0.2016770839691162
-0.001796783767141482 0.018653205963240924 0.21686363220214844
-0.0021198353507270616 0.02036837705447641 0.23217058181762695
-0.002611957220344595 0.02271720424230582 0.2499098777770996
-0.003151800996537901 0.02505552453476958 0.26648879051208496
-0.0036795926978979245 0.027172381427462804 0.2829556465148926
-0.00437187971524313 0.02969718451499581 0.3006248474121094
-0.004797091374596365 0.03116395721892511 0.31264185905456543
-0.005235086687261417 0.032626963448004614 0.3242917060852051
-0.005764757068047278 0.03428997982963928 0.33688879013061523
-0.006249333029337868 0.03573822471845515 0.3502039909362793
-0.006822354599170245 0.037386806071732545 0.3621208667755127
-0.007344675139973129 0.0388218699633058 0.37404632568359375
-0.008042993777823897 0.04065698993191978 0.386383056640625
-0.008692095591240135 0.042277126047709696 0.3995366096496582
-0.00936000418000052 0.04388960002112049 0.4109172821044922
-0.00996488258156783 0.04529186577323717 0.4227590560913086
-0.010674771942585998 0.04688630338348734 0.4344158172607422
-0.011509753887375691 0.04866341322000583 0.44772887229919434
-0.012171221347726862 0.05003988985225883 0.4603404998779297
-0.012945436611480017 0.05160410368778092 0.472088098526001
-0.013642709361102527 0.052962793436353364 0.4839649200439453
-0.014564514619050948 0.05469645698087236 0.49639344215393066
-0.015410667030915143 0.05622295634011346 0.5096070766448975
-0.016170398176515343 0.057547733946599545 0.5208907127380371
-0.01751223130581984 0.059795705431806116 0.5376582145690918
-0.018313956165305966 0.061095499403912436 0.5501925945281982
-0.01925599877741193 0.06256476109430108 0.5627198219299316
-0.020339724513849963 0.06420209207713788 0.5745720863342285
-0.02131990509880084 0.06564619048747994 0.5869462490081787
-0.022195849864841712 0.0668971692591174 0.5987136363983154
-0.023345337870046005 0.06848902086811459 0.6115257740020752
-0.024257296433452293 0.06971399380613075 0.6236910820007324
-0.025452596704178928 0.07127173944710566 0.6361665725708008
-0.026399797456960056 0.07246967010209904 0.648024320602417
-0.027639898649846478 0.07399199176672093 0.6617336273193359
-0.028765659090635325 0.07532572248460292 0.673668622970581
-0.030053827981758964 0.07680759128011648 0.688042163848877
-0.031072393931152575 0.07794546233035807 0.6998882293701172
-0.03225898753676173 0.07922537241040062 0.7128462791442871
-0.03361470589274648 0.08064570404717478 0.7245018482208252
-0.034834397022366834 0.08189411413452288 0.7376213073730469
-0.036394909631551974 0.08341872804654832 0.7518763542175293
-0.03750267460137986 0.08446995775116296 0.7663125991821289
-0.03894645046252934 0.08580068141967481 0.7786581516265869
-0.04025025517133941 0.08696096909053572 0.7907445430755615
-0.04156747187846257 0.08810600810486785 0.8025026321411133
-0.042734486256609305 0.08909104849055809 0.8160240650177002
-0.044425954772855866 0.09046893870487634 0.8288009166717529
-0.04562388542784924 0.09141613945765746 0.8415646553039551
-0.0473585699090886 0.09273921048172029 0.8568980693817139
-0.049116080962736675 0.09403180557705068 0.8715927600860596
-0.050359368137840255 0.09491863370045732 0.8837275505065918
-0.05161542175031665 0.09578728578433612 0.8959414958953857
-0.05343116800552782 0.09699671239263193 0.908815860748291
-0.054528985211794216 0.0977096432223242 0.9204287528991699
-0.056567845195318545 0.0989754327231598 0.9375956058502197
-0.05787687946361591 0.09976197986393724 0.9495546817779541
-0.059766253801359887 0.1008528106464337 0.9627017974853516
-0.06109978140482186 0.10159707622473683 0.9743413925170898
-0.06244399248603553 0.10232186839452373 0.9869279861450195
-0.06418563418426507 0.10322850967648901 0.9987950325012207
-0.06555035697349677 0.10391389922177958 1.0116941928863525
-0.06711904851402106 0.10467900120750087 1.0235905647277832
-0.06870085400604636 0.10541660922214391 1.035691499710083
-0.07009417415365272 0.10604181805646745 1.047736644744873
-0.07169474592731316 0.10673776647066818 1.0601720809936523
-0.07391455969925015 0.1076496874709535 1.0784974098205566
-0.07574558598163264 0.1083586705260402 1.0907673835754395
-0.07738038735305743 0.10896989771281668 1.102630615234375
-0.0788184656794279 0.10948386059811632 1.1163372993469238
-0.08067683871153923 0.1101177090758275 1.1302235126495361
-0.08254773214087824 0.1107135882542116 1.1430535316467285
-0.08421679880528184 0.11122387314291964 1.1546540260314941
-0.0861057980679338 0.1117595932236296 1.1688969135284424
-0.08757859986899472 0.11216342731708097 1.1805131435394287
-0.08926960028378911 0.11259550577642867 1.193676471710205
-0.09075456774138989 0.11295201492092383 1.2059431076049805
-0.09288451521617949 0.11342421290779449 1.2188127040863037
-0.09416569368226825 0.11369264301849497 1.2306065559387207
-0.09609311414982026 0.11406729560481609 1.2424824237823486
-0.09759629844072217 0.11433685841350408 1.2541747093200684
-0.09953380017830334 0.11465529402088089 1.2684481143951416
-0.10104418870568882 0.11488102309872487 1.2804508209228516
-0.10277458642398399 0.11510883428015796 1.2924833297729492
-0.10450751765185184 0.11531649640320292 1.3041856288909912
-0.10624380914967305 0.11549388307818409 1.317718744277954
-0.10776516092852659 0.11562698411206877 1.3294391632080078
-0.10994150807559708 0.11577916912974577 1.3447988033294678
-0.11190200536571032 0.11588763384582546 1.3580291271209717
-0.11364608684765626 0.11595361855769373 1.371610403060913
-0.1151728364502728 0.11598915404913887 1.383690595626831
-0.11691804755744596 0.11600946141889677 1.395794153213501
-0.1186633472729851 0.11599930756218266 1.408231258392334
-0.1204082039616897 0.11595869557195963 1.4206960201263428
-0.12193458532863205 0.11590983819899275 1.432440996170044
-0.12346009467652676 0.11583878645919797 1.4441494941711426
-0.124984409305006 0.11574555538258646 1.4564096927642822
-0.12715934553548677 0.11557438418901292 1.4695777893066406
-0.12867989722222953 0.11543243459167016 1.4817121028900146
-0.1301982235827352 0.11526838525995682 1.493697166442871
-0.13193115481060302 0.11506072313691186 1.5058631896972656
-0.13387554161675494 0.11478745739219096 1.5186498165130615
-0.13516959206152382 0.114590210256106 1.5304884910583496
-0.13689181582826265 0.11430715638288216 1.5422437191009521
-0.13903809269386044 0.1139158217430059 1.556169033050537
-0.1409621703520529 0.11352436371917687 1.5711240768432617
-0.14245408877287635 0.11319816355693035 1.5838816165924072
-0.14457694336803387 0.1126950377754542 1.5984985828399658
-0.14627042888218844 0.11227280441436618 1.6105225086212158
-0.14795628748206754 0.11182107996397551 1.6233975887298584
-0.14942550913079686 0.11140440879008998 1.6347880363464355
-0.15130651713961335 0.11084127195952062 1.6477704048156738
-0.15297258685776732 0.11032128552496927 1.6596741676330566
-0.15442362637049278 0.10984514326392598 1.67222261428833
-0.15627639734021212 0.10919510176298866 1.6845290660858154
-0.157916470359153 0.10859816400207108 1.6977512836456299
-0.15975159032776695 0.10789984536422031 1.7109169960021973
-0.16117085556965585 0.10733600736141448 1.7239437103271484
-0.16338262690690558 0.10640474980060598 1.740154504776001
-0.1647813499082367 0.10579172363004778 1.7520995140075684
-0.1663716305899982 0.10507257027290952 1.7641215324401855
-0.16814874042651667 0.10423758832811983 1.7785732746124268
-0.16952134552447543 0.10356812409061371 1.790372610092163
-0.1718470410425637 0.10236602912666745 1.8078243732452393
-0.17338807530435835 0.10154664667515775 1.8202500343322754
-0.17472591027753434 0.10081015179751827 1.8321845531463623
-0.17624496753329813 0.0999507105536985 1.844085931777954
-0.177563064875501 0.09917944761752193 1.856379508972168
-0.17924316013884786 0.09816328123092229 1.8683669567108154
-0.18072058665254892 0.09723409605321 1.881589651107788
-0.18218710183977857 0.09628778352370831 1.8936975002288818
-0.18364250715785574 0.09532447175798561 1.90586519241333
-0.18490359309842314 0.09446314175691445 1.9179327487945557
-0.1863274349153547 0.09345376141322626 1.9305815696716309
-0.1877394359409978 0.09242788261850936 1.9422695636749268
-0.18896175092021741 0.09151236461660152 1.9542624950408936
-0.1905160129880484 0.09031253811094445 1.9667038917541504
-0.19187875564258966 0.08922207644020076 1.97914719581604
-0.19322871823897486 0.08811583271197995 1.991556167602539
-0.1945591686143544 0.08698619737412987 2.003457546234131
-0.19587638532147755 0.08584115835979776 2.0158090591430664
-0.1971734177238515 0.08467330513911492 2.028658866882324
-0.19829936046377278 0.08364156870636646 2.0402870178222656
-0.19941017864581898 0.08259356580242126 2.052206039428711
-0.20081862547635723 0.08122550449358959 2.064074993133545
-0.20204916445882048 0.07998778561981196 2.0778441429138184
-0.20400742430635402 0.07793619547780485 2.094353437423706
-0.20504569371126202 0.07681627415776761 2.1085453033447266
-0.20621731489999812 0.07552264438539387 2.1201865673065186
-0.20751408310581201 0.07404829488830517 2.13419508934021
-0.20906200371189668 0.07221441515121743 2.1516385078430176
-0.21016431588335127 0.07086124033822018 2.1637918949127197
-0.21138214542264128 0.06932104378180014 2.177603244781494
-0.21231182341098423 0.06810946383881965 2.189624309539795
-0.2133581296988789 0.0667125324339972 2.200969934463501
-0.21463533859355033 0.06494380842400034 2.215792417526245
-0.21551128335959122 0.06369282965236286 2.2285115718841553
-0.21636894137142323 0.062429243543313556 2.2402448654174805
-0.21733225313714594 0.06097383822523639 2.252255916595459
-0.21839205107576515 0.059320918823549174 2.264112710952759
-0.21942769703099427 0.0576527606552111 2.277545928955078
-0.22042916331413537 0.055963861752698865 2.290865898132324
-0.2215089837640213 0.05406817322865923 2.307969331741333
-0.22255555542542246 0.05215392796179313 2.323107957839966
-0.2236636725478245 0.05002525477506812 2.3405773639678955
-0.22472821853548508 0.04787446075122524 2.3569839000701904
-0.22566171609974273 0.04590260135418593 2.372790575027466
-0.2266441871251083 0.043713098265090226 2.3894500732421875
-0.22724906552667562 0.04231083251297354 2.4016237258911133
-0.22800046268903104 0.040496799292886396 2.413440465927124
-0.2285643006918369 0.03907753405099751 2.4248456954956055
-0.22926261932968767 0.03724241408238354 2.4388375282287598
-0.22971389883545826 0.03601366683661994 2.4504029750823975
-0.23029650171139532 0.034368447068073196 2.4621171951293945
-0.23085992258047194 0.03271655992841866 2.473978281021118
-0.23147752976494138 0.03085272635621665 2.488044261932373
-0.23201686616458733 0.029192819598026873 2.4997692108154297
-0.23247609296419158 0.02773633826729615 2.5111238956451416
-0.23286244634499562 0.026485656832460916 2.523075580596924
-0.23356408806696918 0.02419069016890598 2.5364181995391846
-0.23406465413858638 0.022518683049957963 2.552161455154419
-0.23456522021020357 0.020846675931009966 2.5640954971313477
-0.23506578628182076 0.01917466881206197 2.5767312049865723
-0.23556635235343795 0.01750266169311397 2.5894277095794678
-0.23606691842505517 0.015830654574165933 2.6015892028808594
-0.2365091675912628 0.01436892860968746 2.6135761737823486
-0.23701459520978585 0.012698384650283412 2.6248364448547363
-0.23752002282830886 0.011027840690879406 2.6383798122406006
-0.2379665221059284 0.009567407359526275 2.650024890899658
-0.23841726771686644 0.00810827901888516 2.661651134490967
-0.23900225245573672 0.006233950585961953 2.6736910343170166
-0.23952223889028806 0.0045678808678079885 2.6864867210388184
-0.2400422253248394 0.002901811149654024 2.6989402770996094
-0.24043947811042882 0.0016545488634280093 2.7104742527008057
-0.24104079696847824 -0.00021460331072197837 2.7237017154693604
-0.24157530262007773 -0.001876071909966413 2.7369611263275146
-0.24210980827167722 -0.00353754050921089 2.748723030090332
-0.24258172762136743 -0.004989958922626929 2.7602531909942627
-0.24319391052842307 -0.006855581153273952 2.7719056606292725
-0.2438115177128925 -0.00871941472547594 2.783769369125366
-0.24428765997393578 -0.010170454238201405 2.79703950881958
-0.24483182255798525 -0.011828785109887649 2.8094353675842285
-0.2453121837014615 -0.013278433443822542 2.8206775188446045
-0.2457883259625048 -0.014729472956548039 2.832655429840088
-0.24640593314697423 -0.01659330652875003 2.8457226753234863
-0.24695491731094707 -0.018250047481818462 2.8577616214752197
-0.24743105957199035 -0.019701086994543926 2.8694567680358887
-0.24797522215603984 -0.02135941786623021 2.8807804584503174
-0.24845558329951606 -0.02280906620016506 2.8938651084899902
-0.2490045674634889 -0.02446580715323354 2.905985116958618
-0.24955355162746173 -0.026122548106301973 2.918553352355957
-0.25010253579143454 -0.027779289059370396 2.930119037628174
-0.2507147186984902 -0.02964491129001745 2.9471592903137207
-0.2512588812825397 -0.031303242161703694 2.959437847137451
-0.2518030438665892 -0.03296157303338994 2.9709408283233643
-0.2523472064506387 -0.03461990390507618 2.9826858043670654
-0.2528913690346882 -0.036278234776762466 2.9958906173706055
-0.25343553161873766 -0.03793656564844871 3.007607936859131
-0.2538436535567748 -0.039180313802213394 3.019057512283325
-0.2543878161408243 -0.04083864467389964 3.0306484699249268
-0.2548681772843005 -0.04228829300783454 3.043665647506714
-0.2554171614482733 -0.04394503396090297 3.0557758808135986
-0.2559661456122461 -0.045601774913971396 3.0675323009490967
-0.25644228787328943 -0.047052814426696864 3.0789997577667236
-0.2570598950577589 -0.048916647998898895 3.091931104660034
-0.2575444710190495 -0.05036489288771478 3.103869676589966
-0.25808863360309897 -0.052023223759401015 3.1164793968200684
-0.25863279618714846 -0.05368155463108725 3.128277063369751
-0.2591131573306247 -0.05513120296502216 3.140467643737793
-0.2596621414945975 -0.05678794391809058 3.153620958328247
-0.26028516773054255 -0.05864997306085387 3.164839744567871
-0.26090277491501196 -0.06051380663305584 3.181854248046875
-0.26137891717605527 -0.06196484614578131 3.194535255432129
-0.26192307976010476 -0.0636231770174676 3.207066774368286
-0.26246724234415425 -0.06528150788915384 3.2196781635284424
-0.2631474455742161 -0.06735442147876163 3.232834577560425
-0.2636278067176923 -0.06880406981269653 3.2463877201080322
-0.2641039489787356 -0.07025510932542203 3.2582387924194336
-0.2646481115627851 -0.07191344019710827 3.270113229751587
-0.2651922741468346 -0.0735717710687945 3.2823002338409424
-0.265860406211334 -0.07564860681785007 3.2968533039093018
-0.2662685281493711 -0.07689235497161473 3.308584451675415
-0.26681269073342057 -0.07855068584330102 3.3206052780151367
-0.26741944418302227 -0.08041808094626446 3.332524061203003
-0.2681676677360903 -0.08269828589483308 3.350148916244507
-0.2687118303201398 -0.08435661676651932 3.361978769302368
-0.2692559929041893 -0.08601494763820557 3.3739500045776367
-0.26980015548823877 -0.0876732785098918 3.386199951171875
-0.27034431807228826 -0.0893316093815781 3.3990044593811035
-0.27081623742197847 -0.09078402779499413 3.4105608463287354
-0.2713555738216244 -0.09244393455318387 3.42299485206604
-0.2718949102212703 -0.0941038413113736 3.4344944953918457
-0.272507093128326 -0.09596946354202067 3.4480416774749756
-0.2730512557123755 -0.09762779441370692 3.4597983360290527
-0.2735316168558517 -0.0990774427476418 3.4710848331451416
-0.2740806010198245 -0.10073418370071024 3.483429431915283
-0.2745567432808678 -0.1021852232134357 3.4956984519958496
-0.27503710442434404 -0.10363487154737058 3.5086236000061035
-0.27558608858831685 -0.10529161250043903 3.5202388763427734
-0.2761982714953725 -0.10715723473108607 3.532514810562134
-0.27695312472083516 -0.10943525354155517 3.5496671199798584
-0.2774292669818785 -0.11088629305428066 3.5609652996063232
-0.27797342956592797 -0.11254462392596691 3.5730631351470947
-0.27851759214997746 -0.11420295479765315 3.5845589637756348
-0.27899795329345367 -0.11565260313158805 3.5969343185424805
-0.2795469374574265 -0.11730934408465647 3.610060453414917
-0.2800959216213993 -0.11896608503772492 3.622178077697754
-0.28064490578537216 -0.12062282599079338 3.6341354846954346
-0.2810566439083518 -0.12186538170559467 3.646343469619751
-0.28166882681540745 -0.12373100393624172 3.6591758728027344
-0.28221298939945694 -0.12538933480792797 3.6707139015197754
-0.2827571519835064 -0.1270476656796142 3.6829674243927
-0.2833013145675559 -0.1287059965513005 3.6946558952331543
-0.28378167571103213 -0.13015564488523537 3.7081103324890137
-0.28433065987500494 -0.13181238583830382 3.719899892807007
-0.28486999627465087 -0.13347229259649354 3.7329537868499756
-0.2856182198277189 -0.13575249754506216 3.7498106956481934
-0.2862249732773206 -0.13761989264802563 3.7625129222869873
-0.2867643096769666 -0.1392797994062154 3.774329662322998
-0.2872404519380099 -0.14073083891894086 3.786472797393799
-0.28785805912247936 -0.14259467249114288 3.799928665161133
-0.2886062826755474 -0.14487487743971147 3.8147499561309814
-0.2890782020252376 -0.14632729585312748 3.8289759159088135
-0.2895543442862809 -0.14777833536585297 3.8404736518859863
-0.29023454751634276 -0.14985124895546076 3.8544087409973145
-0.29077871010039225 -0.151509579827147 3.867487907409668
-0.29132287268444174 -0.1531679106988333 3.880448818206787
-0.2920030759145036 -0.15524082428844108 3.8941256999969482
-0.29268327914456543 -0.15731373787804892 3.909449815750122
-0.2932274417286149 -0.15897206874973516 3.921860456466675
-0.2937716043126644 -0.16063039962142142 3.934297800064087
-0.2943157668967139 -0.16228873049310766 3.9464759826660156
-0.2948599294807634 -0.16394706136479395 3.9591073989868164
-0.2953402906242396 -0.16539670969872883 3.9705631732940674
-0.2958892747882124 -0.16705345065179728 3.9822986125946045
-0.29643825895218523 -0.1687101916048657 3.994163990020752
-0.29698724311615804 -0.17036693255793414 4.007792949676514
-0.29753622728013085 -0.17202367351100256 4.019447326660156
-0.2980852114441037 -0.17368041446407104 4.031145811080933
-0.298561353705147 -0.1751314539767965 4.043027639389038
-0.2991151548037648 -0.17678659099258606 4.054799795150757
-0.2996689559023826 -0.17844172800837563 4.0682337284088135
-0.30014931704585884 -0.1798913763423105 4.079894304275513
-0.3009727932918181 -0.18237648777191318 4.098788499832153
-0.30159581952776315 -0.18423851691467644 4.112202882766724
-0.30207618067123937 -0.18568816524861137 4.1240575313568115
-0.3027624108762054 -0.1877590914399469 4.138071298599243
-0.30358588712216467 -0.19024420286954957 4.155878782272339
-0.304062029383208 -0.19169524238227503 4.168921709060669
-0.3045423905266842 -0.1931448907162099 4.180437326431274
-0.3050185327877275 -0.19459593022893537 4.192125558853149
-0.305562695371777 -0.19625426110062164 4.203985929489136
-0.30624289860183884 -0.19832717469022942 4.2195143699646
-0.30671481795152905 -0.19977959310364546 4.2309348583221436
-0.30726380211550186 -0.2014363340567139 4.243512392044067
-0.30773994437654517 -0.20288737356943937 4.25478720664978
-0.30828410696059466 -0.20454570444112566 4.26863169670105
-0.30882826954464415 -0.2062040353128119 4.280182123184204
-0.30964451342071836 -0.2086915316203413 4.2986791133880615
-0.31018867600476785 -0.21034986249202753 4.310213565826416
-0.31066059535445806 -0.2118022809054436 4.32294774055481
-0.31127277826151367 -0.21366790313609058 4.33448052406311
-0.31181694084556316 -0.21532623400777687 4.348948001861572
-0.3123611034296126 -0.21698456487946305 4.360411167144775
-0.31304130665967445 -0.21905747846907092 4.376840829849243
-0.3137215098897363 -0.2211303920586787 4.392723560333252
-0.3145377537658105 -0.2236178883662081 4.410306692123413
-0.3152793413153237 -0.22590026015871903 4.428093433380127
-0.31602756486839173 -0.2281804651072876 4.4443359375
-0.3167077680984536 -0.2302533786968954 4.460706949234009
-0.31725193068250307 -0.23191170956858168 4.476003646850586
-0.31779609326655256 -0.23357004044026794 4.487732172012329
-0.318340255850602 -0.23522837131195412 4.499114274978638
-0.3188844184346515 -0.23688670218364044 4.510607004165649
-0.3194285810187009 -0.23854503305532662 4.523760080337524
-0.3199727436027504 -0.2402033639270129 4.536149978637695
-0.32065294683281226 -0.2422762775166207 4.552177667617798
-0.3212705540172817 -0.24414011108882272 4.564086198806763
-0.3218195381812545 -0.2457968520418911 4.577880859375
-0.3223685223452274 -0.24745359299495961 4.589693546295166
-0.3228446646062707 -0.24890463250768513 4.600898742675781
-0.3233250257497469 -0.25035428084162004 4.612632989883423
-0.32387400991371973 -0.25201102179468843 4.625854015350342
-0.3244229940776926 -0.2536677627477569 4.637612581253052
-0.3249719782416654 -0.25532450370082527 4.650057315826416
-0.32552096240563827 -0.25698124465389377 4.661636829376221
-0.3259971046666816 -0.2584322841666193 4.6741790771484375
-0.326541267250731 -0.2600906150383055 4.686390161514282
-0.3270854298347805 -0.26174894590999176 4.698088645935059
-0.32762959241883 -0.263407276781678 4.710064649581909
-0.32817375500287943 -0.26506560765336423 4.722527742385864
-0.3287179175869289 -0.26672393852505055 4.734100341796875
-0.32912603952496605 -0.26796768667881526 4.7462992668151855
-0.32973279297456776 -0.26983508178177873 4.7587339878082275
-0.33028177713854057 -0.2714918227348472 4.771601676940918
-0.3307579193995839 -0.2729428622475727 4.784140348434448
-0.3313646728491856 -0.27481025735053616 4.796851634979248
-0.3318408151102289 -0.2762612968632617 4.808633089065552
-0.3323849776942783 -0.2779196277349479 4.820903539657593
-0.3329291402783278 -0.27957795860663415 4.832801103591919
-0.3334733028623773 -0.2812362894783204 4.844388484954834
-0.3339536640058535 -0.2826859378122553 4.857465505599976
-0.33450264816982633 -0.2843426787653237 4.869011163711548
-0.3350516323337992 -0.28599941971839216 4.882060527801514
-0.335600616497772 -0.28765616067146055 4.894012212753296
-0.3361496006617449 -0.289312901624529 4.906209945678711
-0.33669858482571774 -0.2909696425775975 4.91891622543335
-0.33724756898969055 -0.2926263835306659 4.931987285614014
-0.3378705952256356 -0.2944884126734292 4.943802356719971
-0.33855079845569747 -0.29656132626303705 4.960327625274658
-0.33916840564016687 -0.298425159835239 4.97310209274292
-0.3396445479012102 -0.2998761993479645 4.984814405441284
-0.34018871048525967 -0.30153453021965076 4.9971325397491455
-0.34073287306930916 -0.303192861091337 5.008995056152344
-0.3412132342127854 -0.3046425094252719 5.0205066204071045
-0.34182541711984105 -0.3065081316559189 5.0334999561309814
-0.34230577826331726 -0.3079577799898538 5.045765399932861
-0.3428547624272901 -0.30961452094292224 5.058087110519409
-0.343403746591263 -0.31127126189599075 5.069978713989258
-0.3439527307552358 -0.31292800284905914 5.082465171813965
-0.34450171491920867 -0.3145847438021276 5.0940937995910645
-0.3450506990831815 -0.316241484755196 5.106351852416992
-0.34553527504447207 -0.3176897296440119 5.118059158325195
-0.3462154782745339 -0.3197626432336197 5.132981300354004
-0.3467596408585834 -0.32142097410530596 5.144432067871094
-0.3472400020020596 -0.32287062243924086 5.157125473022461
-0.34812426620114 -0.325565410105731 5.176749229431152
-0.34887911942660266 -0.32784342891620016 5.192695140838623
-0.34942810359057547 -0.32950016986926856 5.2047035694122314
-0.3498398417135551 -0.3307427255840699 5.217103719711304
-0.35046286794950016 -0.3326047547268332 5.229797601699829
-0.35101666904811796 -0.3342598917426227 5.2411417961120605
-0.3514970301915942 -0.3357095400765576 5.254392147064209
-0.35212005642753924 -0.3375715692193209 5.267592430114746
-0.35267385752615704 -0.3392267062351104 5.280097484588623
-0.35315421866963326 -0.3406763545690453 5.291682481765747
-0.3539776949155925 -0.343161465998648 5.309538841247559
-0.35445383717663576 -0.3446125055113734 5.322102069854736
-0.3550714443611052 -0.34647633908357545 5.334600448608398
-0.3559557085601856 -0.3491711267500656 5.3560357093811035
-0.3565624620097873 -0.3510385218530291 5.370922327041626
-0.357174644916843 -0.35290414408367615 5.38402247428894
-0.3577188075008924 -0.35456247495536236 5.396263599395752
-0.3581907268505826 -0.35601489336877845 5.408033609390259
-0.3587300632502286 -0.3576748001269682 5.420766830444336
-0.3592693996498746 -0.35933470688515795 5.433937072753906
-0.35980873604952057 -0.36099461364334773 5.44617772102356
-0.3603480724491665 -0.3626545204015374 5.4580583572387695
-0.3608242147102098 -0.36410555991426286 5.470320701599121
-0.36135872036180927 -0.3657670285135073 5.482987642288208
-0.361965473811411 -0.3676344236164708 5.494729280471802
-0.36236997611114546 -0.36887935368511315 5.507036924362183
-0.36290931251079145 -0.37053926044330293 5.518802881240845
-0.3635214954178471 -0.37240488267394994 5.531519174575806
-0.3640656580018966 -0.3740632135456362 5.543126821517944
-0.36447377993993374 -0.3753069616994009 5.554820775985718
-0.3650179425239832 -0.37696529257108713 5.568279504776001
-0.3656246959735849 -0.37883268767405065 5.579991102218628
-0.3661008382346282 -0.3802837271867761 5.592499732971191
-0.3666450008186777 -0.3819420580584623 5.604198932647705
-0.36718916340272717 -0.3836003889301486 5.616475582122803
-0.3676695245462034 -0.3850500372640835 5.628269672393799
-0.3682185087101762 -0.3867067782171519 5.640594482421875
-0.36876749287414906 -0.3883635191702204 5.652252435684204
-0.3693164770381219 -0.39002026012328883 5.664004802703857
-0.3697926192991652 -0.39147129963601424 5.677117586135864
-0.37041022648363464 -0.3933351332082162 5.690155506134033
-0.37095921064760745 -0.3949918741612846 5.701866388320923
-0.3715081948115803 -0.3966486151143531 5.713701963424683
-0.3719927707728709 -0.39809686000316896 5.725722312927246
-0.3726103779573403 -0.39996069357537095 5.738829851150513
-0.373222560864396 -0.401826315806018 5.7543604373931885
-0.37376672344844547 -0.40348464667770423 5.766935110092163
-0.37431088603249496 -0.4051429775493905 5.779453992843628
-0.3748550486165444 -0.4068013084210767 5.7921929359436035
-0.3753354097600206 -0.4082509567550116 5.804015398025513
-0.3758843939239935 -0.40990769770808005 5.816211700439453
-0.37643337808796634 -0.41156443866114856 5.828131437301636
-0.37691795404925693 -0.4130126835499644 5.840607166290283
-0.37753556123372634 -0.4148765171221664 5.8525590896606445
-0.3780201371950169 -0.41632476201098223 5.864190340042114
-0.3785642997790664 -0.41798309288266844 5.87712025642395
-0.3791181008776842 -0.419638229898458 5.889888763427734
-0.37959846202116043 -0.4210878782323929 5.901127576828003
-0.38014744618513324 -0.4227446191854613 5.913510084152222
-0.3806964303491061 -0.42440136013852975 5.924752950668335
-0.38138266055407216 -0.4264722863298653 5.9404613971710205
-0.3817943986770518 -0.42771484204466664 5.952257394790649
-0.38234338284102465 -0.4293715829977351 5.9640069007873535
-0.3829555657480803 -0.4312372052283821 5.9763617515563965
-0.3834997283321298 -0.43289553610006837 5.989661931991577
-0.38397164768182 -0.43434795451348435 6.00086236000061
-0.384510984081466 -0.4360078612716741 6.012525320053101
-0.3849871263425093 -0.43745890078439964 6.02417516708374
-0.3856047335269787 -0.4393227343566016 6.036479234695435
-0.386080875788022 -0.4407737738693271 6.0494372844696045
-0.3866250383720715 -0.44243210474101335 6.060667037963867
-0.38716920095612095 -0.44409043561269956 6.072281122207642
-0.38771336354017044 -0.4457487664843859 6.08592677116394
-0.388665648062257 -0.44865084550983675 6.108043909072876
-0.3892098106463065 -0.450309176381523 6.119952201843262
-0.3898165640959082 -0.4521765714844865 6.132648229598999
-0.39042874700296387 -0.45404219371513355 6.146096467971802
-0.3911703345524771 -0.45632456550764444 6.162801742553711
-0.39171931871644994 -0.4579813064607129 6.17454719543457
-0.3921954609774932 -0.4594323459734383 6.1870949268341064
-0.3927396235615427 -0.46109067684512456 6.200131177902222
-0.39341982679160453 -0.4631635904347324 6.214250802993774
-0.393963989375654 -0.46482192130641864 6.226452827453613
-0.39450815195970346 -0.46648025217810485 6.238266706466675
-0.3949885131031797 -0.46792990051203975 6.250571250915527
-0.395464655364223 -0.46938094002476527 6.262247323989868
-0.3960088179482725 -0.47103927089645153 6.27417516708374
-0.39655298053232196 -0.47269760176813774 6.286341190338135
-0.39709714311637145 -0.474355932639824 6.299071788787842
-0.39757750425984767 -0.4758055809737589 6.310524225234985
-0.3983257278129157 -0.47808578592232753 6.32784628868103
-0.39886989039696513 -0.47974411679401374 6.3403637409210205
-0.3994874975814346 -0.48160795036621573 6.353133916854858
-0.3999636398424779 -0.48305898987894125 6.364639759063721
-0.40050780242652734 -0.48471732075062746 6.377426624298096
-0.4010519650105768 -0.4863756516223138 6.390521049499512
-0.40159612759462626 -0.488033982494 6.4034104347229
-0.40214029017867575 -0.48969231336568625 6.414686918258667
-0.40261220952836596 -0.49114473177910234 6.427021265029907
-0.40322439243542163 -0.49301035400974935 6.44004487991333
-0.40396597998493483 -0.49529272580226025 6.457501173019409
-0.4046401504844923 -0.49736760924999746 6.4736223220825195
-0.40538837403756034 -0.4996478141985661 6.490751028060913
-0.40612996158707354 -0.501930185991077 6.5090491771698
-0.40680413208663097 -0.5040050694388142 6.524760723114014
-0.4074783025861884 -0.5060799528865513 6.54160475730896
-0.4082132478571377 -0.5083644722105124 6.559448957443237
-0.4086851672068279 -0.5098168906239284 6.571000576019287
-0.4092245036064739 -0.5114767973821182 6.583136558532715
-0.40969219605162344 -0.512930582406457 6.595970869064331
-0.41022670170322295 -0.5145920510057014 6.609032869338989
-0.4106275809419226 -0.5158381524551348 6.620506525039673
-0.41116208659352205 -0.5174996210543792 6.632287263870239
-0.41169659224512156 -0.5191610896536237 6.644061326980591
-0.4122310978967211 -0.5208225582528682 6.657481908798218
-0.4126945594799087 -0.5222776975867984 6.668954610824585
-0.41316225192505823 -0.5237314826111373 6.680445909500122
-0.41369675757665775 -0.5253929512103818 6.692281484603882
-0.41430351102625945 -0.5272603463133452 6.7062788009643555
-0.414771203471409 -0.5287141313376841 6.718076467514038
-0.4152431228210992 -0.5301665497511001 6.730069637298584
-0.4157824592207452 -0.5318264565092898 6.74165153503418
-0.4163217956203911 -0.5334863632674796 6.754435300827026
-0.4168611320200371 -0.5351462700256693 6.766711235046387
-0.41732882446518665 -0.5366000550500081 6.7782676219940186
-0.41780074381487686 -0.5380524734634241 6.790014743804932
-0.4184020626729263 -0.5399216256375742 6.802104473114014
-0.4188739820226165 -0.5413740440509902 6.815674781799316
-0.4194133184222624 -0.5430339508091799 6.827527761459351
-0.4199526548219084 -0.5446938575673697 6.839030742645264
-0.4203571571216429 -0.545938787636012 6.850534200668335
-0.42096934002869857 -0.547804409866659 6.863646507263184
-0.4214412593783888 -0.549256828280075 6.875890254974365
-0.42198059577803476 -0.5509167350382648 6.887614965438843
-0.4224567380390781 -0.5523677745509903 6.899696350097656
-0.4229286573887683 -0.5538201929644063 6.912299394607544
-0.4234047996498116 -0.5552712324771318 6.924053430557251
-0.4240115530994133 -0.5571386275800954 6.936451435089111
-0.42469778330437935 -0.5592095537714309 6.949002981185913
-0.425309966211435 -0.5610751760020779 6.966346740722656
-0.42578188556112523 -0.5625275944154939 6.9784252643585205
-0.42625802782216854 -0.5639786339282195 6.990210056304932
-0.426802190406218 -0.5656369647999057 7.001967430114746
-0.42734635299026746 -0.567295295671592 7.0158820152282715
-0.42789051557431695 -0.5689536265432783 7.0276103019714355
-0.4282986375123541 -0.570197374697043 7.039031267166138
-0.4288428000964036 -0.5718557055687292 7.050705194473267
-0.42938696268045307 -0.5735140364404155 7.063582897186279
-0.4299311252645025 -0.5751723673121018 7.074815273284912
-0.430475287848552 -0.5768306981837881 7.08714747428894
-0.4309472071982422 -0.5782831165972041 7.099130392074585
-0.43148654359788813 -0.5799430233553938 7.112682580947876
-0.4320258799975341 -0.5816029301135837 7.124410629272461
-0.43270005049709154 -0.5836778135613208 7.142122745513916
-0.4332393868967375 -0.5853377203195105 7.1539459228515625
-0.4338515698037932 -0.5872033425501575 7.16757869720459
-0.4343234891534834 -0.5886557609635735 7.179041385650635
-0.4347996314145267 -0.590106800476299 7.19053316116333
-0.4353437939985762 -0.5917651313479854 7.202307224273682
-0.4359505474481779 -0.5936325264509489 7.216356039047241
-0.4364266897092212 -0.5950835659636744 7.2285850048065186
-0.43697085229327065 -0.5967418968353606 7.240165710449219
-0.43751501487732014 -0.5984002277070469 7.252017974853516
-0.43812176832692185 -0.6002676228100103 7.264659881591797
-0.43866110472656783 -0.6019275295682002 7.277049541473389
-0.4391287971717174 -0.603381314592539 7.289464235305786
-0.4396007165214076 -0.604833733005955 7.300695419311523
-0.44021289942846326 -0.606699355236602 7.314123868942261
-0.44075706201251275 -0.6083576861082883 7.326406240463257
-0.4414372652425746 -0.6104305996978961 7.342494487762451
-0.4421788527920878 -0.612712971490407 7.3596577644348145
-0.4427181891917338 -0.6143728782485968 7.372317314147949
-0.44333037209878945 -0.6162385004792438 7.384277105331421
-0.44393712554839115 -0.6181058955822073 7.399067401885986
-0.4444764619480371 -0.619765802340397 7.4117655754089355
-0.44501579834768307 -0.6214257090985869 7.424243211746216
-0.4454919406087264 -0.6228767486113124 7.436373710632324
-0.4461721438387882 -0.6249496622009202 7.449004650115967
-0.44664406318847844 -0.6264020806143362 7.460842132568359
-0.4471202054495217 -0.6278531201270616 7.473997592926025
-0.4476643680335712 -0.629511450998748 7.486230850219727
-0.44820853061762067 -0.6311697818704343 7.49792742729187
-0.4486888917610969 -0.6326194302043691 7.509793996810913
-0.4492282281607428 -0.6342793369625588 7.522992849349976
-0.4498404110677985 -0.6361449591932058 7.53471565246582
-0.45024853300583556 -0.6373887073469704 7.547430992126465
-0.45079269558988505 -0.6390470382186567 7.558977365493774
-0.45133685817393454 -0.640705369090343 7.571706295013428
-0.451881020757984 -0.6423636999620291 7.583537578582764
-0.45242518334203347 -0.6440220308337155 7.595786094665527
-0.4528971026917237 -0.6454744492471315 7.607517242431641
-0.4534364390913696 -0.6471343560053212 7.620404481887817
-0.45390413153651915 -0.6485881410296601 7.632126808166504
-0.45437605088620936 -0.6500405594430761 7.6441285610198975
-0.4549773697442588 -0.6519097116172261 7.656830787658691
-0.45551187539585825 -0.6535711802164704 7.669554233551025
-0.4559127546345579 -0.6548172816659038 7.680801153182983
-0.4564472602861574 -0.6564787502651483 7.692663192749023
-0.4569191796358476 -0.6579311686785644 7.70422887802124
-0.45752049849389703 -0.6598003208527143 7.7171385288238525
-0.45799241784358724 -0.6612527392661304 7.730005979537964
-0.45853175424323317 -0.6629126460243201 7.741615056991577
-0.45914393715028884 -0.6647782682549671 7.753508567810059
-0.45975069059989054 -0.6666456633579306 7.770538330078125
-0.46029002699953653 -0.6683055701161204 7.782485723495483
-0.4607577194446861 -0.6697593551404593 7.794260025024414
-0.46129222509628554 -0.6714208237397037 7.806456804275513
-0.46189897854588724 -0.6732882188426672 7.818237781524658
-0.46243831494553317 -0.6749481256008569 7.831701040267944
-0.4630396338035826 -0.6768172777750069 7.846444845199585
-0.4635115531532728 -0.6782696961884229 7.85865044593811
-0.46411287201132223 -0.6801388483625729 7.871570825576782
-0.46464737766292175 -0.6818003169618174 7.883180618286133
-0.4651818833145212 -0.6834617855610617 7.894832611083984
-0.4656538026642114 -0.6849142039744778 7.9076151847839355
-0.46619313906385734 -0.6865741107326675 7.91905665397644
-0.46666928132490065 -0.688025150245393 7.932200908660889
-0.46721344390895014 -0.6896834811170793 7.9439849853515625
-0.46782019735855185 -0.6915508762200427 7.956355810165405
-0.4684323802656075 -0.6934164984506898 7.970450401306152
-0.468976542849657 -0.695074829322376 7.983436107635498
-0.46938466478769414 -0.6963185774761407 7.994723320007324
-0.46992882737174363 -0.697976908347827 8.00743556022644
-0.47047298995579306 -0.6996352392195131 8.018903732299805
-0.47101715253984255 -0.7012935700911994 8.032228469848633
-0.47156131512389204 -0.7029519009628857 8.04439640045166
-0.4721054777079415 -0.7046102318345718 8.0565025806427
-0.4725858388514177 -0.7060598801685067 8.068439722061157
-0.4731251752510637 -0.7077197869266965 8.080796957015991
-0.47360131751210693 -0.7091708264394219 8.09249472618103
-0.4741454800961564 -0.7108291573111082 8.104137659072876
-0.47461739944584663 -0.7122815757245242 8.116333484649658
-0.47522958235290225 -0.7141471979551712 8.130152463912964
-0.47577374493695174 -0.7158055288268576 8.142303943634033
-0.47632754603556954 -0.7174606658426471 8.154076337814331
-0.4770077492656314 -0.7195335794322549 8.170496225357056
-0.4775519118496808 -0.721191910303941 8.183794498443604
-0.4780960744337303 -0.7228502411756274 8.196213245391846
-0.4786402370177798 -0.7245085720473136 8.207930326461792
-0.47911215636747 -0.7259609904607296 8.219596147537231
-0.47965149276711594 -0.7276208972189193 8.232648372650146
-0.4801908291667619 -0.729280803977109 8.244176387786865
-0.48073016556640785 -0.7309407107352988 8.256479263305664
-0.48120630782745116 -0.7323917502480243 8.268264055252075
-0.4817408134790506 -0.7340532188472687 8.280707359313965
-0.48227531913065014 -0.7357146874465132 8.292635202407837
-0.48274723848034035 -0.7371671058599293 8.304206609725952
-0.48328657487998633 -0.738827012618119 8.31650424003601
-0.48382591127963226 -0.7404869193763087 8.32908296585083
-0.48436524767927824 -0.7421468261344986 8.341049909591675
-0.48511347123234627 -0.7444270310830672 8.358095645904541
-0.48565763381639576 -0.7460853619547534 8.370697736740112
-0.48620179640044525 -0.7477436928264396 8.383763790130615
-0.48674595898449474 -0.7494020236981259 8.395788431167603
-0.4872901215685442 -0.751060354569812 8.408272743225098
-0.48783428415259367 -0.7527186854414983 8.420441389083862
-0.48845189133706307 -0.7545825190137002 8.433988809585571
-0.48900087550103594 -0.7562392599667688 8.446279764175415
-0.48947701776207925 -0.7576902994794943 8.458082437515259
-0.49009462494654865 -0.7595541330516962 8.470908403396606
-0.4907808551515147 -0.7616250592430318 8.485737562179565
-0.4913298393154875 -0.7632818001961003 8.497710704803467
-0.4918059815765308 -0.7647328397088258 8.5090913772583
-0.49227790092622103 -0.7661852581222418 8.520663022994995
-0.49302612447928906 -0.7684654630708104 8.537683486938477
-0.4939182237457449 -0.7711576671195466 8.554267644882202
-0.4948024879448253 -0.7738524547860367 8.576472282409668
-0.4955440754943385 -0.7761348265785477 8.594486236572266
-0.49629229904740646 -0.7784150315271162 8.611665725708008
-0.4968990524970082 -0.7802824266300797 8.627775192260742
-0.49750037135505765 -0.7821515788042297 8.640871047973633
-0.4980348770066571 -0.783813047403474 8.65262770652771
-0.49844299894469424 -0.7850567955572388 8.664162397384644
-0.49904975239429594 -0.7869241906602022 8.676484107971191
-0.49952589465533925 -0.7883752301729278 8.689506530761719
-0.5000700572393888 -0.7900335610446141 8.700822830200195
-0.500541976589079 -0.7914859794580301 8.71246862411499
-0.5010181188501223 -0.7929370189707555 8.724109172821045
-0.5016983220801842 -0.7950099325603633 8.737764358520508
-0.5021702414298743 -0.7964623509737794 8.749145269393921
-0.5025747437296088 -0.7977072810424217 8.760701417922974
-0.5030508859906521 -0.7991583205551472 8.772410869598389
-0.5036576394402538 -0.8010257156581108 8.784841775894165
-0.5041969758398998 -0.8026856224163005 8.797693014144897
-0.5046731181009431 -0.804136661929026 8.809496879577637
-0.5052172806849925 -0.8057949928007122 8.820806503295898
-0.5056254026230296 -0.8070387409544768 8.832472085952759
-0.5063056058530915 -0.8091116545440847 8.846267461776733
-0.5067775252027816 -0.8105640729575008 8.858235836029053
-0.5073168616024276 -0.8122239797156905 8.869959831237793
-0.5078561980020736 -0.8138838864738802 8.881572961807251
-0.5083323402631169 -0.8153349259866057 8.894121170043945
-0.5088668459147164 -0.8169963945858502 8.906406879425049
-0.5093387652644067 -0.8184488129992662 8.91847038269043
-0.5101477698638757 -0.8209386731365509 8.934629201889038
-0.5106871062635217 -0.8225985798947406 8.948783874511719
-0.5113612767630791 -0.8246734633424777 8.964150428771973
-0.5119734596701347 -0.8265390855731247 8.976508378982544
-0.5125802131197364 -0.8284064806760882 8.990752458572388
-0.5131195495193824 -0.830066387434278 9.002535820007324
-0.5135956917804257 -0.8315174269470035 9.014279127120972
-0.514067611130116 -0.8329698453604195 9.026489496231079
-0.5146797940371717 -0.8348354675910665 9.039688348770142
-0.5152239566212212 -0.8364937984627528 9.05103874206543
-0.5156958759709114 -0.8379462168761689 9.062834978103638
-0.516308058877967 -0.8398118391068159 9.074609756469727
-0.5169148123275688 -0.8416792342097794 9.091696739196777
-0.5173909545886121 -0.8431302737225048 9.103529691696167
-0.5179351171726616 -0.8447886045941911 9.114821195602417
-0.518479279756711 -0.8464469354658772 9.127041816711426
-0.5190234423407606 -0.8481052663375636 9.139649868011475
-0.5195676049248101 -0.8497635972092499 9.152959823608398
-0.5201117675088596 -0.851421928080936 9.164428234100342
-0.5206559300929091 -0.8530802589526223 9.176749467849731
-0.5211362912363854 -0.8545299072865572 9.188392400741577
-0.5216756276360314 -0.8561898140447469 9.2009916305542
-0.522287810543087 -0.8580554362753939 9.213155031204224
-0.5228319731271365 -0.85971376714708 9.224660873413086
-0.5232400950651735 -0.8609575153008447 9.236996173858643
-0.5237842576492231 -0.8626158461725311 9.249733448028564
-0.5243284202332725 -0.8642741770442173 9.261074781417847
-0.524872582817322 -0.8659325079159035 9.273160934448242
-0.5253529439607982 -0.8673821562498384 9.284627199172974
-0.5258290862218415 -0.8688331957625639 9.298031330108643
-0.526373248805891 -0.87049152663425 9.309751033782959
-0.5269174113899405 -0.8721498575059363 9.32102370262146
-0.52746157397399 -0.8738081883776225 9.33316445350647
-0.5280057365580394 -0.8754665192493087 9.34631609916687
-0.5285498991420889 -0.8771248501209951 9.358091592788696
-0.5291566525916906 -0.8789922452239585 9.373878479003906
-0.5297579714497401 -0.8808613973981084 9.38630723953247
-0.5302924771013396 -0.882522865997353 9.399474859237671
-0.530826982752939 -0.8841843345965973 9.41072130203247
-0.5315685703024523 -0.8864667063891083 9.428516864776611
-0.5320362627476019 -0.8879204914134471 9.44077181816101
-0.5326430161972036 -0.8897878865164106 9.453907012939453
-0.533244335055253 -0.8916570386905606 9.466854333877563
-0.5337788407068526 -0.8933185072898051 9.479509115219116
-0.534313346358452 -0.8949799758890494 9.492484331130981
-0.5349200998080537 -0.896847370992013 9.504764795303345
-0.5353877922532032 -0.8983011560163519 9.517593145370483
-0.5359222979048027 -0.8999626246155963 9.529089212417603
-0.5364568035564022 -0.9016240932148408 9.542109251022339
-0.5370635570060039 -0.9034914883178042 9.554646730422974
-0.5376028934056499 -0.9051513950759941 9.56795859336853
-0.5381422298052959 -0.9068113018341838 9.57966947555542
-0.5386099222504455 -0.9082650868585226 9.591012239456177
-0.539144427902045 -0.9099265554577671 9.604155778884888
-0.5396789335536445 -0.9115880240570116 9.616362810134888
-0.540213439205244 -0.913249492656256 9.628357887268066
-0.5407479448568435 -0.9149109612555005 9.639958381652832
-0.5412198642065337 -0.9163633796689166 9.652503490447998
-0.5418211830645832 -0.9182325318430665 9.6646728515625
-0.5423556887161827 -0.919894000442311 9.676966428756714
-0.5428191502993703 -0.9213491397762412 9.689122676849365
-0.5433584866990163 -0.923009046534431 9.701886892318726
-0.5438261791441659 -0.92446283155877 9.713757753372192
-0.5443606847957653 -0.9261243001580143 9.726129531860352
-0.5448326041454555 -0.9275767185714303 9.73800015449524
-0.5453002965906051 -0.9290305035957692 9.749923944473267
-0.5461020550680044 -0.9315227064946359 9.767433643341064
-0.5466365607196038 -0.9331841750938802 9.779883861541748
-0.547108480069294 -0.9346365935072962 9.791609525680542
-0.54764781646894 -0.936296500265486 9.804163694381714
-0.5481155089140896 -0.9377502852898248 9.816471576690674
-0.5485874282637798 -0.9392027037032409 9.828286170959473
-0.5491267646634258 -0.9408626104614306 9.84000301361084
-0.5495944571085754 -0.9423163954857695 9.85177206993103
-0.5501289627601748 -0.9439778640850138 9.86415147781372
-0.5506634684117743 -0.9456393326842584 9.876997232437134
-0.5511353877614644 -0.9470917510976744 9.888532161712646
-0.551603080206614 -0.9485455361220133 9.900025844573975
-0.5520749995563042 -0.9499979545354293 9.912256240844727
-0.5525426920014538 -0.9514517395597681 9.923937320709229
-0.5530771976530533 -0.9531132081590127 9.936265230178833
-0.5536117033046527 -0.954774676758257 9.94792103767395
-0.5541462089562522 -0.9564361453575015 9.96026086807251
-0.5546181283059424 -0.9578885637709176 9.973436832427979
-0.5550226306056768 -0.9591334938395599 9.984761714935303
-0.5554903230508264 -0.9605872788638988 9.997498035430908
-0.5560248287024259 -0.9622487474631433 10.009926795959473
-0.5564257079411254 -0.9634948489125766 10.021089315414429
-0.556826587179825 -0.96474095036201 10.032648086547852
-0.5572985065295153 -0.966193368775426 10.044095277786255
-0.5578998253875647 -0.968062520949576 10.059684991836548
-0.5583007046262642 -0.9693086223990094 10.070837497711182
-0.5587015838649638 -0.9705547238484428 10.083034038543701
-0.5591650454481515 -0.972009863182373 10.09442925453186
-0.559632737893301 -0.973463648206712 10.107776403427124
-0.5600336171320006 -0.9747097496561453 10.119075298309326
-0.5604344963707003 -0.9759558511055787 10.131545543670654
-0.5608353756093999 -0.9772019525550119 10.142999410629272
-0.5612988371925876 -0.9786570918889423 10.154392004013062
-0.5618285075733734 -0.980320108270577 10.171851873397827
-0.5621625736056232 -0.9813585261451049 10.184092044830322
-0.5626260351888108 -0.9828136654790351 10.196363687515259
-0.5630232879744002 -0.9840609277652611 10.209016561508179
-0.5633573540066499 -0.985099345639789 10.22045612335205
-0.5637582332453496 -0.9863454470892223 10.23215365409851
-0.5640953184951283 -0.9873828888130908 10.243972539901733
-0.564429384527378 -0.9884213066876186 10.255988359451294
-0.5648302637660776 -0.9896674081370519 10.268542289733887
-0.5651673490158563 -0.9907048498609206 10.280385732650757
-0.5655014150481059 -0.9917432677354482 10.29213809967041
-0.5659022942868056 -0.9929893691848816 10.303820133209229
-0.5662333382747967 -0.9940287544234032 10.316722631454468
-0.5665674043070464 -0.9950671722979311 10.328100681304932
-0.566968283545746 -0.9963132737473643 10.339685916900635
-0.5672355363715458 -0.9971440080469866 10.350975036621094
-0.5675027891973455 -0.9979747423466088 10.363813638687134
-0.5679036684360451 -0.999220843796042 10.37589979171753
-0.5681709212618449 -1.0000515780956643 10.38799238204956
-0.5684381740876446 -1.0008823123952864 10.399599313735962
-0.5688390533263443 -1.0021284138447197 10.41200065612793
-0.5691063061521441 -1.002959148144342 10.423694610595703
-0.5693735589779437 -1.0037898824439642 10.434775590896606
-0.5697744382166434 -1.0050359838933975 10.452471017837524
-0.5701054822046345 -1.006075369131919 10.46477460861206
-0.5703703173950274 -1.0069068773227365 10.477139472961426
-0.5706351525854203 -1.0077383855135538 10.48943042755127
-0.57096921861767 -1.0087768033880815 10.502067565917969
-0.5712364714434698 -1.0096075376877038 10.514547348022461
-0.5715037242692695 -1.010438271987326 10.526512384414673
-0.5717709770950693 -1.0112690062869483 10.53841257095337
-0.5720382299208691 -1.0120997405865706 10.54988169670105
-0.5723692739088602 -1.0131391258250921 10.569040298461914
-0.57256971352821 -1.0137621765498088 10.58056640625
-0.5728369663540097 -1.0145929108494312 10.593162298202515
-0.5731042191798095 -1.0154236451490533 10.604656457901001
-0.5733714720056092 -1.0162543794486756 10.622297763824463
-0.5737723512443089 -1.017500480898109 10.639002084732056
-0.5741732304830085 -1.0187465823475421 10.654831647872925
-0.5744404833088083 -1.0195773166471644 10.672950267791748
-0.5747077361346079 -1.0204080509467865 10.690262079238892
-0.5749749889604077 -1.0212387852464089 10.704126596450806
-0.5752422417862074 -1.0220695195460312 10.71642780303955
-0.5757767474378069 -1.0237309881452756 10.739747762680054
-0.5759103738507068 -1.0241463552950867 10.750885248184204
-0.5761090002435014 -1.0247699864381996 10.762628078460693
-0.5763094398628512 -1.0253930371629163 10.776191711425781
-0.576576692688651 -1.0262237714625386 10.787885665893555
-0.5767789438385182 -1.0268462364968598 10.79997205734253
-0.576979383457868 -1.0274692872215763 10.811147689819336
-0.577113009870768 -1.0278846543713875 10.824138164520264
-0.5773802626965677 -1.0287153886710099 10.836373090744019
-0.5775138891094677 -1.0291307558208211 10.848005533218384
-0.5777125155022623 -1.029754386963934 10.859533548355103
-0.5779129551216121 -1.0303774376886508 10.871742486953735
-0.5781115815144069 -1.031001068831764 10.883847951889038
-0.5782439991096033 -1.0314168229271725 10.89648962020874
-0.5784444387289531 -1.0320398736518892 10.90807580947876
-0.5786430651217478 -1.0326635047950021 10.91965389251709
-0.5787754827169442 -1.0330792588904107 10.931975364685059
-0.5790403179073371 -1.0339107670812282 10.944380283355713
-0.5791727355025336 -1.0343265211766368 10.956485748291016
-0.5794375706929265 -1.0351580293674543 10.9730863571167
-0.5795699882881229 -1.0355737834628629 10.984668731689453
-0.5797704279074727 -1.0361968341875796 10.997114181518555
-0.5799040543203726 -1.0366122013373908 11.00890064239502
-0.5800376807332724 -1.0370275684872017 11.020387172698975
-0.5802363071260672 -1.0376511996303148 11.03285264968872
-0.5803687247212637 -1.0380669537257234 11.04434323310852
-0.5805011423164601 -1.038482707821132 11.056505918502808
-0.5807015819358099 -1.0391057585458487 11.06900143623352
-0.5808352083487097 -1.0395211256956598 11.081987619400024
-0.5810338347415045 -1.040144756838773 11.097440958023071
-0.5811662523367009 -1.0405605109341816 11.109734058380127
-0.5812986699318974 -1.0409762650295902 11.120935678482056
-0.5814310875270938 -1.0413920191249988 11.13455319404602
-0.5816315271464436 -1.0420150698497155 11.147149085998535
-0.5816977359440418 -1.0422229468974198 11.160794019699097
-0.5818981755633916 -1.0428459976221365 11.172318935394287
-0.5820318019762915 -1.0432613647719475 11.184704303741455
-0.5821654283891914 -1.0436767319217588 11.197054862976074
-0.5822316371867896 -1.043884608969463 11.210461616516113
-0.5824320768061394 -1.0445076596941796 11.222057104110718
-0.5824982856037376 -1.0447155367418839 11.234416246414185
-0.5826307031989341 -1.0451312908372925 11.246413946151733
-0.5827631207941305 -1.0455470449327011 11.25828504562378
-0.582895538389327 -1.0459627990281097 11.269689798355103
-0.5829623515957769 -1.0461704826030154 11.282084703445435
-0.5830935592528067 -1.0465866201260812 11.29391598701477
-0.5831597680504049 -1.0467944971737855 11.306380271911621
-0.5832921856456014 -1.047210251269194 11.318238735198975
-0.5834246032407978 -1.0476260053646027 11.330456495285034
-0.5835570208359943 -1.0480417594600113 11.341973304748535
-0.5836226246645091 -1.0482498282215442 11.353676319122314
-0.5838212510573039 -1.0488734593646574 11.364792823791504
-0.5839536686525003 -1.049289213460066 11.389068365097046
-0.5840204818589503 -1.0494968970349716 11.400572538375854
-0.5840866906565485 -1.049704774082676 11.41297197341919
-0.584219108251745 -1.0501205281780845 11.4243483543396
-0.5843515258469414 -1.0505362822734932 11.4401273727417
-0.5844839434421378 -1.0509520363689018 11.451596021652222
-0.5844839434421378 -1.0509520363689018 11.463090419769287
-0.5846807549276826 -1.0515762426535007 11.482232332229614
-0.5847469637252808 -1.051784119701205 11.496495485305786
-0.5848793813204772 -1.0521998737966136 11.508723497390747
-0.5850117989156737 -1.0526156278920222 11.52010464668274



