0.0 0.0
0.0 0.0
1.375 0.0
5.499983559464894 0.011646207293726915
16.499282103623056 0.13586994286849008
26.120446231030474 0.4075790400453642
34.36304909099072 0.7568612940680881
53.5853588921692 1.7889978681308583
65.91890256174082 2.8010875631528447
78.23003672845304 4.056715107136744
90.51395297348351 5.555390083599836
100.04320894527525 6.909607800243468
113.61554176931178 9.112851253332735
124.43083088583154 11.12021801755127
135.21056516242078 13.310498576321526
148.63692282960056 16.27620587694345
163.32847163552614 19.871204998376818
173.95947916770675 22.69639151447079
188.5092148639793 26.82807593715021
200.3444144726613 30.443138208073563
212.10586195320877 34.29138172457861
222.51115364525631 37.859280938879124
236.73327582328858 43.00679157540267
249.5394096384242 48.01333096991867
262.2588995361236 53.23607706199739
273.5973618498353 58.193888813217825
283.56077335222614 62.855479875722764
298.3853012279538 70.10002080401998
310.59957697460294 76.41460455790416
321.4945806035877 82.28312404107955
332.27148289010046 88.36580454452174
342.9260746476358 94.66027032648127
353.4541944610993 101.16406292721489
365.0070120733793 108.62026204052945
375.2893846008228 115.50600384565656
384.30652991280226 121.80609038654212
406.5793635139878 137.93590388124505
415.2265821602388 144.73484568743288
423.7573918269388 151.6792885326537
434.27233273354545 160.5392274562902
445.61570861313623 170.54389879793445
456.7012319303334 180.8335439708196
467.52174553493995 191.40151966782628
476.2022914779819 200.221312586639
486.6586218316687 211.14975165791387
495.0354295500363 220.2585231145647
504.19919860650907 230.50975897565155
511.3902442352223 238.83375217397676
521.148046758333 250.39017527630278
528.1252815961335 258.8941857430286
536.7866624206662 269.5732766318832
543.667415970314 278.15553918840106
553.1284521010797 289.95615020361316
560.8965283041185 299.5893021853781
568.6373760474723 309.2443475614607
577.2685718286267 319.9478497634217
585.0366480316655 329.5810017451866
594.5641669386515 341.3280017229267
603.3156876856747 351.9333487052004
612.1269533143052 362.48911007147404
621.0568639788452 372.9446920984745
630.0456710147367 383.349683596381
637.2836044568414 391.6329389641493
646.3893425528499 401.93575575019855
654.6367347036754 411.1618680251767
663.8294097869574 421.3871907493359
673.136973918477 431.5080479233924
681.5650818937756 440.5693734862837
690.9580345971731 450.61103368326997
700.4075390292504 460.5994953259931
709.9132938962384 470.53443993624296
719.4190487632264 480.46938454649285
727.0236526568169 488.41734023469274
736.5294075238049 498.35228484494263
746.92386239909 509.339592651938
758.2970633073799 521.2936840477604
767.7747307309547 531.2554268776124
778.138123459641 542.2720377970837
787.643878326629 552.2069824073336
797.0933827587063 562.1954440500567
805.5979367475759 571.1850595285075
815.9613294762621 582.2016704479788
825.3542821796595 592.2433306449651
834.6903836637377 602.3378692217893
843.0414409918565 611.4702548083967
853.1533835834666 622.7181098049718
862.3171526399393 632.9693456660586
871.4228907359478 643.2721624521079
881.4392026415572 654.6052609167621
888.7004935414998 662.8680482471011
898.6847685289208 674.2293808263173
907.7321853315517 684.5834500360277
921.3033105354981 700.1145538505932
934.0105696103975 714.5744316786866
944.058838592485 725.8792056907408
953.2226076489577 736.1304415518276
962.3863767054304 746.3816774129144
973.3828995731976 758.6831604462186
986.2930105404181 772.9622197574637
999.2031215076386 787.2412790687088
1010.3378646117968 799.4177931841853
1021.4726077159551 811.5943072996618
1034.463141337473 825.8002404343844
1042.8141986655917 834.9326260209917
1053.0525192102632 846.0655689124538
1063.3222308427491 857.1695613469604
1073.5605513874207 868.3025042384226
1082.8395039742193 878.449599334653
1090.262666043658 886.5672754116374
1100.4695138891366 897.7290800174909
1109.777078020656 907.8499371915474
1118.1538857390237 916.9587086481982
1127.4328383258223 927.1058037444287
1136.711790912621 937.2528988406592
1145.9907434994195 947.3999939368897
1155.2122513331483 957.5993220163505
1162.5894576001315 965.7587844799191
1172.7331162172331 976.9780453673259
1181.9257913005151 987.2033680914851
1191.118466383797 997.4286908156444
1203.9882115003918 1011.7441426294672
1211.3423515670174 1019.9244008087945
1218.696491633643 1028.1046589881219
1226.9698992085969 1037.3074494398652
1235.269256258953 1046.48684471138
1242.6233963255786 1054.6671028907074
1252.7353389171888 1065.9149578872825
1261.8991079736616 1076.1661937483693
1271.9792539357816 1087.4425531955649
1280.2526615107354 1096.6453436473082
1288.5000536615607 1105.8714559222863
1296.7734612365145 1115.0742463740296
1306.9171198536162 1126.2935072614364
1315.2423602238007 1135.4494341822158
1324.5213128105993 1145.5965292784463
1333.8002653973979 1155.7436243746768
1343.0792179841965 1165.8907194709072
1353.286065829675 1177.0525240767608
1362.5363329076577 1187.22577621096
1373.567543007596 1199.496163479951
1382.7023329913118 1209.7732307636368
1393.6640809717708 1222.1057115040596
1402.7988709554866 1232.3827787877453
1412.847139937574 1243.6875527997997
1420.178155182752 1251.8885414886693
1429.341924239225 1262.139777349756
1439.422070201345 1273.4161367969516
1448.614745284627 1283.6414595211108
1463.3230254178782 1300.0019758797655
1473.498319203659 1311.1925532273847
1480.8755254706423 1319.3520156909533
1491.9413348711169 1331.5912093863062
1501.1628427048458 1341.7905374657669
1509.462199755202 1350.9699327372816
1517.7356073301557 1360.172723189025
1526.8993763866285 1370.4239590501118
1538.887336570476 1383.6830855534108
1547.1607441454298 1392.8858760051542
1555.460101195786 1402.065271276669
1564.652776279068 1412.2905940008282
1574.8280700648488 1423.4811713484473
1586.890708427687 1436.672394973547
1596.1409755056698 1446.8456471077461
1605.3912425836525 1457.0188992419453
1614.6415096616352 1467.1921513761445
1622.9667500318196 1476.3480782969239
1631.3178073599383 1485.4804638835312
1640.568074437921 1495.6537160177304
1649.8183415159037 1505.8269681519296
1658.1435818860882 1514.982895072709
1666.494639214207 1524.1152806593163
1675.8022033457264 1534.2361378333728
1685.109767477246 1544.3569950074293
1694.4173316087654 1554.4778521814858
1703.667598686748 1564.651104315685
1716.617972595924 1578.893657303564
1726.7932663817048 1590.0842346511831
1737.8590757821794 1602.323428346536
1747.9392217442994 1613.5997877937316
1756.1605327296436 1622.8491483490488
1766.2406786917636 1634.1255077962444
1775.3754686754794 1644.40257507993
1784.5102586591952 1654.6796423636158
1792.7315696445394 1663.929002918933
1802.8117156066594 1675.2053623661286
1812.9236581982695 1686.4532173627038
1821.2230152486256 1695.6326126342185
1829.4964228235795 1704.8354030859618
1837.7957798739355 1714.0147983574766
1847.0460469519182 1724.1880504916758
1856.296314029901 1734.361302625875
1866.4716078156819 1745.5518799734941
1876.6784556611603 1756.7136845793477
1885.0036960313448 1765.8696115001271
1893.3547533594635 1775.0019970867345
1901.7315610778312 1784.1107685433853
1911.0105136646298 1794.2578636396158
1921.2173615101083 1805.4196682454694
1929.5426018802928 1814.5755951662488
1938.7641097140217 1824.7749232457095
1947.0634667643778 1833.9543185172242
1955.3368743393316 1843.1571089689676
1964.5006433958044 1853.4083448300544
1973.6644124522772 1863.6595806911412
1984.6609353200445 1875.9610637244455
1992.9083274708698 1885.1871759994235
2004.8588050791363 1898.4800955408305
2013.1061972299617 1907.7062078158085
2024.1374073299 1919.9765950847996
2032.4108149048539 1929.179385536543
2040.71017195521 1938.3587808080576
2049.035412325394 1947.514707728837
2060.1701554295523 1959.6912218443135
2070.377003275031 1970.8530264501671
2079.6272703530135 1981.0262785843663
2088.877537430996 1991.1995307185655
2097.2027778011807 2000.3554576393449
2105.5021348515365 2009.5348529108596
2113.77554242649 2018.737643362603
2123.919201043592 2029.9569042500098
2132.2444414137763 2039.1128311707891
2139.6216476807595 2047.2722936343578
2149.765306297861 2058.4915545217646
2159.015573375844 2068.6648066559637
2171.9659472850194 2082.907359643843
2183.0662677785986 2095.115262204882
2193.2415615643795 2106.3058395525013
2201.592618892498 2115.438225139109
2209.9178592626827 2124.594152059888
2220.124707108161 2135.7559566657415
2229.4322712396806 2145.8768138397977
2238.7398353712 2155.997671013854
2249.0408562298985 2167.07262447961
2265.8458389012394 2185.242793917894
2277.982770830541 2198.365694067765
2286.3595785489088 2207.474465524416
2296.5664263943872 2218.636270130269
2305.81669347237 2228.8095222644683
2313.216907134756 2236.948123971828
2322.467174212739 2247.121376106027
2332.64246799852 2258.3119534536463
2341.863975832249 2268.511281533107
2351.085483665978 2278.710609612568
2362.0820065337452 2291.012092645872
2373.0785294015127 2303.313575679176
2385.9078060805746 2317.665305884698
2399.6534596652837 2333.042159676328
2410.615207645743 2345.374640416751
2422.4904346245735 2358.7348278855425
2430.6855989109813 2368.0073629929866
2438.8545511734164 2377.302998739618
2447.0497154598243 2386.575533847062
2456.1263290847523 2396.904018009986
2464.2952813471875 2406.1996537566174
2473.3426981498183 2416.5537229663278
2481.537862436226 2425.826258073772
2491.5861314183135 2437.131032085826
2499.8854884686693 2446.310427357341
2508.158896043623 2455.513217809084
2516.458253093979 2464.6926130805987
2526.570195685589 2475.9404680771736
2537.636005086064 2488.1796617725267
2546.857512919793 2498.3789898519876
2555.156869970149 2507.5583851235024
2563.4821103403333 2516.7143120442815
2571.781467390689 2525.8937073157963
2580.1067077608736 2535.0496342365755
2590.313555606352 2546.211438842429
2598.6387959765366 2555.367365763208
2606.9898533046553 2564.4997513498156
2615.3150936748398 2573.6556782705948
2626.449836778998 2585.8321923860713
2634.8008941071166 2594.964577972679
2643.126134477301 2604.120504893458
2652.34764231103 2614.319832972919
2661.569150144759 2624.51916105238
2672.5656730125265 2636.820644085684
2680.813065163352 2646.046756360662
2690.005740246634 2656.272079084821
2700.1176828382445 2667.519934081396
2710.261341455346 2678.739194968803
2719.511608533329 2688.9124471030023
2728.704283616611 2699.1377698271613
2738.8162262082215 2710.385624823736
2747.1155832585773 2719.565020095251
2755.440823628762 2728.72094701603
2764.71977621556 2738.8680421122604
2773.9987288023585 2749.0151372084906
2782.4012201380287 2758.1002219276324
2790.8293281133274 2767.161547490524
2800.222280816725 2777.2032076875103
2812.4331193311414 2790.2573659435925
2824.6070530732395 2803.3459473122134
2834.8767647057257 2814.4499397467202
2843.3048726810243 2823.5112653096116
2852.6409741651028 2833.6058038864358
2862.8478220105812 2844.767608492289
2872.098089088564 2854.9408606264883
2881.290764171846 2865.1661833506473
2890.4834392551284 2875.3915060748063
2900.5317082372158 2886.6962800868605
2909.6954772936883 2896.9475159479475
2916.980067770495 2905.189769376787
2925.175232056903 2914.462304484231
2935.159507044324 2925.823637063447
