00
0.007926702499389648 0
0.020647764205932617 0
0.026671171188354492 1
0.033106088638305664 1
0.03993368148803711 3
0.0455317497253418 5
0.05217695236206055 7
0.057967424392700195 10
0.06548047065734863 13
0.07233524322509766 15
0.07821822166442871 19
0.08468937873840332 23
0.0911092758178711 27
0.0970158576965332 31
0.10354232788085938 37
0.11301302909851074 43
0.12239456176757812 47
0.12830185890197754 53
0.1351163387298584 57
0.14148783683776855 62
0.1475381851196289 67
0.15414166450500488 73
0.16082072257995605 80
0.16943860054016113 85
0.17584466934204102 89
0.18238449096679688 95
0.18829059600830078 101
0.19498777389526367 106
0.20136189460754395 111
0.2073192596435547 117
0.21393108367919922 123
0.22132349014282227 128
0.22725796699523926 134
0.23401236534118652 141
0.2406313419342041 144
0.24656963348388672 151
0.253093957901001 156
0.2600138187408447 161
0.2658505439758301 169
0.2730724811553955 174
0.27993226051330566 179
0.2858147621154785 185
0.29230690002441406 190
0.29818224906921387 195
0.30460143089294434 202
0.31110501289367676 207
0.3182506561279297 215
0.32477903366088867 220
0.33122849464416504 225
0.3371725082397461 231
0.34353160858154297 236
0.3503901958465576 242
0.35636210441589355 249
0.36289310455322266 254
0.37043285369873047 260
0.37651801109313965 267
0.38289713859558105 272
0.38951802253723145 278
0.39532899856567383 283
0.4021432399749756 289
0.40799403190612793 294
0.41433286666870117 301
0.4221172332763672 307
0.42792820930480957 312
0.4344158172607422 319
0.4410057067871094 325
0.4469165802001953 330
0.453279972076416 335
0.46012163162231445 341
0.465961217880249 348
0.473191499710083 354
0.4800410270690918 359
0.4859030246734619 364
0.4925215244293213 370
0.4983842372894287 377
0.5048611164093018 385
0.5162150859832764 393
0.523507833480835 399
0.5303688049316406 404
0.5364561080932617 411
0.5429205894470215 417
0.5495419502258301 422
0.5555109977722168 428
0.5622470378875732 433
0.5680563449859619 441
0.5754988193511963 446
0.5822196006774902 451
0.5880393981933594 457
0.5943889617919922 464
0.6009807586669922 469
0.6068911552429199 475
0.6133086681365967 481
0.6201381683349609 487
0.6270060539245605 493
0.6333744525909424 499
0.6402606964111328 504
0.6461868286132812 509
0.6525452136993408 515
0.6583859920501709 522
0.664844274520874 527
0.6712901592254639 533
0.6784486770629883 540
0.6850874423980713 545
0.6914277076721191 551
0.6973426342010498 557
0.7040150165557861 563
0.7107753753662109 568
0.7167847156524658 573
0.7231748104095459 579
0.7308363914489746 582
0.7378542423248291 585
0.7442302703857422 589
0.7508759498596191 591
0.7569234371185303 593
0.7632880210876465 595
0.7701678276062012 597
0.7769286632537842 597
0.7833616733551025 598
0.7902607917785645 599
0.796396017074585 599
0.8028476238250732 599
0.809455394744873 599
0.8152835369110107 600
0.8220179080963135 601
0.8294627666473389 601
0.8354992866516113 601
0.8423159122467041 601
0.8482158184051514 601
0.8548493385314941 601
0.8613126277923584 601
0.8672468662261963 602
0.8739035129547119 602
0.8813846111297607 603
0.8874650001525879 603
0.894157886505127 602
0.9015119075775146 602
0.9074926376342773 602
0.9181628227233887 602
0.924748420715332 602
0.9325351715087891 603
0.9384331703186035 603
0.9451897144317627 602
0.9520337581634521 602
0.9578583240509033 602
0.9682838916778564 603
0.9751191139221191 603
0.9826726913452148 602
0.9888899326324463 602
0.9951584339141846 602
1.0018887519836426 602
1.0075387954711914 602
1.0142929553985596 602
1.0209019184112549 602
1.0268208980560303 602
1.0343677997589111 603
1.041071891784668 602
1.0471034049987793 602
1.0535314083099365 602
1.0603830814361572 602
1.0663673877716064 602
1.0728325843811035 602
1.079397201538086 602
1.0864198207855225 602
1.0929358005523682 603
1.0997819900512695 603
1.1054956912994385 602
1.1122159957885742 602
1.118082046508789 602
1.1244235038757324 602
1.130976676940918 602
1.1380038261413574 602
1.144425630569458 602
1.15097975730896 603
1.1570780277252197 603
1.163499116897583 602
1.170410394668579 602
1.1764354705810547 602
1.1842296123504639 602
1.1923980712890625 602
1.1982848644256592 602
1.2047638893127441 602
1.2111895084381104 603
1.2172565460205078 602
1.2239067554473877 602
1.2306077480316162 602
1.2373297214508057 602
1.2440526485443115 602
1.250765323638916 602
1.2566707134246826 603
1.2630200386047363 603
1.2699120044708252 602
1.2759301662445068 602
1.2824499607086182 602
1.290107250213623 602
1.2959263324737549 602
1.3023860454559326 602
1.308210849761963 602
1.3184559345245361 603
1.3251709938049316 602
1.3322019577026367 602
1.3399181365966797 602
1.3459112644195557 602
1.3523764610290527 602
1.3582298755645752 602
1.3647537231445312 602
1.3711886405944824 602
1.377112627029419 602
1.3834714889526367 602
1.3911607265472412 602
1.3972537517547607 602
1.403972864151001 602
1.4106237888336182 602
1.4165730476379395 602
1.4229638576507568 602
1.429832935333252 602
1.435502290725708 602
1.4429130554199219 602
1.4495229721069336 602
1.4558193683624268 602
1.4623830318450928 602
1.4682457447052002 602
1.4747402667999268 602
1.4811930656433105 602
1.4882419109344482 602
1.4947826862335205 602
1.5012016296386719 602
1.5073153972625732 602
1.5140271186828613 602
1.5206365585327148 602
1.5265796184539795 602
1.5330801010131836 602
1.5407741069793701 602
1.546724796295166 602
1.5531039237976074 601
1.5600252151489258 601
1.5659306049346924 601
1.5725197792053223 602
1.5784108638763428 602
1.584991693496704 602
1.5925025939941406 601
1.598430871963501 601
1.605027675628662 601
1.611337661743164 601
1.6172559261322021 601
1.6238527297973633 602
1.6305580139160156 601
1.6366395950317383 601
1.643944501876831 601
1.6505916118621826 601
1.656501293182373 601
1.6630299091339111 601
1.6698918342590332 601
1.6755399703979492 601
1.6822190284729004 601
1.688082218170166 601
1.6959340572357178 601
1.7023978233337402 601
1.7082445621490479 601
1.717378854751587 601
1.725083827972412 601
1.7314152717590332 601
1.738480806350708 601
1.7462944984436035 601
1.7528092861175537 601
1.7594304084777832 601
1.765352725982666 601
1.7721290588378906 601
1.7779786586761475 601
1.784341812133789 601
1.7910192012786865 601
1.7980537414550781 601
1.8043584823608398 601
1.8109612464904785 601
1.8170475959777832 601
1.823425531387329 601
1.8302772045135498 601
1.8363094329833984 601
1.8441047668457031 601
1.8507976531982422 601
1.8567719459533691 601
1.8631179332733154 601
1.8699860572814941 601
1.8759362697601318 601
1.882422685623169 601
1.8882863521575928 601
1.896097183227539 601
1.9024763107299805 601
1.9083518981933594 601
1.914806842803955 601
1.9211997985839844 601
1.9273266792297363 601
1.9341826438903809 601
1.940788745880127 601
1.9475595951080322 601
1.9541654586791992 601
1.9607954025268555 601
1.966712474822998 601
1.9731509685516357 601
1.9800190925598145 601
1.985809564590454 601
1.9925224781036377 601
2.000122547149658 601
2.00730037689209 601
2.0138750076293945 601
2.0205235481262207 601
2.0265111923217773 601
2.032905340194702 601
2.039525032043457 601
2.045302629470825 601
2.0531322956085205 601
2.060041666030884 601
2.0658977031707764 601
2.0724234580993652 601
2.078294038772583 601
2.084784507751465 601
2.0912299156188965 601
2.0983214378356934 601
2.1048433780670166 601
2.1113178730010986 600
2.122904062271118 601
2.1298232078552246 601
2.1358208656311035 602
2.142442464828491 602
2.1501882076263428 601
2.156221628189087 601
2.162689685821533 601
2.1689302921295166 600
2.175480365753174 600
2.1823625564575195 600
2.1882941722869873 600
2.195909023284912 600
2.2033531665802 600
2.210256576538086 600
2.2162723541259766 600
2.2226786613464355 600
2.228861093521118 600
2.2351980209350586 600
2.241910934448242 600
2.2475216388702393 600
2.255056142807007 600
2.261387586593628 600
2.267326593399048 600
2.273937225341797 600
2.280590772628784 600
2.286503314971924 600
2.2930028438568115 600
2.2998578548431396 600
2.3066396713256836 600
2.313150405883789 600
2.3200666904449463 600
2.325897216796875 600
2.332385540008545 600
2.3382437229156494 600
2.344752073287964 600
2.3525302410125732 600
2.358412027359009 600
2.3650059700012207 600
2.371349334716797 600
2.3772945404052734 600
