00
0.012592554092407227 0
0.024468660354614258 0
0.030405521392822266 1
0.03796887397766113 3
0.046540021896362305 4
0.05334138870239258 6
0.059378623962402344 9
0.06639266014099121 13
0.07397007942199707 17
0.08268404006958008 20
0.0884709358215332 23
0.09530377388000488 27
0.10216522216796875 33
0.10838627815246582 37
0.11595749855041504 43
0.12455940246582031 48
0.1304934024810791 52
0.1370832920074463 58
0.14391803741455078 65
0.15304207801818848 69
0.1586761474609375 74
0.16531872749328613 81
0.1736292839050293 85
0.1798098087310791 92
0.18614959716796875 99
0.19519543647766113 103
0.20072340965270996 109
0.20735454559326172 115
0.2146914005279541 124
0.22376418113708496 127
0.22980141639709473 135
0.23626995086669922 141
0.2438526153564453 145
0.2497718334197998 155
0.26117467880249023 164
0.27004075050354004 169
0.2765049934387207 175
0.2833583354949951 180
0.2914245128631592 189
0.2981739044189453 195
0.30452919006347656 200
0.31043267250061035 207
0.31796717643737793 214
0.32660889625549316 219
0.3334641456604004 225
0.33942198753356934 232
0.3465003967285156 239
0.35404253005981445 245
0.3611278533935547 250
0.36747145652770996 257
0.3740522861480713 263
0.37992429733276367 268
0.3862631320953369 273
0.39307713508605957 279
0.3986802101135254 284
0.40535497665405273 292
0.41272854804992676 297
0.4189584255218506 303
0.4254641532897949 308
0.43125367164611816 313
0.43757200241088867 321
0.44414281845092773 326
0.4500863552093506 331
0.45642852783203125 339
0.4640474319458008 344
0.46993517875671387 350
0.4763810634613037 355
0.48323535919189453 361
0.48929381370544434 366
0.4956331253051758 371
0.5014874935150146 379
0.5079488754272461 384
0.5155646800994873 389
0.5214681625366211 397
0.5279936790466309 402
0.5343770980834961 407
0.5403811931610107 413
0.5467300415039062 419
0.5535969734191895 424
0.5595526695251465 431
0.5665771961212158 437
0.5734398365020752 442
0.5793323516845703 447
0.5856740474700928 453
0.5915451049804688 460
0.5982038974761963 466
0.6045053005218506 471
0.6103851795196533 479
0.6182236671447754 484
0.6245467662811279 489
0.6304378509521484 495
0.6370248794555664 500
0.643592119216919 506
0.6495151519775391 513
0.6560025215148926 522
0.6671860218048096 529
0.6737990379333496 533
0.6798255443572998 540
0.6862919330596924 545
0.6931402683258057 551
0.6987271308898926 557
0.7054071426391602 562
0.7112064361572266 569
0.7187395095825195 575
0.7254033088684082 580
0.7312004566192627 586
0.7375385761260986 593
0.7441070079803467 598
0.7501072883605957 604
0.7564380168914795 609
0.7632877826690674 617
0.7700133323669434 622
0.7764267921447754 627
0.7832686901092529 633
0.7890498638153076 639
0.7954912185668945 644
0.8012759685516357 649
0.8075482845306396 657
0.8141274452209473 662
0.8211221694946289 667
0.8274452686309814 675
0.8340303897857666 680
0.8400387763977051 686
0.8463344573974609 691
0.8533105850219727 697
0.8590908050537109 702
0.8655767440795898 709
0.8732597827911377 715
0.8792824745178223 720
0.8856477737426758 725
0.8914971351623535 733
0.8981778621673584 738
0.9045336246490479 743
0.9115383625030518 751
0.9191584587097168 755
0.9256777763366699 760
0.9315834045410156 766
0.9382491111755371 769
0.94454026222229 773
0.9504647254943848 775
0.9571676254272461 779
0.9638171195983887 781
0.9704632759094238 782
0.977064847946167 783
0.9839687347412109 783
0.9907083511352539 783
0.9973583221435547 783
1.0039801597595215 782
1.0100517272949219 781
1.0164878368377686 779
1.0241971015930176 778
1.0301742553710938 777
1.0365421772003174 776
1.0434470176696777 775
1.0494287014007568 774
1.0557787418365479 772
1.0664288997650146 770
1.074129581451416 769
1.0802881717681885 768
1.0870246887207031 767
1.093646764755249 766
1.0996429920196533 764
1.1060593128204346 763
1.1127281188964844 762
1.1185355186462402 761
1.1260395050048828 760
1.1326093673706055 759
1.1385445594787598 757
1.1454901695251465 757
1.1513359546661377 756
1.157759189605713 755
1.1642496585845947 753
1.1701629161834717 752
1.1775665283203125 751
1.1841881275177002 749
1.1901006698608398 748
1.196558952331543 747
1.2034382820129395 746
1.209425449371338 745
1.2157938480377197 744
1.221606731414795 743
1.2293803691864014 742
1.2357373237609863 741
1.2415976524353027 739
1.248199462890625 739
1.2545502185821533 738
1.26059889793396 737
1.267390489578247 736
1.275176763534546 735
1.2810373306274414 733
1.287430763244629 732
1.2940351963043213 731
1.299985647201538 730
1.306335210800171 729
1.313215732574463 728
1.319272756576538 727
1.3264591693878174 725
1.333338975906372 725
1.3392999172210693 724
1.3456707000732422 723
1.3515701293945312 722
1.3580141067504883 721
1.3644745349884033 720
1.3704068660736084 719
1.3782358169555664 718
1.3845736980438232 717
1.3905010223388672 716
1.3972508907318115 715
1.403923749923706 715
1.4098899364471436 714
1.4162225723266602 713
1.4230763912200928 711
1.4298632144927979 710
1.4363415241241455 709
1.4432363510131836 709
1.449077844619751 708
1.4555840492248535 707
1.4663472175598145 705
1.4732666015625 705
1.480078935623169 704
1.4865314960479736 703
1.4934165477752686 702
1.4994962215423584 701
1.5058722496032715 701
1.51165771484375 700
1.51837158203125 699
1.5252141952514648 699
1.532651424407959 698
1.53849196434021 697
1.5452702045440674 696
1.5510973930358887 695
1.5575933456420898 694
1.5642404556274414 693
1.5702810287475586 693
1.5766897201538086 692
1.5843846797943115 691
1.5903401374816895 691
1.596994161605835 690
1.6036863327026367 689
1.6096625328063965 688
1.616180419921875 687
1.623033046722412 686
1.6286647319793701 685
1.6361145973205566 685
1.642967700958252 685
1.648677110671997 684
1.655501127243042 683
1.6630091667175293 683
1.6687397956848145 682
1.675536870956421 681
1.6832513809204102 680
1.6891052722930908 679
1.695774793624878 679
1.7016642093658447 678
1.7082550525665283 677
1.7151525020599365 677
1.7207152843475342 676
1.7273802757263184 675
1.7353663444519043 674
1.7412168979644775 673
1.7475948333740234 673
1.754195213317871 673
1.7601847648620605 672
1.7665736675262451 671
1.7734899520874023 671
1.779482126235962 670
1.7866926193237305 669
1.7935612201690674 669
1.7996983528137207 669
1.806117296218872 668
1.8127329349517822 667
1.8186581134796143 666
1.8253085613250732 665
1.8311610221862793 665
1.8384087085723877 664
1.8451874256134033 664
1.8510184288024902 663
1.8575255870819092 662
1.8683562278747559 661
1.8752753734588623 661
1.8811695575714111 660
1.8889527320861816 660
1.89542555809021 659
1.9012782573699951 659
1.9086644649505615 659
1.915475606918335 658
1.9213581085205078 657
1.927863359451294 656
1.93546462059021 656
1.9413702487945557 655
1.9478650093078613 655
1.9543402194976807 655
1.9602923393249512 654
1.9667079448699951 653
1.9739952087402344 653
1.9805052280426025 652
1.9883010387420654 652
1.9950635433197021 651
2.0006892681121826 651
2.0090901851654053 651
2.0155856609344482 650
2.0214319229125977 649
2.0279719829559326 649
2.034393548965454 649
2.0415940284729004 648
2.0484089851379395 647
2.0551817417144775 647
2.0610287189483643 647
2.067408561706543 646
2.0740416049957275 646
2.080003261566162 645
2.087351083755493 645
2.094066619873047 644
2.100147008895874 643
2.106472969055176 643
2.1133182048797607 643
2.1192727088928223 643
2.1256749629974365 643
2.1315433979034424 642
2.139292001724243 641
2.1457889080047607 641
2.1516149044036865 641
2.158371925354004 641
2.1651089191436768 640
2.170715808868408 639
2.1805126667022705 637
2.1979994773864746 636
2.2070443630218506 636
2.2136900424957275 636
2.2199594974517822 636
2.2272870540618896 635
2.2346837520599365 635
2.243856906890869 635
2.249879837036133 634
2.2584519386291504 633
2.2695772647857666 633
2.276200771331787 632
2.285611629486084 632
2.293498992919922 632
2.299619674682617 631
2.308736801147461 631
2.3156449794769287 631
2.3215389251708984 631
2.330322742462158 631
2.337223768234253 630
2.3446788787841797 629
2.353762626647949 628
2.359858512878418 627
2.3684253692626953 627
2.3753232955932617 627
2.381181478500366 627
2.3899011611938477 627
2.3974568843841553 627
2.404095411300659 627
2.412567377090454 626
2.418485403060913 625
2.425267457962036 625
2.433820962905884 625
2.4398841857910156 625
2.4539167881011963 624
2.460463523864746 624
2.467104196548462 623
2.4737539291381836 623
2.4796979427337646 623
2.4861252307891846 623
2.4929656982421875 623
2.4998178482055664 622
2.506190061569214 621
2.5131025314331055 621
2.519117593765259 621
2.5256011486053467 620
2.531471014022827 620
2.5379674434661865 620
2.545560836791992 620
2.551506280899048 619
2.5579988956451416 619
2.5644965171813965 619
2.5706422328948975 619
2.577418088912964 619
2.584057092666626 618
2.589970827102661 618
2.5972461700439453 617
2.603907585144043 617
2.609851360321045 617
2.61625337600708 617
2.623202085494995 617
2.6290247440338135 617
2.6356523036956787 617
2.6415457725524902 616
2.6493330001831055 616
2.6556999683380127 615
2.661571979522705 615
2.67349910736084 615
2.6795811653137207 615
2.6860742568969727 615
2.693040609359741 615
2.700073003768921 614
2.706449270248413 613
2.7133901119232178 613
2.719322919845581 613
2.7256929874420166 613
2.731569766998291 613
2.738234519958496 613
2.744612693786621 612
2.7520594596862793 611
2.758390188217163 611
2.7652225494384766 611
2.7710609436035156 611
2.777453660964966 611
2.7840986251831055 611
2.7900185585021973 611
2.7963669300079346 611
2.8040103912353516 610
2.8099048137664795 609
2.8164148330688477 609
2.823284149169922 609
2.829343318939209 610
2.8356852531433105 610
2.8415637016296387 610
2.8481528759002686 609
2.855733871459961 609
2.8615877628326416 609
2.86818528175354 609
2.874520778656006 608
2.8805952072143555 608
2.887288808822632 607
2.8939616680145264 607
2.9006893634796143 607
2.908348560333252 607
2.9151253700256348 607
2.9207072257995605 607
2.9273252487182617 607
2.934032917022705 607
2.9400551319122314 607
2.946389675140381 606
2.9541280269622803 605
2.9601945877075195 605
2.9666056632995605 605
2.9734859466552734 606
2.9795072078704834 606
2.985926628112793 605
2.993558406829834 605
2.999932289123535 605
3.007274866104126 604
3.0139355659484863 604
3.0198795795440674 604
3.0262327194213867 604
3.0331127643585205 604
3.0390524864196777 604
3.0455269813537598 603
3.0514235496520996 603
3.0592639446258545 603
3.0699639320373535 603
3.0764212608337402 603
3.083289384841919 602
3.089481830596924 602
3.0959622859954834 602
3.1025948524475098 602
3.1096038818359375 602
3.116119384765625 602
3.1229751110076904 602
3.1286520957946777 602
3.1353631019592285 602
3.1411983966827393 601
3.147636890411377 601
3.1554629802703857 601
3.161332368850708 601
3.1677610874176025 601
3.1742498874664307 600
3.180281400680542 600
3.186711549758911 600
3.193561315536499 600
3.199516773223877 599
3.2070765495300293 599
3.2137601375579834 599
3.219810962677002 600
3.226158380508423 600
3.2329936027526855 600
3.2390072345733643 599
3.245516777038574 599
3.2513949871063232 599
3.259049892425537 599
3.2655251026153564 599
3.271428346633911 599
3.2779276371002197 599
3.2843480110168457 598
3.2903313636779785 598
3.2971227169036865 598
3.3037772178649902 598
3.310476303100586 598
3.3170785903930664 598
3.3237380981445312 597
3.3296852111816406 597
3.3361144065856934 597
3.342747449874878 597
3.3487370014190674 597
3.355527877807617 597
3.3632187843322754 597
3.369081974029541 597
3.3755717277526855 597
3.381448984146118 597
3.3879380226135254 597
3.394374370574951 596
3.400331974029541 596
3.4070284366607666 596
3.4144675731658936 596
3.4205052852630615 596
3.427112579345703 595
3.433788537979126 595
3.4397549629211426 595
3.4461350440979004 595
3.4527475833892822 596
3.4596927165985107 596
3.4706664085388184 595
3.4775478839874268 594
3.4841973781585693 594
3.490281105041504 593
3.497015953063965 593
3.503645658493042 593
3.510361433029175 594
3.51706600189209 594
3.5237009525299072 594
3.529662609100342 593
3.5361945629119873 593
3.5430610179901123 593
3.5487184524536133 593
3.5554134845733643 594
3.563103199005127 594
3.5687427520751953 594
3.575421094894409 593
3.5812320709228516 593
3.5875601768493652 593
3.5942118167877197 593
3.6003031730651855 593
3.6070303916931152 593
3.6144049167633057 593
3.620337963104248 593
3.626723051071167 593
3.633589506149292 593
3.6395256519317627 592
3.645895481109619 592
3.6521451473236084 592
3.6584808826446533 592
3.666008234024048 592
3.672574043273926 593
3.6783647537231445 593
3.6850709915161133 592
3.6906604766845703 592
3.6973376274108887 592
3.7040064334869385 592
3.70993971824646 592
3.7174489498138428 592
3.7240188121795654 592
3.7299113273620605 591
3.7363944053649902 591
3.743295192718506 591
3.749145746231079 591
3.7555713653564453 591
3.7614340782165527 591
3.769268274307251 591
3.7757558822631836 591
3.781614065170288 591
3.788217544555664 591
3.794532060623169 591
3.8005049228668213 591
3.807124137878418 590
3.8137800693511963 590
3.82053542137146 590
3.8271751403808594 590
3.8338260650634766 590
3.8398473262786865 590
3.8462181091308594 590
3.8531041145324707 590
3.8587207794189453 590
3.870342254638672 589
3.8771636486053467 589
3.883824110031128 590
3.8898444175720215 590
3.896444320678711 590
3.903290271759033 590
3.909902811050415 589
3.9162518978118896 589
3.9239261150360107 589
3.9299042224884033 589
3.9362635612487793 589
3.943101644515991 589
3.9487218856811523 589
3.955526113510132 589
3.961440324783325 589
3.9691100120544434 589
3.975597381591797 589
3.9814999103546143 589
3.9879751205444336 589
3.996168613433838 589
4.0033299922943115 589
4.009248733520508 589
4.015720367431641 589
4.02341890335083 588
4.0293896198272705 588
4.035785675048828 588
4.0416178703308105 588
4.048214912414551 588
4.054546356201172 588
4.060488700866699 588
4.067080497741699 588
4.074502229690552 588
4.080552339553833 587
4.087192058563232 587
4.0939109325408936 587
4.100011348724365 587
4.106263875961304 587
4.113075494766235 588
4.118709087371826 588
4.126316070556641 587
4.13320779800415 587
4.143859624862671 587
4.1499176025390625 587
4.156274795532227 588
4.163112640380859 587
4.169587135314941 587
4.177016496658325 587
4.183671236038208 587
4.189582586288452 587
4.196053504943848 587
4.202648162841797 587
4.208410024642944 587
4.215213060379028 587
4.220749139785767 586
4.228386163711548 586
4.235244989395142 586
4.24103307723999 586
4.247344970703125 586
4.253939867019653 586
4.260016441345215 586
4.26629638671875 586
4.277749538421631 586
4.284226655960083 586
4.290236473083496 586
4.296716690063477 586
4.303553819656372 586
4.309528112411499 586
4.316007614135742 586
4.322549819946289 586
4.329611539840698 586
4.335970163345337 586
4.342576503753662 586
4.348370552062988 586
4.355085134506226 586
4.360677003860474 586
4.367278575897217 586
4.373919248580933 586
4.381079435348511 586
4.387537479400635 586
4.394130706787109 586
4.4000420570373535 586
4.406362056732178 586
4.413266181945801 586
4.419054746627808 586
4.426236867904663 586
4.433166027069092 585
4.439104080200195 585
4.445604562759399 585
4.453667163848877 586
4.459666013717651 586
4.4660484790802 586
4.47259521484375 586
4.479567766189575 585
4.485921859741211 585
4.492543935775757 585
4.49854040145874 585
4.505275249481201 585
4.511121034622192 585
4.517593145370483 585
4.524171590805054 585
4.53074836730957 585
4.537376403808594 585
4.543999671936035 585
4.549877643585205 585
4.556347370147705 585
4.563197612762451 584
4.569024562835693 584
4.575549840927124 585
4.583252191543579 585
4.58906364440918 585
4.59555196762085 585
4.601391553878784 585
4.607731580734253 585
4.6142418384552 585
4.6202898025512695 585
4.626625299453735 584
4.634254455566406 584
4.640172004699707 584
4.646700143814087 584
4.653520345687866 584
4.659466505050659 585
4.665845155715942 584
4.677114486694336 583
4.6844964027404785 583
4.690516948699951 583
4.697289943695068 583
4.703859090805054 583
4.7097790241241455 584
4.716072082519531 584
4.722701549530029 584
4.728483438491821 583
4.736176490783691 583
4.743078231811523 583
4.748721599578857 583
4.755358934402466 584
4.761112928390503 584
4.767498970031738 584
4.774108171463013 583
4.780130624771118 583
4.787535667419434 583
4.794192314147949 583
4.8002097606658936 584
4.8065595626831055 584
4.813464164733887 584
4.819368124008179 583
4.825703144073486 583
4.833263874053955 583
4.839242696762085 583
4.8455634117126465 584
4.8513524532318115 584
4.857934474945068 584
4.8643622398376465 583
4.876232862472534 583
4.883836507797241 583
4.889820575714111 583
4.8961710929870605 583
4.903008937835693 583
4.9099085330963135 583
4.916343450546265 583
4.9231836795806885 583
4.929019927978516 582
4.9362733364105225 582
4.943204641342163 583
4.949002265930176 583
4.955529689788818 583
4.961377382278442 583
4.967730760574341 582
4.974260330200195 582
4.980284214019775 582
4.987926244735718 583
4.994325160980225 583
5.000239372253418 583
5.00800347328186 583
5.0146379470825195 582
5.020549058914185 582
5.027166843414307 582
5.033806800842285 583
5.040641784667969 583
5.0473268032073975 583
5.053954601287842 583
5.0598461627960205 582
5.0661890506744385 582
5.077283620834351 582
5.083991527557373 583
5.091132402420044 583
5.097919940948486 583
5.104346752166748 583
5.11025071144104 582
5.11665940284729 582
5.123470783233643 582
5.129434108734131 583
5.1357421875 583
5.143901348114014 583
5.149886846542358 582
5.156317234039307 582
5.163247346878052 582
5.169266700744629 582
5.1755897998809814 583
5.18141508102417 583
5.189089775085449 583
5.1955885887146 582
5.201432466506958 582
5.20792031288147 582
5.214319944381714 582
5.220340251922607 582
5.22664737701416 582
5.2334370613098145 583
5.240074396133423 583
5.246446847915649 583
5.253295660018921 582
5.259129047393799 582
5.265609264373779 582
5.271445989608765 583
5.278164625167847 583
5.284524917602539 582
5.291519403457642 582
5.298223972320557 582
5.304558992385864 582
5.310445785522461 582
5.316991567611694 583
5.323588609695435 583
5.32956075668335 582
5.3362462520599365 582
5.343940496444702 582
5.34982967376709 583
5.356164216995239 583
5.3630242347717285 583
5.368673324584961 582
5.375392436981201 582
5.3812034130096436 582
5.387494087219238 583
5.39537501335144 583
5.4012110233306885 583
5.407539367675781 582
5.414125442504883 582
5.420054197311401 582
5.42654013633728 582
5.43339467048645 582
5.439274787902832 582
5.446238994598389 582
5.453073501586914 582
5.459052801132202 582
5.465515851974487 583
5.475760459899902 583
5.481597423553467 582
5.488278388977051 582
5.496063709259033 582
5.502640247344971 582
5.508434057235718 582
5.515274286270142 582
5.521086692810059 582
5.5274364948272705 581
5.534010887145996 581
5.539971113204956 581
5.547374963760376 582
5.554004907608032 582
5.560037851333618 582
5.566350698471069 582
5.573169708251953 582
5.579238176345825 581
5.585619211196899 581
5.591443300247192 582
5.599114418029785 582
5.605578422546387 582
5.611403942108154 581
5.61787486076355 581
5.624298095703125 581
5.630231857299805 581
5.636706590652466 581
5.643512725830078 581
5.65018367767334 581
5.656527280807495 581
5.663346767425537 581
5.669126749038696 581
5.675564289093018 581
5.681374788284302 581
5.687910318374634 581
5.694279670715332 581
5.701362133026123 581
5.707738876342773 581
5.714199781417847 581
5.720089673995972 581
5.726374387741089 581
5.733243465423584 581
5.739004850387573 581
5.74543023109436 581
5.753045558929443 581
5.75874400138855 581
5.765396595001221 581
5.771167278289795 581
5.7774553298950195 581
5.784005165100098 581
5.7898945808410645 581
5.7962048053741455 581
5.8037989139556885 581
5.809661626815796 581
5.816143035888672 581
5.822669506072998 581
5.828391790390015 581
5.834657907485962 581
5.840514659881592 581
5.847101926803589 581
5.854451417922974 581
5.860342979431152 581
5.867496967315674 581
5.8783979415893555 581
5.885205030441284 581
5.891051530838013 581
5.897464752197266 581
5.905280828475952 581
5.912547588348389 581
5.918310880661011 581
5.924641132354736 581
5.930546283721924 581
5.937452554702759 581
5.944014072418213 581
5.950743198394775 581
5.957400798797607 581
5.9639739990234375 581
5.969844818115234 581
5.976149082183838 581
5.9826836585998535 581
5.988439321517944 581
5.995271444320679 581
6.002654075622559 581
6.009765863418579 581
6.016422986984253 581
6.02323317527771 581
6.029036045074463 581
6.035464525222778 581
6.041257619857788 581
6.04752779006958 581
6.055454969406128 581
6.061262607574463 581
6.067532777786255 581
6.0740885734558105 581
6.0800676345825195 581
6.086374521255493 581
6.0932018756866455 581
6.099004745483398 581
6.10623025894165 581
6.113058567047119 581
6.119012117385864 581
6.125433444976807 581
6.131222486495972 581
6.137516260147095 581
6.144082069396973 581
6.150118589401245 581
6.157394647598267 581
6.163995027542114 581
6.169845104217529 581
6.176286697387695 581
6.183147430419922 581
6.188732862472534 581
6.195409774780273 581
6.201202869415283 581
6.208745241165161 581
6.21543550491333 581
6.221202373504639 581
6.227505445480347 581
6.234123945236206 581
6.240096092224121 581
6.24643087387085 581
6.253276586532593 581
6.259921312332153 581
6.266240835189819 581
6.276357889175415 581
6.283272743225098 581
6.289247989654541 581
6.295797109603882 581
6.301574468612671 581
6.30924654006958 581
6.315584659576416 581
6.3214027881622314 581
6.327740907669067 581
6.334237098693848 581
6.340256452560425 581
6.346644163131714 581
6.353442668914795 581
6.360276460647583 581
6.366635084152222 581
6.373438596725464 581
6.37938928604126 581
6.385703802108765 581
6.391521692276001 581
6.397959470748901 581
6.404368877410889 581
6.411365509033203 581
6.4179527759552 581
6.424352407455444 581
6.430266380310059 581
6.436636209487915 581
6.443445920944214 581
6.449375152587891 581
6.455684185028076 581
6.463356971740723 581
6.46934175491333 581
6.4757914543151855 581
6.481598377227783 581
6.48813271522522 581
6.4944748878479 581
6.500385522842407 581
6.506731271743774 581
6.514371156692505 581
6.520282030105591 581
6.52663779258728 581
6.533456087112427 581
6.539498329162598 581
6.54585862159729 581
6.551665544509888 581
6.558202028274536 581
6.565663576126099 581
6.571525573730469 581
6.578017234802246 581
6.584421634674072 581
6.5903284549713135 581
6.5970916748046875 581
6.603750944137573 581
6.610395431518555 581
6.617049217224121 581
6.623629570007324 581
6.629585027694702 581
6.635974884033203 581
6.642535924911499 581
6.648390531539917 581
6.65468692779541 581
6.662593603134155 581
6.669347047805786 581
6.679663181304932 581
6.686151504516602 581
6.69269323348999 581
6.698655366897583 581
6.70536470413208 581
6.712698459625244 581
6.718738555908203 581
6.725525379180908 581
6.731389284133911 580
6.738029718399048 580
6.744483709335327 580
6.75036883354187 581
6.756664991378784 581
6.764225006103516 580
6.770156145095825 580
6.776641607284546 580
6.783457517623901 580
6.789297580718994 580
6.795600175857544 580
6.80139946937561 580
6.807636737823486 580
6.815328121185303 580
6.8210296630859375 580
6.8273398876190186 580
6.833893299102783 580
6.839876174926758 580
6.8461527824401855 580
6.852667808532715 580
6.858495712280273 580
6.866029262542725 580
6.872567176818848 580
6.879924058914185 580
6.886203765869141 580
6.892744779586792 580
6.8986732959747314 580
6.905335426330566 580
6.912163972854614 580
6.919345855712891 580
6.925620079040527 580
6.931388854980469 580
6.937601089477539 580
6.944123029708862 580
6.949962615966797 580
6.956352710723877 580
6.963105916976929 580
6.9698474407196045 580
6.976135015487671 580
6.982726097106934 580
6.9885358810424805 580
6.995161294937134 580
7.0006263256073 580
7.0071656703948975 580
7.014690399169922 580
7.0230326652526855 580
7.028514385223389 580
7.03523588180542 580
7.040666341781616 580
7.047152519226074 580
7.053693532943726 580
7.0595598220825195 580
7.065886735916138 580
7.073451995849609 580
7.0834832191467285 580
7.089474439620972 580
7.095870733261108 580
7.101612567901611 580
7.10829758644104 580
7.114560604095459 580
7.121594667434692 580
7.128015756607056 580
7.134353160858154 580
7.14038348197937 580
7.146979808807373 580
7.15351939201355 580
7.159405946731567 580
7.165651321411133 580
7.173205375671387 580
7.178745746612549 580
7.185376167297363 580
7.191136360168457 580
7.197518825531006 580
7.204028367996216 580
7.209842681884766 580
7.216136693954468 580
7.2238194942474365 580
7.229694128036499 580
7.236029624938965 580
7.2421674728393555 580
7.248416185379028 580
7.254674673080444 580
7.260701417922974 580
7.267240047454834 580
7.274618864059448 580
7.280466556549072 580
7.286731719970703 580
7.293503522872925 580
7.299360990524292 580
7.311115264892578 580
7.317546606063843 580
7.32516074180603 580
7.330665826797485 580
7.3371741771698 580
7.34371542930603 580
7.349551677703857 580
7.355849027633667 580
7.361615419387817 580
7.368150472640991 580
7.375705718994141 580
7.381516456604004 580
7.387936592102051 580
7.394300222396851 580
7.400161027908325 580
7.406422853469849 580
7.413194179534912 580
7.418739080429077 580
7.426172971725464 580
7.432718276977539 580
7.43852424621582 580
7.445188999176025 580
7.450645446777344 580
7.457160949707031 580
7.46369743347168 580
7.469545364379883 580
7.479509353637695 580
7.487220764160156 580
7.493805885314941 580
7.499860048294067 580
7.506361961364746 580
7.513107776641846 580
7.518665313720703 580
7.525916576385498 580
7.532057523727417 580
7.538160085678101 580
7.544497013092041 580
7.550342321395874 580
7.556744337081909 580
7.563557147979736 580
7.569484233856201 580
7.576561689376831 580
7.5834128856658936 580
7.589265823364258 580
7.595589637756348 580
7.60135817527771 580
7.607590675354004 580
7.614123106002808 580
7.620074987411499 580
7.627338647842407 580
7.633928298950195 580
7.639877796173096 580
7.6461570262908936 580
7.652653455734253 580
7.658392667770386 580
7.6646482944488525 580
7.6704912185668945 580
7.6779913902282715 580
7.684454441070557 580
7.690309524536133 580
7.696659088134766 580
7.703417539596558 580
7.709249973297119 580
7.715567111968994 580
7.721326589584351 580
7.727585315704346 580
7.735373497009277 580
7.74113392829895 580
7.74737548828125 580
7.753938674926758 580
7.759824514389038 580
7.766211032867432 580
7.772748231887817 580
7.778473854064941 580
7.78592586517334 580
7.791661977767944 580
7.798264265060425 580
7.80449652671814 580
7.810337543487549 580
7.816597938537598 580
7.823340892791748 580
7.829078674316406 580
7.836238622665405 580
7.842999219894409 580
7.848492383956909 580
7.85528826713562 580
7.861053943634033 580
7.8673319816589355 580
7.8738672733306885 580
7.88460373878479 580
7.89056658744812 580
7.897441387176514 580
7.903955698013306 580
7.91056227684021 580
7.917245388031006 580
7.9238011837005615 580
7.9296064376831055 580
7.936523199081421 580
7.943289041519165 580
7.949039697647095 580
7.955458641052246 580
7.961202144622803 580
7.967432975769043 580
7.976696491241455 580
7.984215974807739 580
7.9902284145355225 580
7.996646404266357 580
8.003460168838501 580
8.010181427001953 580
8.016985654830933 580
8.023504734039307 580
8.02947449684143 580
8.036623239517212 580
8.043407440185547 580
8.049272060394287 580
8.055565118789673 580
8.061304569244385 580
8.067532777786255 580
8.074072360992432 580
8.079880475997925 580
8.08723497390747 580
8.093764781951904 580
8.099682569503784 580
8.105993509292603 580
8.11207628250122 580
8.118202447891235 580
8.124472379684448 580
8.130326509475708 580
8.137864351272583 580
8.144216775894165 580
8.150266647338867 580
8.156727075576782 580
8.163512706756592 580
8.169408082962036 580
8.1756591796875 580
8.181458234786987 580
8.189045429229736 580
8.195446729660034 580
8.201173305511475 580
8.207431077957153 580
8.213967561721802 580
8.219912767410278 580
8.226165533065796 580
8.232656002044678 580
8.239546537399292 580
8.245865821838379 580
8.251657724380493 580
8.258135795593262 580
8.264441728591919 580
8.270299673080444 580
8.276700496673584 580
8.288295984268188 580
8.294610023498535 580
8.300535678863525 580
8.307130813598633 580
8.313698053359985 580
8.319527626037598 580
8.325807094573975 580
8.331539630889893 580
8.339318990707397 580
8.345628499984741 580
8.351406812667847 580
8.357638359069824 580
8.36414885520935 580
8.370002031326294 580
8.376238107681274 580
8.383034944534302 580
8.389672756195068 580
8.396158933639526 580
8.402660369873047 580
8.40837550163269 580
8.414660215377808 580
8.420639276504517 580
8.427147150039673 580
8.433656454086304 580
8.440208435058594 580
8.446586608886719 580
8.453314542770386 580
8.459248542785645 580
8.465563774108887 580
8.471314668655396 580
8.477558135986328 580
8.484108448028564 580
8.490676641464233 580
8.497267484664917 580
8.503785848617554 580
8.50962233543396 580
8.516107082366943 580
8.522587060928345 580
8.528342008590698 580
8.534615516662598 580
8.541482925415039 580
8.548176050186157 580
8.554463624954224 580
8.560317993164062 580
8.56661605834961 580
8.573413848876953 580
8.585200071334839 580
8.593910217285156 580
8.600190162658691 580
8.606483221054077 580
8.613250494003296 580
8.619004726409912 580
8.625389337539673 580
8.631103277206421 580
8.637488842010498 580
8.644646167755127 580
8.650542259216309 580
8.65706992149353 580
8.663585662841797 580
8.669458627700806 580
8.675848722457886 580
8.685999155044556 580
8.692132472991943 580
8.699670314788818 580
8.70607042312622 580
8.712558507919312 580
8.718300104141235 580
8.724546194076538 580
8.730401992797852 580
8.736707925796509 580
8.743506669998169 580
8.750086069107056 580
8.75645637512207 580
8.763203859329224 580
8.768945932388306 580
8.775377988815308 580
8.781132698059082 580
8.787405490875244 580
8.793933868408203 580
8.800442218780518 580
8.807124137878418 580
8.813633441925049 580
8.819646120071411 580
8.825931072235107 580
8.832111835479736 580
8.838245391845703 580
8.844502925872803 580
8.851509094238281 580
8.857927560806274 580
8.864272356033325 580
8.870142936706543 580
8.876531839370728 580
8.883302688598633 580
8.889024019241333 580
8.895410060882568 580
8.903022050857544 580
8.909667730331421 580
8.915972471237183 580
8.922111988067627 580
8.92822813987732 580
8.93447995185852 580
8.940474510192871 580
8.946723461151123 580
8.95432710647583 580
8.960177421569824 580
8.966434001922607 580
8.97322392463684 580
8.978962898254395 580
8.985401391983032 580
8.99116849899292 580
8.997508525848389 580
9.005208015441895 580
9.012646913528442 580
9.018739938735962 580
9.02535080909729 580
9.031067848205566 580
9.037381649017334 580
9.04390573501587 580
9.05053162574768 580
9.057226419448853 580
9.063814878463745 580
9.06981897354126 580
9.0760657787323 580
9.086338520050049 580
9.093179941177368 580
9.099043846130371 580
9.106335401535034 580
9.113073825836182 580
9.119035482406616 580
9.12540888786316 580
9.131167650222778 580
9.141271114349365 580
9.147593259811401 580
9.155360221862793 580
9.161188125610352 580
9.167426109313965 580
9.173935890197754 580
9.180278062820435 580
9.18709397315979 580
9.19362187385559 580
9.199601411819458 580
9.206634759902954 580
9.2134268283844 580
9.219313621520996 580
9.225606679916382 580
9.231379270553589 580
9.237916231155396 580
9.244261026382446 580
9.250090837478638 580
9.257391691207886 580
9.2639319896698 580
9.26979660987854 580
9.27606749534607 580
9.282543897628784 580
9.288285732269287 580
9.29452657699585 580
9.30049729347229 580
9.307989120483398 580
9.315924882888794 580
9.322093963623047 580
9.328328847885132 580
9.33466100692749 580
9.34050703048706 580
9.346985340118408 580
9.353566408157349 580
9.360318660736084 580
9.3666090965271 580
9.373410940170288 580
9.379146814346313 580
9.385557174682617 580
9.391377925872803 580
9.39760947227478 580
9.404089212417603 580
9.410716533660889 580
9.417373418807983 580
9.4239342212677 580
9.429807662963867 580
9.436067819595337 580
9.442535400390625 580
9.448262214660645 580
9.454529047012329 580
9.461635828018188 580
9.468181371688843 580
9.474472522735596 580
9.480411529541016 580
9.490496635437012 580
9.497110843658447 580
9.503636837005615 580
9.510449886322021 580
9.517083168029785 580
9.523613929748535 580
9.5294771194458 580
9.535904884338379 580
9.541640996932983 580
9.548043251037598 580
9.55439305305481 580
9.561344146728516 580
9.567582130432129 580
9.574131727218628 580
9.579973697662354 580
9.58637547492981 580
9.59314250946045 580
9.598997116088867 580
9.60538911819458 580
9.612743854522705 580
9.618465423583984 580
9.62509799003601 580
9.630596160888672 580
9.637151956558228 580
9.643705606460571 580
9.649579286575317 580
9.656001567840576 580
9.663531064987183 580
9.669378757476807 580
9.67566442489624 580
9.68146014213562 580
9.68791389465332 580
9.694236516952515 580
9.700087785720825 580
9.706330060958862 580
9.713902473449707 580
9.719911575317383 580
9.726186275482178 580
9.732712984085083 580
9.744609594345093 580
9.750505924224854 580
9.75699520111084 580
9.76422667503357 580
9.770061016082764 580
9.776482343673706 580
9.783255577087402 580
9.788985013961792 580
9.795401811599731 580
9.801166534423828 580
9.807432413101196 580
9.814579725265503 580
9.820465326309204 580
9.826745510101318 580
9.833504915237427 580
9.839488983154297 580
9.84592580795288 580
9.852096557617188 580
9.858216524124146 580
9.865647792816162 580
9.871416568756104 580
9.877779245376587 580
9.887886047363281 580
9.894259214401245 580
9.900323152542114 580
9.907764911651611 580
9.915585994720459 580
9.921404123306274 580
9.927631139755249 580
9.93413782119751 580
9.939983367919922 580
9.946278095245361 580
9.953080892562866 580
9.958744287490845 580
9.966142892837524 580
9.972710371017456 580
9.978646516799927 580
9.985272645950317 580
9.990727186203003 580
9.99728798866272 580
10.003821849822998 580
10.00965666770935 580
10.018258571624756 580
10.025246381759644 580
10.030728101730347 580
10.03724479675293 580
10.043801069259644 580
10.049711465835571 580
10.056031227111816 580
10.062150478363037 580
10.069448471069336 580
10.07584547996521 580
10.081581354141235 580
10.087955236434937 580
10.094326496124268 580
10.100187063217163 580
10.106596231460571 580
10.113430500030518 580
10.120088815689087 580
10.126338481903076 580
10.133108615875244 580
10.139018297195435 580
10.145553588867188 580
10.151345491409302 580
10.157578468322754 580
10.164089441299438 580
10.170633554458618 580
10.177223920822144 580
10.183767795562744 580
10.189601421356201 580
10.196006536483765 580
10.202133178710938 580
10.208254098892212 580
10.214530944824219 580
10.221380472183228 580
10.22761082649231 580
10.234094381332397 580
10.24006700515747 580
10.246314764022827 580
10.253095865249634 580
10.25873613357544 580
10.265344619750977 580
10.272685527801514 580
10.278398036956787 580
10.28762674331665 580
10.295407772064209 580
10.301167488098145 580
10.307576656341553 580
10.314080715179443 580
10.321138858795166 580
10.327491044998169 580
10.334016561508179 580
10.339899778366089 580
10.346161603927612 580
10.352678060531616 580
10.358384132385254 580
10.364658832550049 580
10.370710611343384 580
10.378278970718384 580
10.384536027908325 580
10.390400171279907 580
10.396666049957275 580
10.403454542160034 580
10.409296751022339 580
10.415581703186035 580
10.42135214805603 580
10.42868971824646 580
10.435431480407715 580
10.441212177276611 580
10.447466850280762 580
10.453994035720825 580
10.45983600616455 580
10.46608304977417 580
10.472620964050293 580
10.479528188705444 580
10.485809326171875 580
10.491554260253906 580
10.498141527175903 580
10.504464864730835 580
10.510297775268555 580
10.516597032546997 580
10.523400783538818 580
10.530075550079346 580
10.536319732666016 580
10.543094873428345 580
10.548638343811035 580
10.555363893508911 580
10.561120510101318 580
10.567407608032227 580
10.57395625114441 580
10.580593347549438 580
10.58715295791626 580
10.593672275543213 580
10.599525451660156 580
10.605862855911255 580
10.61161732673645 580
10.618224620819092 580
10.624506950378418 580
10.631553649902344 580
10.637956142425537 580
10.64432430267334 580
10.650191307067871 580
10.65647006034851 580
10.66319727897644 580
10.668724060058594 580
10.675498723983765 580
10.683098077774048 580
10.693500757217407 580
10.69950008392334 580
10.70592975616455 580
10.712044715881348 580
10.718269109725952 580
10.724521160125732 580
10.731525421142578 580
10.738202095031738 580
10.744491577148438 580
10.750328540802002 580
10.756704092025757 580
10.763456583023071 580
10.769325971603394 580
10.775621175765991 580
10.78322434425354 580
10.78894591331482 580
10.795459032058716 580
10.80123257637024 580
10.80748963356018 580
10.814006805419922 580
10.819870710372925 580
10.826151132583618 580
10.833698272705078 580
10.839538812637329 580
10.845854997634888 580
10.85160231590271 580
10.858191967010498 580
10.864481449127197 580
10.87038779258728 580
10.876656293869019 580
10.884143114089966 580
10.890104055404663 580
10.896361112594604 580
10.903199195861816 580
10.909753799438477 580
10.916170835494995 580
10.92271089553833 580
10.9284029006958 580
10.935986757278442 580
10.942122459411621 580
10.948225736618042 580
10.954494714736938 580
10.960370063781738 580
10.966667890548706 580
10.973447799682617 580
10.979427814483643 580
10.986534357070923 580
10.993287801742554 580
10.999060153961182 580
11.005468130111694 580
11.011243104934692 580
11.019275903701782 580
11.025923252105713 580
11.033429861068726 580
11.039489984512329 580
11.045837640762329 580
11.05159878730774 580
11.057997226715088 580
11.06437349319458 580
11.070220470428467 580
11.07652997970581 580
11.08395528793335 580
11.093992233276367 580
11.100034236907959 580
11.106396436691284 580
11.113165140151978 580
11.119019508361816 580
11.125454902648926 580
11.131195306777954 580
11.138487339019775 580
11.145412683486938 580
11.151163101196289 580
11.157556772232056 580
11.16408920288086 580
11.169898986816406 580
11.176187753677368 580
11.182738304138184 580
11.189694881439209 580
11.19602370262146 580
11.202147006988525 580
11.208281755447388 580
11.214528560638428 580
11.220508575439453 580
11.227023839950562 580
11.23354697227478 580
11.240066528320312 580
11.246312856674194 580
11.253101348876953 580
11.25869369506836 580
11.265257596969604 580
11.270725727081299 580
11.277426958084106 580
11.283966541290283 580
11.290659427642822 580
11.297163248062134 580
11.303725004196167 580
11.309555530548096 580
11.315863609313965 580
11.321625709533691 580
11.328133583068848 580
11.335284948348999 580
11.342585563659668 580
11.34830379486084 580
11.354560375213623 580
11.36047887802124 580
11.366748094558716 580
11.373499155044556 580
11.37937617301941 580
11.385661363601685 580
11.393297910690308 580
11.399261236190796 580
11.405686616897583 580
11.411472797393799 580
11.417916774749756 580
11.424316883087158 580
11.43016004562378 580
11.436455488204956 580
11.443949460983276 580
11.449792623519897 580
11.456174850463867 580
11.462987422943115 580
11.468480348587036 580
11.475210666656494 580
11.480701446533203 580
11.487264633178711 580
11.498425483703613 580
11.505187273025513 580
11.510669469833374 580
11.51741361618042 580
11.52396011352539 580
11.529808044433594 580
11.536189317703247 580
11.543813705444336 580
11.549670934677124 580
11.555990934371948 580
11.562079668045044 580
11.56819486618042 580
11.57446026802063 580
11.58041501045227 580
11.586689472198486 580
11.594290018081665 580
11.600141763687134 580
11.606435775756836 580
11.613208293914795 580
11.618729591369629 580
11.62535810470581 580
11.631105899810791 580
11.63750672340393 580
11.64467978477478 580
11.650530815124512 580
11.657077074050903 580
11.66360068321228 580
11.669596433639526 580
11.67588758468628 580
11.681624412536621 580
11.688668727874756 580
11.696404457092285 580
11.703194379806519 580
11.70871615409851 580
11.715315341949463 580
11.72106146812439 580
11.727304458618164 580
11.733911275863647 580
11.739771842956543 580
11.74753713607788 580
11.754114627838135 580
11.760071992874146 580
11.766306638717651 580
11.773039817810059 580
11.779083251953125 580
11.785531282424927 580
11.791306495666504 580
11.799026250839233 580
11.805440187454224 581
11.811192512512207 581
11.81792664527893 581
11.824362993240356 580
11.830280303955078 580
11.836665153503418 581
11.843445777893066 581
11.850181579589844 581
11.856614589691162 581
11.863434791564941 581
11.86936616897583 581
11.875809669494629 581
11.881628513336182 581
11.888219118118286 581
11.899557113647461 581
11.907039642333984 581
11.913776636123657 581
11.91981554031372 581
11.926241636276245 581
11.933110475540161 581
11.939046859741211 581
11.945496797561646 581
11.953205823898315 581
11.95901107788086 581
11.96546196937561 581
11.971284866333008 581
11.977575063705444 581
11.984209060668945 581
11.990112543106079 581
11.99655270576477 581
12.004158973693848 581
12.01007342338562 581
12.016433000564575 581
12.024150371551514 581
12.030351877212524 581
12.03700852394104 581
12.043624639511108 581
12.050326824188232 581
12.057091474533081 581
12.063758134841919 581
12.069656610488892 581
12.081467151641846 581
12.087972164154053 581
12.09439730644226 581
12.101298570632935 581
12.107774257659912 581
12.114248275756836 581
12.120234489440918 581
12.126590967178345 581
12.133424043655396 581
12.139392375946045 581
12.145854234695435 581
12.15345549583435 581
12.159392595291138 581
12.16573429107666 581
12.171557426452637 581
12.178362369537354 581
12.185200452804565 581
12.191035032272339 581
12.197404623031616 581
12.205321550369263 581
12.211133003234863 581
12.217456579208374 581
12.224042415618896 581
12.229928255081177 581
12.236375331878662 581
12.243253707885742 581
12.249101638793945 581
12.256186485290527 581
12.26301097869873 581
12.268548727035522 581
12.275307416915894 581
12.281123876571655 580
12.287487030029297 580
12.298728466033936 580
12.306270360946655 580
12.313066244125366 581
12.319287061691284 581
12.3257417678833 580
12.33156704902649 580
12.338042259216309 580
12.345278024673462 580
12.351041793823242 580
12.358474493026733 580
12.365178346633911 580
12.37069821357727 580
12.377284288406372 580
12.383823871612549 580
12.389747619628906 580
12.396054983139038 580
12.40259575843811 580
12.40956711769104 580
12.416019678115845 580
12.422634363174438 580
12.428377151489258 580
12.435072183609009 580
12.440612077713013 580
12.447342157363892 580
12.45394229888916 580
12.460638046264648 580
12.467254638671875 580
12.473835229873657 580
12.479843378067017 580
12.486152172088623 580
12.492664813995361 580
12.498393774032593 580
12.50511884689331 580
12.51213264465332 580
12.518261671066284 580
12.524523496627808 580
12.530412673950195 580
12.5371413230896 580
12.543717384338379 580
12.549565076828003 580
12.555901050567627 580
12.563460350036621 580
12.569364547729492 580
12.57577133178711 580
12.581566095352173 580
12.587978601455688 580
12.594363927841187 580
12.600361347198486 580
12.607778310775757 580
12.614238977432251 580
12.620092153549194 580
12.626360654830933 580
12.633148670196533 580
12.638949394226074 580
12.645416975021362 580
12.651192903518677 580
12.658738136291504 580
12.665396213531494 580
12.671180963516235 580
12.67746090888977 580
12.684005737304688 580
12.689858675003052 580
12.700496435165405 580
12.707226991653442 580
12.714540481567383 580
12.720640897750854 580
12.72733998298645 580
12.733949184417725 580
12.739798784255981 580
12.746074438095093 580
12.75257134437561 580
12.758364200592041 580
12.765916585922241 580
12.772098064422607 580
12.778389930725098 580
12.78468656539917 580
12.790547609329224 580
12.797073125839233 580
12.80363130569458 580
12.80953049659729 580
12.816676378250122 580
12.823434352874756 580
12.829323291778564 580
12.83579397201538 580
12.841552495956421 580
12.847967386245728 580
12.85433554649353 580
12.860183477401733 580
12.867561340332031 580
12.874101161956787 580
12.879946231842041 580
12.886205911636353 580
12.892993688583374 580
12.898730516433716 580
12.90544056892395 580
12.913658380508423 580
12.91956114768982 580
12.9258713722229 580
12.931633949279785 580
12.938194751739502 580
12.944490671157837 580
12.950377464294434 580
12.957021236419678 580
12.964279651641846 580
12.970306396484375 580
12.976662635803223 580
12.983441352844238 580
12.98934030532837 580
12.99565601348877 580
13.001487255096436 580
13.007925987243652 580
13.015679359436035 580
13.021523475646973 580
13.027941942214966 580
13.035108089447021 580
13.042564868927002 580
13.048377990722656 580
13.054692268371582 580
13.060604572296143 580
13.068301439285278 580
13.074650764465332 580
13.080649614334106 580
13.087183475494385 580
13.096609354019165 580
13.104122161865234 580
13.110062599182129 580
13.117348194122314 580
13.123934984207153 580
13.129893779754639 580
13.136327743530273 580
13.143109321594238 580
13.149001359939575 580
13.155429124832153 580
13.161253213882446 580
13.16867470741272 580
13.175241947174072 580
13.180721521377563 580
13.187302827835083 580
13.193917036056519 580
13.199910640716553 580
13.206199645996094 580
13.213035106658936 580
13.219747304916382 580
13.226195096969604 580
13.232987880706787 580
13.238510608673096 580
13.245195150375366 580
13.250687599182129 580
13.257394790649414 580
13.263962984085083 580
13.270637512207031 580
13.277180194854736 580
13.283774614334106 580
13.289677619934082 580
13.296011686325073 580
13.302532196044922 580
13.308334112167358 580
13.314637899398804 580
13.322101831436157 580
13.328251123428345 580
13.334498882293701 580
13.340377807617188 580
13.346686601638794 580
13.353457689285278 580
13.359492778778076 580
13.365823030471802 580
13.373440980911255 580
13.379471778869629 580
13.385804176330566 580
13.391620635986328 580
13.398147583007812 580
13.404457330703735 580
13.410306215286255 580
13.416647911071777 580
13.42428183555603 580
13.430138111114502 580
13.43655276298523 580
13.443328619003296 580
13.449063301086426 580
13.455476999282837 580
13.461289405822754 580
13.467563390731812 580
13.475322246551514 580
13.481086730957031 580
13.487525701522827 580
13.494120121002197 580
13.504136562347412 580
13.510079622268677 580
13.516478538513184 580
13.523961305618286 580
13.529943466186523 580
13.536223649978638 580
13.542993545532227 580
13.548507928848267 580
13.555357217788696 580
13.561140775680542 580
13.567432165145874 580
13.57507586479187 580
13.58059048652649 580
13.587195634841919 580
13.59376072883606 580
13.59963846206665 580
13.605958938598633 580
13.612121343612671 580
13.618401527404785 580
13.625895977020264 580
13.631666660308838 580
13.638196468353271 580
13.644502878189087 580
13.650356531143188 580
13.656688451766968 580
13.66345763206482 580
13.669329643249512 580
13.676570892333984 580
13.68341064453125 580
13.689303159713745 580
13.69574236869812 580
13.701536655426025 580
13.707933187484741 580
13.714310646057129 580
13.720250844955444 580
13.72777509689331 580
13.734211444854736 580
13.740187406539917 580
13.746621370315552 580
13.75345754623413 580
13.759345531463623 580
13.76564335823059 580
13.771449327468872 580
13.779090166091919 580
13.785537719726562 580
13.79137659072876 580
13.797899961471558 580
13.804261445999146 580
13.810092210769653 580
13.8163583278656 580
13.823191165924072 580
13.829910278320312 580
13.836205959320068 580
13.842981815338135 580
13.84850025177002 580
13.85533857345581 580
13.861111164093018 580
13.86744999885559 580
13.873998641967773 580
13.881028890609741 580
13.88734245300293 580
13.89390230178833 580
13.904165744781494 580
13.911150217056274 580
13.91775918006897 580
13.924185276031494 580
13.931365728378296 580
13.937611103057861 580
13.944145679473877 580
13.950048685073853 580
13.95632553100586 580
13.963097095489502 580
13.968665838241577 580
13.975366115570068 580
13.982742071151733 580
13.988493919372559 580
13.995191812515259 580
14.000681400299072 580
14.007373332977295 580
14.013940334320068 580
14.01984977722168 580
14.026133060455322 580
14.034441232681274 580
14.040687799453735 580
14.047304630279541 580
14.053921937942505 580
14.059813499450684 580
14.06608772277832 580
14.07259202003479 580
14.078404903411865 580
14.086365938186646 580
14.09319543838501 580
14.099073886871338 580
14.105471849441528 580
14.111292362213135 580
14.117584228515625 580
14.124130249023438 580
14.130012512207031 580
14.140052318572998 580
14.147793531417847 580
14.154209852218628 580
14.160200595855713 580
14.166511058807373 580
14.173329830169678 580
14.179083347320557 580
14.186244249343872 580
14.19306206703186 580
14.199600458145142 580
14.205945253372192 580
14.212068319320679 580
14.218345642089844 580
14.224661350250244 580
14.230552911758423 580
14.238204956054688 580
14.24452018737793 580
14.25041151046753 580
14.256726503372192 580
14.263523817062378 580
14.26956582069397 580
14.275992155075073 580
14.28215503692627 580
14.289496183395386 580
14.295881748199463 580
14.306205749511719 580
14.312994003295898 580
14.318719387054443 580
14.325472116470337 580
14.331264972686768 580
14.338741302490234 580
14.345391988754272 580
14.351132154464722 580
14.358025074005127 580
14.36438274383545 580
14.370276927947998 580
14.376602172851562 580
14.383422613143921 580
14.390138626098633 580
14.396625518798828 580
14.403441429138184 580
14.409326791763306 580
14.42108702659607 580
14.427435159683228 580
14.433992624282837 580
14.440664052963257 580
14.447251081466675 580
14.45384693145752 580
14.459866285324097 579
14.466174840927124 579
14.473032236099243 580
14.478655815124512 580
14.485328674316406 580
14.492711067199707 579
14.498509883880615 579
14.505272150039673 579
14.511041402816772 579
14.517531394958496 579
14.524085283279419 579
14.53008246421814 578
14.536413192749023 578
14.544000387191772 578
14.549884796142578 578
14.556200504302979 578
14.563018083572388 577
14.568644523620605 577
14.575374364852905 577
14.581203937530518 577
14.587551832199097 577
14.59520936012268 577
14.600740432739258 577
14.60736894607544 577
14.613946914672852 577
14.619842052459717 577
14.626174449920654 577
14.632747411727905 577
14.638736248016357 577
14.646212100982666 577
14.653046131134033 577
14.65901517868042 577
14.665452003479004 577
14.67128038406372 577
14.677574634552002 577
14.684144735336304 577
14.690065860748291 577
14.69753909111023 577
14.70813536643982 577
14.71446681022644 577
14.720467329025269 577
14.727166652679443 577
14.733813047409058 577
14.73975133895874 577
14.74670124053955 577
14.753520965576172 577
14.75959324836731 577
14.765982627868652 577
14.772529125213623 577
14.778315305709839 577
14.784652471542358 577
14.790695190429688 577
14.79827618598938 577
14.80457592010498 577
14.810467004776001 577
14.817124605178833 577
14.823684692382812 577
14.829606771469116 577
14.835979223251343 577
14.842531442642212 577
14.849507093429565 577
14.855867385864258 577
14.86165452003479 577
14.868239641189575 577
14.874547719955444 577
14.880614519119263 578
14.887221574783325 578
14.895075798034668 578
14.900712490081787 578
14.9082350730896 579
14.914602041244507 579
14.92064380645752 579
14.927216291427612 579
14.93379282951355 579
14.939838647842407 579
14.94719934463501 579
14.953803539276123 579
14.959709644317627 580
14.966079235076904 581
14.973059177398682 581
14.978716611862183 581
14.98543119430542 580
14.991264820098877 580
14.999046087265015 580
15.005497932434082 581
15.011367797851562 581
15.017792463302612 581
15.024242162704468 581
15.030165672302246 581
15.038035869598389 581
15.044438123703003 581
15.051580905914307 581
15.058245658874512 581
15.064537763595581 581
15.070442199707031 581
15.0770423412323 581
15.08363389968872 581
15.089601278305054 581
15.095960855484009 581
15.107163190841675 581
15.113764524459839 581
15.119927883148193 581
15.126346111297607 581
15.133198976516724 581
15.139008045196533 581
15.145569324493408 581
15.15328049659729 581
15.159085750579834 581
15.165578842163086 581
15.171395301818848 581
15.177988052368164 581
15.18436574935913 581
15.190292596817017 581
15.196618556976318 581
15.204233169555664 581
15.21008825302124 581
15.216404914855957 581
15.223275661468506 581
15.229044437408447 581
15.235601663589478 580
15.241462230682373 580
15.247987747192383 581
15.25555944442749 581
15.261441946029663 581
15.267920970916748 581
15.274340629577637 581
15.280258893966675 581
15.286630630493164 581
15.293455839157104 581
15.299474477767944 581
15.30700135231018 581
15.313603401184082 581
15.31955623626709 581
15.32598066329956 581
15.332540035247803 581
15.338361501693726 581
15.345099449157715 581
15.352065086364746 581
15.358405113220215 581
15.365116357803345 581
15.370650053024292 581
15.377291917800903 581
15.383920669555664 581
15.389883279800415 581
15.396233081817627 581
15.403829097747803 581
15.409745454788208 581
15.41619610786438 581
15.423059463500977 581
15.428692102432251 581
15.435480833053589 581
15.441339015960693 581
15.44762659072876 581
15.455253839492798 581
15.461018562316895 581
15.467374801635742 582
15.473962545394897 582
15.479992866516113 582
15.486313581466675 582
15.493186712265015 582
15.499003648757935 582
15.510013818740845 582
15.516400814056396 582
15.523289203643799 583
15.529294729232788 583
15.535845041275024 583
15.541655778884888 583
15.548197031021118 583
15.555726051330566 583
15.561585187911987 583
15.568205833435059 583
15.57451057434082 583
15.580412149429321 583
15.58702564239502 583
15.593628644943237 583
15.599698305130005 583
15.606711626052856 583
15.613563776016235 583
15.627479076385498 583
15.634105920791626 583
15.639991521835327 583
15.646707773208618 583
15.653565645217896 584
15.660444498062134 584
15.667064666748047 584
15.67366886138916 584
15.679596662521362 584
15.686013460159302 584
15.69253396987915 584
15.698479652404785 584
15.705235242843628 584
15.712585687637329 584
15.718508005142212 584
15.725268840789795 584
15.731055736541748 584
15.737436771392822 584
15.744030237197876 584
15.749970436096191 584
15.756294250488281 584
15.763970851898193 584
15.769857168197632 584
15.77631139755249 584
15.783166885375977 584
15.789005041122437 584
15.795483589172363 584
15.801303386688232 584
15.80866265296936 584
15.81545376777649 584
15.821270227432251 584
15.827791929244995 584
15.834263801574707 584
15.8403000831604 584
15.846643447875977 584
15.853464365005493 584
15.860240697860718 584
15.866650581359863 584
15.87344241142273 584
15.879333019256592 584
15.885717391967773 584
15.891541719436646 584
15.89818525314331 584
15.910670042037964 584
15.9174325466156 584
15.924004077911377 584
15.930013179779053 584
15.936436653137207 584
15.943267822265625 584
15.94908094406128 584
15.955701351165771 583
15.96329951286316 583
15.969259262084961 583
15.97566843032837 583
15.981560707092285 582
15.988011598587036 582
15.994471549987793 581
16.000415086746216 581
16.007060527801514 581
16.01437473297119 581
16.020410776138306 581
16.026990175247192 581
16.033595085144043 580
16.040510892868042 580
16.047340393066406 579
16.053978204727173 579
16.059932231903076 580
16.067267894744873 580
16.07391619682312 580
16.07991886138916 580
16.08634901046753 579
16.0931978225708 579
16.09903597831726 579
16.105501890182495 580
16.11128282546997 580
16.11866283416748 580
16.12527847290039 579
16.131021738052368 579
16.137499570846558 579
16.14412212371826 579
16.150092124938965 579
16.15638279914856 580
16.163204431533813 580
16.170004844665527 580
16.176337480545044 579
16.183162927627563 579
16.1890389919281 579
16.19563126564026 579
16.20148754119873 579
16.207963466644287 579
16.21558690071106 579
16.22154211997986 579
16.22796106338501 579
16.23434066772461 579
16.240244150161743 579
16.246594429016113 579
16.253438472747803 578
16.259554862976074 578
16.26710605621338 579
16.273778200149536 579
16.279733896255493 579
16.286065816879272 579
16.292571783065796 579
16.298362255096436 579
16.309596061706543 579
16.3171546459198 579
16.32380962371826 579
16.329803705215454 579
16.33624029159546 579
16.34306836128235 579
16.349002599716187 579
16.35550093650818 579
16.361300468444824 579
16.36853528022766 579
16.375370979309082 579
16.381176710128784 579
16.387486934661865 580
16.394095182418823 580
16.399959325790405 580
16.406258821487427 580
16.413084745407104 581
16.421326398849487 580
16.427769899368286 580
16.434268712997437 581
16.440291166305542 581
16.44667363166809 581
16.45354390144348 581
16.459481716156006 582
16.465888738632202 582
16.47355604171753 582
16.47965955734253 582
16.48603105545044 583
16.492568969726562 583
16.498507738113403 583
16.505297422409058 583
16.511119842529297 583
16.517488718032837 583
16.525320053100586 583
16.531188249588013 583
16.537529706954956 583
16.54413938522339 583
16.55005121231079 583
16.556467533111572 583
16.563297748565674 583
16.569135665893555 583
16.57639789581299 583
16.583231925964355 583
16.589057207107544 583
16.59551215171814 583
16.601372241973877 583
16.607988595962524 583
16.614384412765503 583
16.620429277420044 583
16.627955675125122 583
16.634373903274536 583
16.640299797058105 583
16.646666526794434 583
16.653464317321777 583
16.65938401222229 583
16.665711879730225 583
16.67329216003418 583
16.679353952407837 583
16.685696125030518 583
16.6915340423584 583
16.698015451431274 583
16.704457998275757 583
16.716183185577393 583
16.723626852035522 583
16.72977352142334 583
16.7363064289093 583
16.743124961853027 582
16.748998403549194 582
16.75551199913025 582
16.761404991149902 582
16.767921686172485 582
16.775598526000977 582
16.781468868255615 582
16.79390811920166 581
16.800050973892212 581
16.806429147720337 580
16.813289403915405 579
16.82945990562439 579
16.838046073913574 579
16.846595764160156 579
16.85346221923828 579
16.861393213272095 579
16.86942958831787 578
16.879514694213867 578
16.888355493545532 578
16.895133018493652 578
16.90068531036377 579
16.90851855278015 579
16.916346311569214 579
16.92456078529358 578
16.93163299560547 578
16.93965768814087 578
16.94658875465393 578
16.95444917678833 579
16.961124897003174 579
16.96831750869751 579
16.97799801826477 578
16.984477043151855 578
16.990419626235962 578
16.99852705001831 578
17.0062255859375 578
17.01304316520691 578
17.020305156707764 578
17.026705265045166 578
17.034456253051758 578
17.04332661628723 579
17.05019783973694 579
17.059415102005005 579
17.06574296951294 578
17.07160449028015 578
17.08117961883545 579
17.08748745918274 579
17.094099283218384 579
17.102545022964478 578
17.113308906555176 578
17.120440006256104 577
17.12864112854004 578
17.137277841567993 578
17.144577264785767 578
17.153076887130737 578
17.15992021560669 578
17.167428255081177 578
17.175483226776123 578
17.183603048324585 578
17.190163135528564 578
17.199269771575928 578
17.205639362335205 578
17.213541746139526 578
17.22022581100464 578
17.22812056541443 578
17.236473321914673 578
17.24440050125122 578
17.25205969810486 578
17.25940990447998 578
17.266315460205078 578
17.27342391014099 579
17.279502391815186 579
17.286640405654907 579
17.293456315994263 579
17.29934048652649 578
17.305656671524048 578
17.3115496635437 579
17.318021297454834 579
17.324467182159424 579
17.33039379119873 579
17.338043212890625 579
17.344483852386475 579
17.350396633148193 578
17.35699224472046 579
17.36356210708618 579
17.369540214538574 579
17.375914573669434 579
17.382148027420044 579
17.389650106430054 578
17.39612340927124 578
17.402719974517822 578
17.40848684310913 579
17.41524577140808 579
17.421021938323975 579
17.4273099899292 579
17.433913946151733 579
17.440627336502075 579
17.447233200073242 578
17.4538893699646 579
17.459989547729492 579
17.46635413169861 579
17.47319746017456 579
17.478979349136353 579
17.486225128173828 579
17.493105173110962 579
17.49871516227722 578
17.505394220352173 579
17.516297578811646 579
17.52319884300232 580
17.529130220413208 580
17.5356764793396 580
17.543320655822754 579
17.54926586151123 579
17.555632829666138 579
17.56147336959839 579
17.5679714679718 580
17.574365377426147 580
17.580480575561523 580
17.587975025177002 579
17.59437346458435 579
17.60034489631653 579
17.6066575050354 579
17.613455533981323 580
17.619352102279663 580
17.62567710876465 580
17.63150143623352 580
17.63933777809143 579
17.64583468437195 579
17.65163826942444 579
17.658041954040527 580
17.664411306381226 580
17.670336961746216 580
17.676660776138306 579
17.68345880508423 579
17.690173864364624 579
17.696999311447144 579
17.703547716140747 580
17.709491729736328 580
17.715862274169922 580
17.72163724899292 579
17.728147745132446 579
17.734498977661133 579
17.7414448261261 580
17.74792718887329 580
17.75435996055603 580
17.760436296463013 580
17.767000436782837 579
17.7735652923584 579
17.77967667579651 579
17.786020755767822 579
17.793585300445557 579
17.799486875534058 580
17.805862188339233 580
17.81166362762451 580
17.818346977233887 579
17.82469654083252 579
17.830641269683838 580
17.8372859954834 580
17.845082998275757 580
17.85060429573059 579
17.857157468795776 579
17.86379098892212 579
17.869666576385498 580
17.87613034248352 580
17.883005619049072 580
17.888558387756348 580
17.89594602584839 579
17.90212106704712 579
17.914002180099487 579
17.920024633407593 580
17.92639946937561 581
17.933279037475586 581
17.93947124481201 580
17.946542739868164 579
17.953421115875244 579
17.959373474121094 579
17.965704917907715 579
17.97151470184326 580
17.977941274642944 580
17.98435878753662 580
17.99027681350708 579
17.997960805892944 579
18.004425764083862 579
18.0103600025177 580
18.01671028137207 580
18.023545742034912 580
18.029475212097168 580
18.03594398498535 579
18.043761014938354 579
18.050695180892944 579
18.05742859840393 579
18.06397533416748 580
18.069865226745605 580
18.076223611831665 580
18.083040714263916 580
18.088642358779907 579
18.095900297164917 579
18.10214328765869 579
18.108301639556885 580
18.114665269851685 580
18.121038675308228 580
18.127368450164795 580
18.133941411972046 579
18.13984966278076 579
18.147380590438843 579
18.153959274291992 580
18.159831047058105 580
18.166321754455566 580
18.173179626464844 580
18.179131031036377 579
18.18559455871582 579
18.191486835479736 579
18.199122667312622 580
18.20557165145874 580
18.211419820785522 580
18.217885971069336 580
18.22428607940674 579
18.23032784461975 579
18.237114667892456 580
18.243732690811157 580
18.25047492980957 580
18.25704050064087 579
18.26361060142517 579
18.26960325241089 579
18.275942087173462 579
18.282131910324097 580
18.28832983970642 580
18.29465389251709 580
18.30260443687439 579
18.308380126953125 579
18.319485664367676 579
18.3259379863739 580
18.33208179473877 580
18.338388919830322 580
18.345073223114014 580
18.352609634399414 580
18.358484745025635 579
18.36554217338562 579
18.37143898010254 579
18.37791085243225 580
18.384308338165283 580
18.390226364135742 580
18.39658284187317 580
18.40422558784485 579
18.41017246246338 579
18.41658353805542 580
18.42341923713684 580
18.42948842048645 580
18.43584942817688 580
18.441614866256714 579
18.44820523262024 579
18.455705404281616 580
18.46152663230896 580
18.46801257133484 580
18.474372148513794 580
18.480400800704956 579
18.486720323562622 579
18.493558645248413 579
18.499515771865845 580
18.50655484199524 580
18.513418674468994 580
18.51931858062744 580
18.525647401809692 580
18.531460523605347 579
18.53817582130432 579
18.54451084136963 580
18.550414085388184 580
18.558156728744507 580
18.564496517181396 580
18.57041835784912 579
18.576727151870728 579
18.58358907699585 579
18.589542865753174 580
18.5960431098938 580
18.602638244628906 580
18.609596967697144 580
18.61589002609253 579
18.621649742126465 579
18.628251552581787 579
18.634575605392456 579
18.640449285507202 580
18.647019147872925 580
18.653618812561035 580
18.660439252853394 579
18.667070865631104 579
18.67371106147766 579
18.67958664894104 580
18.6860454082489 580
18.692574977874756 580
18.698376893997192 580
18.705941438674927 579
18.716224908828735 579
18.723158597946167 579
18.72912073135376 580
18.73567533493042 580
18.74154019355774 580
18.748156547546387 580
18.754476308822632 579
18.761497497558594 579
18.768029928207397 579
18.77444076538086 580
18.780420780181885 580
18.787046432495117 580
18.795238256454468 580
18.80074667930603 579
18.808229446411133 579
18.81460165977478 579
18.8206467628479 580
18.82720971107483 580
18.83392643928528 580
18.839916944503784 580
18.84622883796692 579
18.85301899909973 579
18.859787940979004 579
18.866113901138306 580
18.872658252716064 580
18.87843632698059 580
18.88510513305664 580
18.890641450881958 580
18.897371768951416 580
18.903943300247192 579
18.911587476730347 579
18.918306589126587 579
18.92465615272522 580
18.930620908737183 580
18.937265157699585 580
18.943917512893677 580
18.94990563392639 579
18.956378698349 579
18.964031219482422 579
18.96990966796875 580
18.976210117340088 580
18.983046531677246 580
18.988648891448975 580
18.995261430740356 580
19.001020431518555 579
19.007307052612305 579
19.015207767486572 579
19.020735263824463 580
19.027337789535522 580
19.034021854400635 580
19.039905786514282 580
19.04622745513916 580
19.053369760513306 579
19.059868097305298 579
19.067522287368774 579
19.074097871780396 580
19.080059051513672 580
19.086358308792114 580
19.093212127685547 580
19.098973274230957 580
19.10540795326233 579
19.11540651321411 579
19.123016119003296 579
19.12894344329834 580
19.139288187026978 580
19.145899295806885 580
19.152109146118164 580
19.158252954483032 580
19.165722608566284 580
19.171541213989258 579
19.177931308746338 579
19.184350728988647 579
19.19029927253723 580
19.19701910018921 580
19.203601598739624 580
19.209632635116577 580
19.217586040496826 580
19.224133014678955 579
19.230018138885498 579
19.236363410949707 580
19.243184328079224 580
19.254629850387573 580
19.26068139076233 579
19.26829195022583 579
19.2746844291687 579
19.28061032295227 579
19.28723692893982 579
19.293800354003906 579
19.299688816070557 579
19.30601716041565 579
19.31258988380432 579
19.31976056098938 580
19.326067447662354 580
19.33265471458435 580
19.338515520095825 580
19.34524893760681 579
19.3510684967041 579
19.357433080673218 580
19.364060878753662 580
19.37106943130493 580
19.377535343170166 580
19.38412857055664 580
19.389999389648438 579
19.396275758743286 579
19.403153896331787 579
19.40874695777893 580
19.415480375289917 580
19.423136711120605 580
19.428743362426758 580
19.435490131378174 579
19.44136381149292 579
19.447789430618286 580
19.45425581932068 580
19.4602632522583 580
19.466705322265625 580
19.474236249923706 579
19.48020362854004 580
19.486559629440308 580
19.493452072143555 580
19.499541997909546 580
19.50587248802185 580
19.5116446018219 579
19.523541927337646 580
19.529606342315674 580
19.536125659942627 580
19.543041467666626 580
19.54896306991577 580
19.5555100440979 580
19.561357975006104 580
19.56762671470642 579
19.575406312942505 579
19.581256866455078 580
19.587531805038452 580
19.5941424369812 580
19.60016703605652 580
19.60643434524536 580
19.613229036331177 580
19.61924958229065 579
19.626343965530396 579
19.633208751678467 580
19.63904619216919 580
19.645565271377563 580
19.651387214660645 580
19.657628059387207 580
19.664159059524536 580
19.67003560066223 579
19.677348375320435 579
19.68397283554077 580
19.689860582351685 580
19.696237325668335 580
19.70305824279785 580
19.708561420440674 580
19.715261459350586 580
19.72074604034424 580
19.728451013565063 579
19.735265731811523 579
19.741108417510986 580
19.747455835342407 580
19.754055500030518 580
19.759938955307007 580
19.766209602355957 580
19.773010730743408 580
19.779696464538574 580
19.78606653213501 579
19.792558908462524 579
19.798543691635132 580
19.80525851249695 580
19.81107473373413 580
19.817408800125122 580
19.825116395950317 580
19.83067536354065 580
19.83722734451294 579
19.843827962875366 579
19.849764108657837 580
19.856246948242188 580
19.863139867782593 580
19.868947505950928 580
19.876218557357788 580
19.883055448532104 580
19.88864779472351 580
19.895241737365723 580
19.900715589523315 579
19.908215284347534 579
19.91945767402649 580
19.926722526550293 581
19.933612823486328 581
19.93972635269165 581
19.946168899536133 581
19.9529926776886 580
19.958532094955444 580
19.96529984474182 580
19.97108006477356 580
19.978710889816284 580
19.985495805740356 580
19.99131488800049 580
19.997587203979492 580
20.004152059555054 580
20.0100417137146 580
20.016332864761353 580
20.02312469482422 580
20.029803037643433 580
20.036190509796143 580
20.043001174926758 580
20.048516273498535 580
20.056145429611206 580
20.06320595741272 580
20.068989276885986 580
20.075414657592773 580
20.083053827285767 580
20.088642358779907 580
20.09536910057068 580
20.10117506980896 580
20.107457399368286 580
20.114002466201782 580
20.119998693466187 580
20.126254320144653 580
20.133838176727295 580
20.13968563079834 580
20.14612078666687 580
20.152652263641357 580
20.158488035202026 580
20.165206909179688 580
20.170710563659668 580
20.17730736732483 580
20.184653282165527 580
20.19055938720703 580
20.197183847427368 580
20.203803777694702 580
20.209672212600708 580
20.21613073348999 580
20.22268533706665 580
20.22841501235962 580
20.235974311828613 580
20.242153644561768 580
20.248409748077393 580
20.254695177078247 580
20.26057505607605 580
20.267176628112793 580
20.273740530014038 580
20.279807567596436 580
20.287134647369385 580
20.293717861175537 580
20.29959201812744 580
20.3059720993042 580
20.312141180038452 580
20.32344388961792 580
20.3294734954834 580
20.33697509765625 580
20.34352469444275 580
20.349543809890747 580
20.355860710144043 580
20.36161184310913 580
20.36816096305847 580
20.37446403503418 580
20.380428552627563 580
20.387959718704224 580
20.394348859786987 580
20.40036702156067 580
20.406641006469727 580
20.413434982299805 580
20.419291496276855 580
20.42559266090393 580
20.43142056465149 580
20.439029216766357 580
20.445449829101562 580
20.451212882995605 580
20.45759630203247 580
20.464139938354492 580
20.470012426376343 580
20.476290464401245 580
20.483039617538452 580
20.48983669281006 580
20.496121406555176 580
20.50264883041382 580
20.50848627090454 580
20.515289068222046 580
20.52105140686035 580
20.527316093444824 580
20.533928871154785 580
20.540560722351074 580
20.547125577926636 580
20.553699254989624 580
20.55955457687378 580
20.565938472747803 580
20.572083473205566 580
20.57833218574524 580
20.584633111953735 580
20.591631412506104 580
20.59817886352539 580
20.604463577270508 580
20.61030602455139 580
20.616612911224365 580
20.623424291610718 580
20.629311561584473 580
20.63577961921692 580
20.64335012435913 580
20.64910626411438 580
20.655522108078003 580
20.661295413970947 580
20.6675968170166 580
20.674144983291626 580
20.68002462387085 580
20.686256885528564 580
20.6939218044281 580
20.699908018112183 580
20.706194162368774 580
20.712984561920166 580
20.723127365112305 580
20.729074001312256 580
20.735586643218994 580
20.743152379989624 580
20.749042510986328 580
20.755587100982666 580
20.761420726776123 580
20.767988204956055 580
20.774378061294556 580
20.78024935722351 580
20.786558866500854 580
20.79411554336548 580
20.79997754096985 580
20.806272983551025 580
20.813035249710083 580
20.81874370574951 580
20.825359344482422 580
20.831146717071533 580
20.83743906021118 580
20.84521770477295 580
20.850696802139282 580
20.857266664505005 580
20.86388373374939 580
20.86973786354065 580
20.876171827316284 580
20.8827383518219 580
20.8884539604187 580
20.89610981941223 580
20.90261960029602 580
20.909446716308594 580
20.915719270706177 580
20.921525955200195 580
20.92798376083374 580
20.934346675872803 580
20.940312147140503 580
20.94761848449707 580
20.954138040542603 580
20.960028171539307 580
20.966270923614502 580
20.973067045211792 580
20.978657960891724 580
20.9852774143219 580
20.9910306930542 580
20.99838089942932 580
21.005084991455078 580
21.01060652732849 580
21.017160654067993 580
21.023742198944092 580
21.029728174209595 580
21.036036014556885 580
21.042536973953247 580
21.049543142318726 580
21.055996417999268 580
21.06253433227539 580
21.06957221031189 580
21.07622194290161 580
21.082992553710938 580
21.088523626327515 580
21.096013069152832 580
21.102532863616943 580
21.1082980632782 580
21.1145920753479 580
21.12537693977356 580
21.13113784790039 580
21.1375253200531 580
21.144080638885498 580
21.15117311477661 580
21.157552003860474 580
21.1640727519989 580
21.16993236541748 580
21.176318407058716 580
21.183107614517212 580
21.188676357269287 580
21.19528079032898 580
21.202730894088745 580
21.208475828170776 580
21.215209484100342 580
21.220707178115845 580
21.227301597595215 580
21.233829975128174 580
21.239869117736816 580
21.246166706085205 580
21.25553250312805 580
21.261364221572876 580
21.267728805541992 580
21.27415943145752 580
21.280028104782104 580
21.286434173583984 580
21.293227910995483 580
21.30001974105835 580
21.306273698806763 580
21.313090324401855 580
21.318681001663208 580
21.325319051742554 580
21.331054210662842 580
21.337345123291016 580
21.343934535980225 580
21.350574016571045 580
21.357287883758545 580
21.36392879486084 580
21.36979842185974 580
21.37607216835022 580
21.382617235183716 580
21.38838028907776 580
21.39466643333435 580
21.401526927947998 580
21.407939910888672 580
21.41435694694519 580
21.420404195785522 580
21.4269802570343 580
21.433512210845947 580
21.439382076263428 580
21.445693254470825 580
21.453378677368164 580
21.459266662597656 580
21.465619325637817 580
21.47141742706299 580
21.477932929992676 580
21.48434066772461 580
21.490212202072144 580
21.49653720855713 580
21.50409960746765 580
21.509989976882935 580
21.51629948616028 580
21.52638339996338 580
21.533212661743164 580
21.53931164741516 580
21.545826196670532 580
21.553272008895874 580
21.559133768081665 580
21.56557035446167 580
21.571375608444214 580
21.577613592147827 580
21.58416986465454 580
21.590051651000977 580
21.596426963806152 580
21.603972911834717 580
21.615890979766846 580
21.62210202217102 580
21.628237009048462 580
21.634504795074463 580
21.640373945236206 580
21.646719455718994 580
21.654266595840454 580
21.660335063934326 580
21.666698694229126 580
21.673501014709473 580
21.679550886154175 580
21.685870885849 580
21.691633462905884 580
21.698159217834473 580
21.705618381500244 580
21.711437463760376 580
21.718026399612427 580
21.72547960281372 580
21.731300115585327 580
21.737571716308594 580
21.744115114212036 580
21.750004291534424 580
21.757193326950073 580
21.763800144195557 580
21.769662857055664 580
21.77611780166626 580
21.78268575668335 580
21.788416624069214 580
21.795088291168213 580
21.800628185272217 580
21.8083655834198 580
21.814692974090576 580
21.820593118667603 580
21.827160358428955 580
21.833751916885376 580
21.83971881866455 580
21.846096754074097 580
21.85272240638733 580
21.859662771224976 580
21.865972757339478 580
21.87252449989319 580
21.878336191177368 580
21.884662866592407 580
21.890533924102783 580
21.897197246551514 580
21.903778314590454 580
21.91590166091919 580
21.929677724838257 580
21.944318771362305 580
21.95535659790039 580
21.965535402297974 580
21.97324275970459 580
21.98060894012451 580
21.987449169158936 580
21.994014501571655 580
22.003002405166626 580
22.008719205856323 580
22.016356468200684 580
22.023399591445923 580
22.031195402145386 580
22.037585258483887 580
22.044102907180786 580
22.052638292312622 580
22.058515548706055 580
22.06610918045044 580
22.073694467544556 580
22.080631732940674 580
22.090101718902588 580
22.096435070037842 580
22.103230476379395 580
22.110616207122803 580
22.118024349212646 580
22.124422788619995 580
22.130330801010132 580
22.142087697982788 580
22.149871349334717 580
22.157164812088013 580
22.166977882385254 580
22.173542499542236 580
22.179443359375 580
22.1860294342041 580
22.200013160705566 580
22.206626176834106 580
22.21627449989319 580
22.223073959350586 580
22.228671550750732 580
22.23733377456665 580
22.243908643722534 580
22.24979066848755 580
22.25720739364624 580
22.269047737121582 580
22.2755868434906 580
22.281389474868774 580
22.287768363952637 580
22.296362161636353 580
22.303165674209595 580
22.30873990058899 580
22.325321435928345 580
22.333942890167236 580
22.343034982681274 580
22.348734855651855 580
22.355421781539917 580
22.371195793151855 580
22.377807140350342 580
22.386588096618652 580
22.395734310150146 580
22.40329122543335 580
22.409321784973145 580
22.41997790336609 580
22.426600456237793 580
22.435707330703735 580
22.444571256637573 580
22.45345163345337 580
22.459622383117676 580
22.46705961227417 580
22.477139234542847 580
22.484445095062256 580
22.494286060333252 580
22.51306653022766 580
22.518656492233276 580
22.52839159965515 580
22.535879373550415 580
22.54361605644226 580
22.55159616470337 580
22.558268547058105 580
22.56455659866333 580
22.571553468704224 580
22.580236434936523 580
22.586678981781006 580
22.59345555305481 580
22.59931445121765 580
22.60565495491028 580
22.611464738845825 580
22.61804461479187 580
22.62557291984558 580
22.63136386871338 580
22.637608289718628 580
22.644126653671265 580
22.64999794960022 580
22.656282901763916 580
22.663069009780884 580
22.668665885925293 580
22.67612886428833 580
22.682676315307617 580
22.688410997390747 580
22.695075035095215 580
22.700589418411255 580
22.707133531570435 580
22.713755130767822 580
22.72635293006897 580
22.733192920684814 580
22.739293098449707 580
22.745745420455933 580
22.751535177230835 580
22.758134126663208 580
22.76441240310669 580
22.77026629447937 580
22.77778673171997 580
22.784245014190674 580
22.790090322494507 580
22.79647970199585 580
22.80324673652649 580
22.809017658233643 580
22.81545114517212 580
22.821191549301147 580
22.82849884033203 580
22.8351833820343 580
22.84070062637329 580
22.847434520721436 580
22.85397958755493 580
22.859960794448853 580
22.866248846054077 580
22.87304925918579 580
22.879850149154663 580
22.886178493499756 580
22.89298439025879 580
22.8985276222229 580
22.90522861480713 580
22.91211175918579 580
22.918381452560425 580
22.924676656723022 580
22.93166756629944 580
22.93817162513733 580
22.944501638412476 580
22.950385570526123 580
22.956708669662476 580
22.96349859237671 580
22.969367265701294 580
22.97583770751953 580
22.983280658721924 580
22.98902463912964 580
22.995415925979614 580
23.001164197921753 580
23.007439374923706 580
23.01400351524353 580
23.019854307174683 580
23.026143789291382 580
23.033761024475098 580
23.039735317230225 580
23.04607105255127 580
23.05257248878479 580
23.058328866958618 580
23.064688444137573 580
23.070597171783447 580
23.077210187911987 580
23.086222887039185 580
23.09303331375122 580
23.098748207092285 580
23.10552740097046 580
23.111327171325684 580
23.117603063583374 580
23.12673592567444 580
23.13551902770996 580
23.141313552856445 580
23.147961378097534 580
23.154351711273193 580
23.16043519973755 580
23.16700839996338 580
23.173562049865723 580
23.179468870162964 580
23.18658447265625 580
23.19341540336609 580
23.199323415756226 580
23.20564365386963 580
23.211435079574585 580
23.21799325942993 580
23.22434639930725 580
23.230234146118164 580
23.23787569999695 580
23.244239807128906 580
23.25009250640869 580
23.256376266479492 580
23.263169050216675 580
23.26898455619812 580
23.27556824684143 580
23.281383752822876 580
23.288740873336792 580
23.29538607597351 580
23.301162481307983 580
23.307454824447632 580
23.313995838165283 580
23.319863319396973 580
23.32618546485901 580
23.333637714385986 580
23.339709520339966 580
23.34601664543152 580
23.352525234222412 580
23.35829520225525 580
23.364582300186157 580
23.370612621307373 580
23.377164363861084 580
23.384472131729126 580
23.390401124954224 580
23.397080183029175 580
23.403646230697632 580
23.40955352783203 580
23.415895700454712 580
23.421663999557495 580
23.428130865097046 580
23.435638189315796 580
23.44148325920105 580
23.447922945022583 580
23.454269409179688 580
23.460249185562134 580
23.466607332229614 580
23.473406553268433 580
23.479156970977783 580
23.48622441291809 580
23.493046522140503 580
23.49873661994934 580
23.50543713569641 580
23.5111985206604 580
23.517550230026245 580
23.527740955352783 580
23.534226179122925 580
23.541359424591064 580
23.547924280166626 580
23.55431294441223 580
23.56026530265808 580
23.566625118255615 580
23.573451280593872 580
23.57945227622986 580
23.585731506347656 580
23.593340635299683 580
23.5991370677948 580
23.605574131011963 580
23.61137866973877 580
23.61948847770691 580
23.62592649459839 580
23.63210391998291 580
23.6395423412323 580
23.64586639404297 580
23.65163516998291 580
23.658132076263428 580
23.66447424888611 580
23.670356512069702 580
23.6766517162323 580
23.68342351913452 580
23.690044403076172 580
23.696481943130493 580
23.70329236984253 580
23.709047555923462 580
23.71544647216797 580
23.721198081970215 580
23.72748589515686 580
23.734074115753174 580
23.740689992904663 580
23.747271299362183 580
23.753812789916992 580
23.759833097457886 580
23.766170740127563 580
23.772716760635376 580
23.778422594070435 580
23.785102367401123 580
23.792060136795044 580
23.798219919204712 580
23.804492473602295 580
23.81036686897278 580
23.81702709197998 580
23.823599576950073 580
23.82952117919922 580
23.835850477218628 580
23.843427896499634 580
23.849313497543335 580
23.855612993240356 580
23.861395597457886 580
23.867785692214966 580
23.874216079711914 580
23.88021421432495 580
23.8866548538208 580
23.894187927246094 580
23.900097131729126 580
23.907288312911987 580
23.91391658782959 580
23.919803142547607 580
23.93000364303589 580
23.936506271362305 580
23.944050073623657 580
23.950063705444336 580
23.95644211769104 580
23.96328568458557 580
23.969033002853394 580
23.97547721862793 580
23.981250524520874 580
23.987523555755615 580
23.995394468307495 580
24.001182079315186 580
24.007466077804565 580
24.014009475708008 580
24.019991397857666 580
24.026291131973267 580
24.033053636550903 580
24.03864574432373 580
24.046056270599365 580
24.05258536338806 580
24.058526039123535 580
24.06520128250122 580
24.070696353912354 580
24.07725167274475 580
24.083799123764038 580
24.089660167694092 580
24.098673105239868 580
