00
0.013985633850097656 0
0.025511980056762695 1
0.03425955772399902 2
0.04099464416503906 3
0.04705071449279785 5
0.05614662170410156 7
0.06264472007751465 9
0.06890702247619629 14
0.0773768424987793 16
0.08414721488952637 21
0.09089064598083496 26
0.1000356674194336 29
0.10616707801818848 33
0.11481738090515137 40
0.12268424034118652 44
0.12984156608581543 52
0.137495756149292 56
0.14426922798156738 62
0.15101361274719238 68
0.15996336936950684 73
0.16591382026672363 78
0.17263579368591309 86
0.18140649795532227 91
0.18749260902404785 96
0.19424915313720703 102
0.20215082168579102 108
0.20985841751098633 114
0.21799087524414062 121
0.22472810745239258 128
0.23129582405090332 134
0.2374863624572754 140
0.24534368515014648 147
0.2529604434967041 154
0.26222777366638184 160
0.2682383060455322 167
0.27495861053466797 172
0.28260064125061035 177
0.29036545753479004 184
0.29940271377563477 193
0.305344820022583 198
0.3122446537017822 204
0.3199939727783203 211
0.32598114013671875 218
0.3333003520965576 226
0.3424985408782959 231
0.3484773635864258 238
0.35538268089294434 246
0.3629801273345947 251
0.3702821731567383 256
0.37649083137512207 264
0.3829922676086426 269
0.39000582695007324 274
0.40021324157714844 283
0.4064595699310303 290
0.41317152976989746 298
0.42093777656555176 303
0.4270603656768799 308
0.4338254928588867 314
0.44060206413269043 319
0.4467191696166992 326
0.4532184600830078 332
0.4601783752441406 338
0.4661989212036133 345
0.47352027893066406 350
0.480485200881958 356
0.48655033111572266 363
0.493044376373291 368
0.5000312328338623 374
0.5061783790588379 379
0.5126886367797852 384
0.5194141864776611 392
0.5265569686889648 399
0.5335297584533691 406
0.5408821105957031 412
0.5468707084655762 417
0.5533325672149658 422
0.5603029727935791 428
0.5663402080535889 435
0.5739197731018066 442
0.5806868076324463 448
0.586728572845459 454
0.5933022499084473 459
0.6002726554870605 464
0.6063337326049805 472
0.6129162311553955 477
0.6198933124542236 484
0.6267123222351074 490
0.6332693099975586 495
0.6402781009674072 500
0.6463348865509033 508
0.6529712677001953 513
0.6598906517028809 518
0.6658451557159424 524
0.6731569766998291 531
0.68031907081604 536
0.6863970756530762 544
0.6929445266723633 549
0.6999638080596924 554
0.7059216499328613 558
0.7126443386077881 564
0.7193782329559326 568
0.7265119552612305 572
0.7330222129821777 574
0.740027666091919 576
0.7460958957672119 578
0.7526319026947021 580
0.7593626976013184 581
0.765557050704956 582
0.7725415229797363 583
0.7802491188049316 583
0.7863876819610596 584
0.7929084300994873 584
0.8032283782958984 585
0.8103024959564209 586
0.8165559768676758 586
0.8232221603393555 586
0.8310680389404297 586
0.8373544216156006 587
0.8441016674041748 587
0.8510737419128418 588
0.8571302890777588 588
0.8647186756134033 587
0.8713381290435791 587
0.8789012432098389 588
0.8852131366729736 588
0.8922810554504395 588
0.8983650207519531 588
0.9050619602203369 588
0.9119174480438232 588
0.9179244041442871 588
0.9244298934936523 588
0.9323775768280029 589
0.9384353160858154 589
0.9452033042907715 588
0.9522533416748047 588
0.9582960605621338 589
0.9650232791900635 589
0.9720456600189209 589
0.9798774719238281 589
0.9858412742614746 589
0.9924321174621582 589
0.9984326362609863 589
1.0051250457763672 589
1.012113332748413 589
1.0180959701538086 589
1.024829626083374 589
1.03253173828125 589
1.0384886264801025 589
1.0451900959014893 589
1.0520737171173096 589
1.0580098628997803 589
1.0644409656524658 589
1.0711417198181152 589
1.0772826671600342 589
1.084998607635498 589
1.0914349555969238 589
1.097484827041626 589
1.1043071746826172 589
1.1123788356781006 589
1.1194705963134766 589
1.1253457069396973 589
1.1330852508544922 589
1.1400818824768066 589
1.1460974216461182 589
1.1526689529418945 589
1.1593906879425049 589
1.1653108596801758 589
1.1722230911254883 589
1.1782031059265137 589
1.1860663890838623 589
1.1926672458648682 589
1.2021939754486084 589
1.209913730621338 589
1.216118574142456 589
1.2226743698120117 589
1.2289857864379883 589
1.2365949153900146 589
1.2430553436279297 589
1.2500810623168945 589
1.2562477588653564 589
1.2627208232879639 589
1.2694001197814941 589
1.2753207683563232 589
1.2830259799957275 589
1.2900810241699219 589
1.2961030006408691 589
1.3025858402252197 589
1.3088669776916504 589
1.3153629302978516 589
1.3222477436065674 589
1.3282575607299805 589
1.336160659790039 589
1.3426296710968018 589
1.3489675521850586 589
1.3552684783935547 589
1.3621551990509033 589
1.368145227432251 589
1.3748490810394287 589
1.381380319595337 589
1.3884310722351074 589
1.3951282501220703 589
1.4020311832427979 589
1.4079976081848145 589
1.4147248268127441 589
1.421285629272461 589
1.427321434020996 589
1.434157133102417 589
1.442061424255371 589
1.4479868412017822 589
1.454437255859375 589
1.4611191749572754 589
1.4672093391418457 589
1.4739351272583008 589
1.4806647300720215 589
1.487459421157837 589
1.4943382740020752 589
1.5011119842529297 589
1.5071346759796143 589
1.513864278793335 589
1.520611047744751 589
1.5268073081970215 589
1.5332481861114502 589
1.5410122871398926 589
1.547227382659912 589
1.5540859699249268 589
1.5608220100402832 589
1.5668647289276123 589
1.5733699798583984 589
1.5803577899932861 589
1.5864710807800293 589
1.594029188156128 589
1.6043636798858643 589
1.611109733581543 589
1.617370843887329 589
1.6242709159851074 589
1.6310524940490723 589
1.6371958255767822 589
1.6449697017669678 589
1.651451826095581 589
1.6575067043304443 589
1.6642448902130127 589
1.670973539352417 589
1.6771838665008545 589
1.683917760848999 589
1.6914031505584717 589
1.6974716186523438 589
1.7042458057403564 589
1.7109384536743164 589
1.7170383930206299 589
1.7235448360443115 589
1.7305216789245605 589
1.736677646636963 589
1.7440199851989746 589
1.7507624626159668 589
1.7568085193634033 589
1.763261318206787 589
1.7702887058258057 589
1.776355504989624 589
1.7828619480133057 589
1.7897896766662598 589
1.7968125343322754 589
1.803412914276123 589
1.8103649616241455 589
1.8164727687835693 589
1.8229711055755615 589
1.8299217224121094 589
1.8359267711639404 589
1.8432667255401611 589
1.85026216506958 589
1.856473684310913 589
1.8638384342193604 589
1.870699405670166 589
1.8767426013946533 589
1.883192777633667 589
1.8901429176330566 589
1.8968722820281982 589
1.9033708572387695 589
1.9103293418884277 589
1.9165406227111816 589
1.923025131225586 589
1.9300165176391602 589
1.9362285137176514 589
1.943533182144165 589
1.9504902362823486 589
1.956547498703003 589
1.9630224704742432 589
1.9700236320495605 589
1.9761569499969482 589
1.9826772212982178 589
1.9893853664398193 589
1.9964871406555176 589
2.0081002712249756 589
2.0148327350616455 589
2.0213775634765625 589
2.027524709701538 589
2.034571409225464 589
2.0411689281463623 589
2.048327684402466 589
2.0550100803375244 589
2.0615181922912598 589
2.0679752826690674 589
2.074415922164917 589
2.081113338470459 589
2.087130546569824 589
2.099376916885376 589
2.1055166721343994 589
2.1133601665496826 589
2.1206576824188232 589
2.126725435256958 589
2.1331865787506104 589
2.140132427215576 589
2.146195650100708 589
2.153907537460327 589
2.160640239715576 589
2.1666927337646484 589
2.173133373260498 589
2.1800878047943115 589
2.1861379146575928 589
2.192751169204712 589
2.200455665588379 589
2.206516981124878 589
2.213353395462036 589
2.220346689224243 589
2.226421594619751 589
2.232922077178955 589
2.239861488342285 589
2.2458279132843018 589
2.2531533241271973 589
2.2601099014282227 589
2.2661497592926025 589
2.2727842330932617 589
2.279474973678589 589
2.2853782176971436 589
2.2922844886779785 589
2.298264980316162 589
2.306168794631958 589
2.312666654586792 589
2.3193957805633545 589
2.3255043029785156 589
2.332435369491577 589
2.3384318351745605 589
2.3451552391052246 589
2.352837324142456 589
2.3598616123199463 589
2.3658194541931152 589
2.3724539279937744 589
2.3784213066101074 589
2.3851499557495117 589
2.3921096324920654 589
2.398094892501831 589
2.4103946685791016 589
2.41662335395813 589
2.4232027530670166 589
2.4301939010620117 589
2.4364500045776367 589
2.442941665649414 589
2.4499144554138184 589
2.456916093826294 589
2.463367462158203 589
2.476168155670166 589
2.482743501663208 589
2.4894676208496094 589
2.4953436851501465 589
2.5022737979888916 589
2.510087251663208 589
2.5163040161132812 589
2.5228378772735596 589
2.529858112335205 589
2.535865068435669 589
2.542466878890991 589
2.548478364944458 589
2.556391716003418 589
2.5629286766052246 589
2.569859266281128 589
2.575962781906128 589
2.5827131271362305 589
2.5894994735717773 589
2.595518112182617 589
2.6023123264312744 589
2.610084295272827 589
2.6161468029022217 589
2.622650146484375 589
2.629363775253296 589
2.635493755340576 589
2.642310857772827 589
2.648355484008789 589
2.6550521850585938 589
2.662745952606201 589
2.6694867610931396 589
2.6753809452056885 589
2.6823129653930664 589
2.6883111000061035 589
2.695133686065674 589
2.7020103931427 589
2.709836006164551 589
2.71612548828125 589
2.7226343154907227 589
2.728973150253296 589
2.735267400741577 589
2.742143154144287 589
2.7481322288513184 589
2.754934310913086 589
2.762659788131714 589
2.7689783573150635 589
2.7753045558929443 589
2.7822341918945312 589
2.788297176361084 589
2.794994592666626 589
2.801476001739502 589
2.8131051063537598 589
2.8201065063476562 589
2.826352596282959 589
2.832995891571045 589
2.8400168418884277 589
2.8462157249450684 589
2.852726697921753 589
2.859445810317993 589
2.8672406673431396 589
2.8741493225097656 589
2.880941152572632 589
2.886955499649048 589
2.8934123516082764 589
2.9003827571868896 589
2.9064886569976807 589
2.914088487625122 589
2.9208247661590576 589
2.9268951416015625 589
2.9334990978240967 589
2.9404571056365967 589
2.946547746658325 589
2.9530282020568848 589
2.9600350856781006 589
2.966904401779175 589
2.9734859466552734 589
2.98049259185791 589
2.9865481853485107 589
2.993173599243164 589
3.0001416206359863 589
3.0061581134796143 589
3.0133397579193115 589
3.0203471183776855 589
3.026459217071533 589
3.032989978790283 589
3.0405282974243164 589
3.046563148498535 589
3.0531704425811768 589
3.0601425170898438 589
3.0670390129089355 589
3.073805332183838 589
3.08060359954834 589
3.0867083072662354 589
3.0931761264801025 589
3.100165605545044 589
3.106511116027832 589
3.11411452293396 589
3.1208910942077637 589
3.1281697750091553 589
3.135251760482788 589
3.1421029567718506 589
3.1480469703674316 589
3.154695749282837 589
3.1612765789031982 589
3.1684675216674805 589
3.1753756999969482 589
3.182267665863037 589
3.1882166862487793 589
3.194849729537964 589
3.2014284133911133 589
3.212491035461426 589
3.220258951187134 589
3.226477861404419 589
3.233243465423584 589
3.24027681350708 589
3.2463505268096924 589
3.252915620803833 589
3.259906053543091 589
3.266756057739258 589
3.2732720375061035 589
3.280294179916382 589
3.2863380908966064 589
3.29298734664917 589
3.300018787384033 589
3.306091070175171 589
3.3125762939453125 589
3.3203890323638916 589
3.326511859893799 589
3.3330721855163574 589
3.3400912284851074 589
3.346163272857666 589
3.3528785705566406 589
3.3598716259002686 589
3.366140604019165 589
3.373392105102539 589
3.3803675174713135 589
3.386472463607788 589
3.3929851055145264 589
3.4000437259674072 589
3.406104803085327 589
3.412712574005127 589
3.420393466949463 589
3.4265122413635254 589
3.433027982711792 589
3.440044403076172 589
3.4461135864257812 589
3.452653169631958 589
3.459347724914551 589
3.4653568267822266 589
3.473140239715576 589
3.4801673889160156 589
3.4862680435180664 589
3.4928901195526123 589
3.49989652633667 589
3.5058743953704834 589
3.512463092803955 589
3.5184326171875 589
3.526348352432251 589
3.532987594604492 589
3.540034055709839 589
3.5460994243621826 589
3.5525918006896973 589
3.5589113235473633 589
3.5652525424957275 589
3.572960376739502 589
3.579890489578247 589
3.5858747959136963 589
3.5925934314727783 589
3.598984479904175 589
3.60528826713562 588
3.616114616394043 588
3.623889207839966 589
3.630650043487549 589
3.6368467807769775 588
3.643313407897949 588
3.6503746509552 588
3.6566250324249268 588
3.6631133556365967 588
3.670076847076416 588
3.676952600479126 588
3.6834208965301514 588
3.6904149055480957 588
3.696542263031006 588
3.703061103820801 588
3.7100343704223633 588
3.7161705493927 588
3.7226650714874268 588
3.7303972244262695 588
3.7364916801452637 588
3.7429733276367188 588
3.7499403953552246 588
3.756103038787842 588
3.762585163116455 588
3.7688820362091064 588
3.7763314247131348 588
3.782886505126953 588
3.789825201034546 588
3.795830726623535 588
3.8024308681488037 588
3.808436393737793 588
3.815129041671753 588
3.8219714164733887 588
3.829515218734741 588
3.8358781337738037 588
3.84246826171875 588
3.848422050476074 588
3.855083703994751 588
3.861953020095825 588
3.868966817855835 588
3.8763694763183594 588
3.883074998855591 588
3.8900527954101562 588
3.8962182998657227 588
3.9027483463287354 588
3.909442901611328 588
3.9153504371643066 588
3.9221837520599365 588
3.929931402206421 588
3.9358677864074707 588
3.9424431324005127 588
3.948415517807007 588
3.9552717208862305 588
3.9621434211730957 588
3.9680590629577637 588
3.974583864212036 588
3.982430934906006 588
3.9883947372436523 588
3.9950685501098633 588
4.001897096633911 588
4.012369871139526 588
4.0183446407318115 588
4.0252525806427 588
4.033001899719238 588
4.039937973022461 588
4.0458760261535645 588
4.052454710006714 588
4.058434963226318 588
4.065121173858643 588
4.072049617767334 588
4.078012704849243 588
4.085468053817749 588
4.092288970947266 588
4.098224878311157 588
4.10498833656311 588
4.11142897605896 588
4.117451190948486 588
4.124183654785156 588
4.132153749465942 588
4.138097763061523 588
4.1447837352752686 588
4.152779579162598 588
4.160059213638306 588
4.166098117828369 588
4.172571420669556 588
4.1788671016693115 588
4.1863884925842285 588
4.1930155754089355 588
4.200019836425781 588
4.206085205078125 588
4.212569952011108 588
4.218897104263306 588
4.225225210189819 588
4.232910633087158 588
4.239878416061401 588
4.245839834213257 588
4.252575635910034 588
4.258902072906494 588
4.265225172042847 588
4.2722084522247314 588
4.278223752975464 588
4.286128520965576 588
4.292688846588135 588
4.299388647079468 588
4.30528712272644 588
4.31225848197937 588
4.318279027938843 588
4.324954986572266 588
4.331437349319458 588
4.33899188041687 588
4.345294952392578 588
4.352222204208374 588
4.358200788497925 588
4.364772796630859 588
4.371313810348511 588
4.3774733543396 588
4.3852503299713135 588
4.3921520709991455 588
4.398126840591431 588
4.404865264892578 588
4.415802001953125 588
4.4225263595581055 588
4.428492069244385 588
4.436598300933838 588
4.443185091018677 588
4.450177192687988 588
4.456261396408081 588
4.462772846221924 588
4.469467401504517 588
4.476956605911255 588
4.483438968658447 588
4.49118709564209 588
4.497357606887817 588
4.504152059555054 588
4.510908365249634 588
4.516957998275757 588
4.523451089859009 588
4.53040075302124 588
4.537449359893799 588
4.54423451423645 588
4.550988674163818 588
4.557176828384399 588
4.563925266265869 588
4.570677280426025 588
4.576750755310059 588
4.583256483078003 588
4.591055393218994 588
4.597077131271362 588
4.603802442550659 588
4.610569953918457 588
4.616743087768555 588
4.623202562332153 588
4.6301562786102295 588
4.6362082958221436 588
4.643420696258545 588
4.650424242019653 588
4.656519889831543 588
4.663100957870483 588
4.6700897216796875 588
4.676246404647827 588
4.6827661991119385 588
4.690465927124023 588
4.6965577602386475 588
4.703057050704956 588
4.710006475448608 588
4.715979099273682 588
4.722555637359619 588
4.728884935379028 588
4.735304117202759 588
4.742978572845459 588
4.750022888183594 588
4.756057500839233 588
4.762546539306641 588
4.768860340118408 588
4.7752344608306885 588
4.7821691036224365 588
4.788144111633301 588
4.796158075332642 588
4.802652597427368 588
4.812195539474487 588
4.819967269897461 588
4.82616400718689 588
4.8327836990356445 588
4.839493036270142 588
4.8467347621917725 588
4.853322505950928 588
4.860292911529541 588
4.867133855819702 588
4.873878717422485 588
4.880651235580444 588
4.886713027954102 588
4.894235610961914 588
4.90095853805542 588
4.907048225402832 588
4.913928270339966 588
4.920658826828003 588
4.92684531211853 588
4.933297395706177 588
4.940276622772217 588
4.947126150131226 588
