00
0.013421297073364258 0
0.02455282211303711 0
0.03308987617492676 1
0.03969264030456543 2
0.04555988311767578 4
0.05411219596862793 6
0.060408830642700195 9
0.06643509864807129 12
0.07544565200805664 16
0.08181047439575195 18
0.08798074722290039 24
0.09628438949584961 27
0.10297536849975586 31
0.10956263542175293 37
0.11728334426879883 42
0.12398815155029297 47
0.13038086891174316 53
0.13937973976135254 57
0.14530348777770996 61
0.1516716480255127 66
0.15917658805847168 73
0.167100191116333 79
0.1734611988067627 85
0.18001079559326172 91
0.18602800369262695 95
0.1934218406677246 102
0.20155048370361328 111
0.2102057933807373 116
0.21613550186157227 121
0.22249984741210938 126
0.22952914237976074 133
0.23746538162231445 140
0.24417471885681152 145
0.2505059242248535 152
0.2594923973083496 157
0.26543712615966797 165
0.27181339263916016 171
0.28015899658203125 177
0.2860527038574219 182
0.29242968559265137 189
0.30130934715270996 195
0.30712342262268066 203
0.31733250617980957 213
0.3261227607727051 218
0.33282971382141113 223
0.33943605422973633 229
0.3461940288543701 236
0.3528270721435547 241
0.35938239097595215 247
0.3654491901397705 254
0.3717968463897705 257
0.378389835357666 265
0.3842008113861084 270
0.3909001350402832 275
0.39791226387023926 283
0.4040849208831787 288
0.4104163646697998 293
0.4162931442260742 299
0.4229865074157715 305
0.4296116828918457 310
0.43550539016723633 317
0.441906213760376 323
0.4494960308074951 328
0.4553976058959961 335
0.4617421627044678 339
0.4678812026977539 346
0.4740409851074219 351
0.4803307056427002 357
0.48633384704589844 363
0.49303507804870605 370
0.5003864765167236 375
0.5062577724456787 381
0.5128917694091797 386
0.5194637775421143 391
0.525390625 399
0.5317378044128418 402
0.5378711223602295 409
0.5441768169403076 415
0.5515797138214111 420
0.5573761463165283 428
0.5637898445129395 433
0.5701968669891357 439
0.5761141777038574 444
0.5824375152587891 449
0.5892651081085205 455
0.5951504707336426 462
0.602398157119751 467
0.6092696189880371 473
0.6151924133300781 479
0.6216397285461426 484
0.6274259090423584 491
0.6339626312255859 497
0.6403069496154785 502
0.6462235450744629 509
0.6548678874969482 515
0.6614212989807129 520
0.6672418117523193 526
0.673736572265625 533
0.6801276206970215 538
0.6860561370849609 543
0.6924092769622803 548
0.6992905139923096 554
0.7060282230377197 561
0.716458797454834 565
0.7233431339263916 569
0.7299911975860596 571
0.7361538410186768 574
0.7428820133209229 575
0.7494978904724121 577
0.7563531398773193 578
0.7629563808441162 579
0.7696402072906494 579
0.7756032943725586 580
0.7820281982421875 581
0.7889089584350586 581
0.7947893142700195 581
0.8013226985931396 582
0.8090438842773438 583
0.8151593208312988 583
0.8215298652648926 583
0.8274071216583252 583
0.8338534832000732 583
0.840327262878418 583
0.846339225769043 583
0.8537228107452393 584
0.860206127166748 584
0.8662221431732178 584
0.8729057312011719 584
0.8794889450073242 584
0.890021800994873 583
0.8960385322570801 583
0.9025774002075195 584
0.9101901054382324 584
0.9161646366119385 584
0.9229938983917236 584
0.9296023845672607 584
0.9355101585388184 584
0.9418847560882568 584
0.9484460353851318 583
0.9542202949523926 583
0.9618408679962158 584
0.968449592590332 584
0.9742693901062012 584
0.9810278415679932 584
0.9865620136260986 584
0.993159294128418 584
0.9997859001159668 584
1.0084798336029053 584
1.0148768424987793 584
1.0214779376983643 583
1.0273451805114746 583
1.0338072776794434 584
1.0402538776397705 584
1.046203851699829 584
1.0525710582733154 584
1.0602421760559082 584
1.0661308765411377 584
1.0724396705627441 584
1.0792784690856934 584
1.0853006839752197 584
1.091649055480957 583
1.0974860191345215 584
1.1040661334991455 584
1.111767292022705 584
1.1232619285583496 584
1.1298322677612305 584
1.1358444690704346 583
1.1423935890197754 583
1.1492698192596436 583
1.15523099899292 584
1.1623198986053467 584
1.1691679954528809 584
1.175088882446289 584
1.1814908981323242 584
1.187307596206665 584
1.193786382675171 585
1.2001800537109375 585
1.2063369750976562 584
1.2140452861785889 584
1.2203946113586426 584
1.2263245582580566 584
1.2328910827636719 584
1.2394757270812988 584
1.2453956604003906 585
1.251816749572754 585
1.2584140300750732 585
1.26552152633667 584
1.2720086574554443 584
1.2788331508636475 584
1.2844831943511963 584
1.2911672592163086 584
1.297027587890625 585
1.3033790588378906 585
1.3099863529205322 585
1.3171377182006836 585
1.324233055114746 585
1.3309335708618164 585
1.3364810943603516 585
1.3430979251861572 585
1.3496625423431396 585
1.3555622100830078 585
1.3629710674285889 585
1.369612693786621 585
1.3755264282226562 585
1.3820788860321045 585
1.3889153003692627 585
1.3945178985595703 585
1.401322364807129 585
1.4071543216705322 585
1.4148037433624268 585
1.4213314056396484 585
1.4271533489227295 585
1.433448076248169 585
1.4400088787078857 585
1.4460453987121582 585
1.452415943145752 585
1.4593074321746826 585
1.4660143852233887 585
1.4723808765411377 585
1.4793493747711182 585
1.4853265285491943 585
1.4917082786560059 585
1.4978809356689453 585
1.5041859149932861 585
1.5105273723602295 585
1.5224676132202148 585
1.529282808303833 585
1.535437822341919 585
1.5419178009033203 585
1.548506736755371 585
1.5542747974395752 585
1.5610976219177246 585
1.5684614181518555 585
1.5742552280426025 585
1.5809662342071533 585
1.5865485668182373 585
1.593132734298706 585
1.5997395515441895 585
1.605644941329956 585
1.611961841583252 585
1.6196255683898926 585
1.6257209777832031 585
1.6320619583129883 585
1.6389102935791016 585
1.6445341110229492 585
1.651259422302246 585
1.658524751663208 585
1.664388656616211 585
1.6719133853912354 585
1.6784374713897705 585
1.6843681335449219 585
1.6910722255706787 585
1.6965773105621338 585
1.7032015323638916 585
1.7097978591918945 585
1.7156906127929688 585
1.7228922843933105 585
1.7294714450836182 585
1.7353827953338623 585
1.7419517040252686 585
1.7485253810882568 585
1.7543160915374756 585
1.7610769271850586 585
1.7668695449829102 585
1.7741599082946777 585
1.7804923057556152 585
1.7864329814910889 585
1.7931699752807617 585
1.7997767925262451 585
1.80582857131958 585
1.8121154308319092 585
1.8196628093719482 585
1.8256504535675049 585
1.83199143409729 585
1.83854341506958 585
1.8442943096160889 585
1.8510198593139648 585
1.8565542697906494 585
1.8632714748382568 585
1.8710148334503174 585
1.8765637874603271 585
1.883185625076294 585
1.8897995948791504 585
1.895806074142456 585
1.902139663696289 585
1.9089393615722656 585
1.9193153381347656 585
1.9262874126434326 585
1.9329893589019775 585
1.9395811557769775 585
1.9455616474151611 585
1.9519164562225342 585
1.9584894180297852 585
1.964249610900879 585
1.9709198474884033 585
1.9779772758483887 585
1.984321117401123 585
1.9910597801208496 585
1.9965760707855225 585
2.003181219100952 585
2.0113816261291504 585
2.0194356441497803 585
2.0261261463165283 585
2.032482385635376 585
2.0393178462982178 585
2.0453686714172363 585
2.0518479347229004 585
2.0584042072296143 585
2.0641984939575195 585
2.07094669342041 585
2.0783872604370117 585
2.0841832160949707 585
2.0905306339263916 585
2.0964341163635254 585
2.1031439304351807 585
2.109776735305786 585
2.115682601928711 585
2.122070074081421 585
2.129655599594116 585
2.1355538368225098 585
2.142075300216675 585
2.148913860321045 585
2.154510974884033 585
2.161256790161133 585
2.167059898376465 585
2.173354387283325 585
2.1812939643859863 585
2.1871399879455566 585
2.193448543548584 585
2.1999990940093994 585
2.206012487411499 585
2.21236515045166 585
2.2191646099090576 585
2.225162982940674 585
2.2323482036590576 585
2.2392032146453857 585
2.2450904846191406 585
2.251462459564209 585
2.257286787033081 585
2.263819694519043 585
2.270219564437866 585
2.2761523723602295 585
2.2838199138641357 585
2.2901973724365234 585
2.296123504638672 585
2.3024656772613525 585
2.3093066215515137 585
2.3196003437042236 585
2.3257107734680176 585
2.333148956298828 585
2.3397982120513916 585
2.345888376235962 585
2.3521766662597656 585
2.3590400218963623 585
2.364915609359741 585
2.371429920196533 585
2.377284049987793 585
2.384906768798828 585
2.391371250152588 585
2.397188901901245 585
2.4099280834198 585
2.415917158126831 585
2.4222869873046875 585
2.429109573364258 585
2.4358410835266113 585
2.442319631576538 585
2.4491612911224365 585
2.454954147338867 585
2.461534261703491 585
2.467411756515503 585
2.474024772644043 585
2.481522798538208 585
2.487394094467163 585
2.493852376937866 585
2.500279426574707 585
2.506216526031494 585
2.5128257274627686 585
2.5194716453552246 585
2.5255355834960938 585
2.5325756072998047 585
2.53945255279541 585
2.5453855991363525 585
2.551825761795044 585
2.55837082862854 585
2.564199209213257 585
2.571080446243286 585
2.5769405364990234 585
2.5845353603363037 585
2.5912370681762695 585
2.597066879272461 585
2.603386878967285 585
2.609989643096924 585
2.6158981323242188 585
2.622270107269287 585
2.6290838718414307 585
2.635838031768799 585
2.6423580646514893 585
2.649181365966797 585
2.65580415725708 585
2.662137746810913 585
2.668966054916382 585
2.674778461456299 585
2.681267023086548 585
2.688901424407959 585
2.694535732269287 585
2.7013487815856934 585
2.70723032951355 585
2.7137625217437744 585
2.724071741104126 585
2.730386972427368 585
2.7378928661346436 585
2.7441725730895996 585
2.7508974075317383 585
2.75646710395813 585
2.7632217407226562 585
2.769838571548462 585
2.7757301330566406 585
2.7820661067962646 585
2.789766550064087 585
2.7957229614257812 585
2.802089214324951 585
2.808934450149536 585
2.8145532608032227 585
2.821375846862793 585
2.8272016048431396 585
2.833793878555298 585
2.8414132595062256 585
2.847257614135742 585
2.8537495136260986 585
2.8601973056793213 585
2.8661293983459473 585
2.872528314590454 585
2.879359006881714 585
2.885481119155884 585
2.8929831981658936 585
2.899606466293335 585
2.905529260635376 585
2.911909818649292 585
2.9185409545898438 585
2.9243245124816895 585
2.9310834407806396 585
2.9379990100860596 585
2.9443235397338867 585
2.951094388961792 585
2.956869602203369 585
2.963318347930908 585
2.9699299335479736 585
2.975829839706421 585
2.9821341037750244 585
2.9896976947784424 585
2.995657205581665 585
3.00216007232666 585
3.0099799633026123 585
3.0161728858947754 585
3.0225424766540527 585
3.029407501220703 585
3.035352945327759 585
3.0425055027008057 585
3.0493760108947754 585
3.0553112030029297 585
3.061835289001465 585
3.068408727645874 585
3.074195384979248 585
3.0809524059295654 585
3.0865259170532227 585
3.0943479537963867 585
3.1010918617248535 585
3.106940746307373 585
3.1133053302764893 585
3.12382173538208 585
3.1302144527435303 585
3.1362404823303223 585
3.144047260284424 585
3.1503827571868896 585
3.156433343887329 585
3.163050889968872 585
3.169651746749878 585
3.1755354404449463 585
3.1820173263549805 585
3.1888608932495117 585
3.1956627368927 585
3.202019214630127 585
3.208836555480957 585
3.2145094871520996 585
3.2213168144226074 585
3.227205514907837 585
3.233586549758911 585
3.2401058673858643 585
3.247255802154541 585
3.253755807876587 585
3.2602145671844482 585
3.2661221027374268 585
3.273216962814331 585
3.2798027992248535 585
3.2858409881591797 585
3.2923052310943604 585
3.299825429916382 585
3.3058712482452393 585
3.312218189239502 585
3.3190317153930664 585
3.3249130249023438 585
3.3314032554626465 585
3.3372480869293213 585
3.3449172973632812 585
3.35152530670166 585
3.3574090003967285 585
3.364047050476074 585
3.3703835010528564 585
3.3762876987457275 585
3.3829076290130615 585
3.3895163536071777 585
3.3962314128875732 585
3.4029078483581543 585
3.409578561782837 585
3.415485143661499 585
3.421997547149658 585
3.4288456439971924 585
3.4344887733459473 585
3.441157341003418 585
3.4484667778015137 585
3.454235792160034 585
3.460996150970459 585
3.466519594192505 585
3.4731321334838867 585
3.479755401611328 585
3.485835075378418 585
3.492183208465576 585
3.4998559951782227 585
3.5057485103607178 585
3.5120720863342285 585
3.5215559005737305 585
3.529134750366211 585
3.5351223945617676 585
3.541707992553711 585
3.5494186878204346 585
3.555504322052002 585
3.5619211196899414 585
3.568507194519043 585
3.5742719173431396 585
3.5810465812683105 585
3.5868797302246094 585
3.593229293823242 585
3.601027727127075 585
3.6065773963928223 585
3.6133344173431396 585
3.6199471950531006 585
3.625854730606079 585
3.6321895122528076 585
3.639042854309082 585
3.6448585987091064 585
3.6529433727264404 585
3.6596519947052 585
3.665682554244995 585
3.6719932556152344 585
3.6785812377929688 585
3.6843504905700684 585
3.691110134124756 585
3.6969451904296875 585
3.704357385635376 585
3.7110722064971924 585
3.716885566711426 585
3.723342180252075 585
3.729992389678955 585
3.73589825630188 585
3.7423956394195557 585
3.749250650405884 585
3.7559404373168945 585
3.76228404045105 585
3.7690885066986084 585
3.774935722351074 585
3.78151273727417 585
3.787386655807495 585
3.7937936782836914 585
3.800201177597046 585
3.8071072101593018 585
3.813448190689087 585
3.820054769515991 585
3.8259942531585693 585
3.8328771591186523 585
3.8397741317749023 585
3.8458075523376465 585
3.8532426357269287 585
3.859851360321045 585
3.865755081176758 585
3.8722236156463623 585
3.8790814876556396 585
3.884899377822876 585
3.8914682865142822 585
3.8973443508148193 585
3.9051616191864014 585
3.911526679992676 585
3.917414665222168 585
3.927886486053467 585
3.9341893196105957 585
3.941047430038452 585
3.9469151496887207 585
3.954535484313965 585
3.9613656997680664 585
3.96722149848938 585
3.9736077785491943 585
3.9800727367401123 585
3.9860284328460693 585
3.992398262023926 585
3.9992570877075195 585
4.006044149398804 585
4.012415170669556 585
4.020009994506836 585
4.026339292526245 585
4.032922744750977 585
4.039571046829224 585
4.04548192024231 585
4.0518639087677 585
4.059478044509888 585
4.065380573272705 585
4.07181191444397 585
4.078406810760498 585
4.084317445755005 585
4.091080665588379 585
4.096864461898804 585
4.103237152099609 585
4.111047983169556 585
4.116578102111816 585
4.123220682144165 585
4.129810333251953 585
4.135847568511963 585
4.1423118114471436 585
4.149132013320923 585
4.154961585998535 585
4.162151098251343 585
4.168935298919678 585
4.174808979034424 585
4.181320428848267 585
4.187146902084351 585
4.1934521198272705 585
4.200025796890259 585
4.206051826477051 585
4.213346004486084 585
4.219937801361084 585
4.225850820541382 585
4.23217511177063 585
4.23905873298645 585
4.244871139526367 585
4.251341104507446 585
4.2571702003479 585
4.264908075332642 585
4.271361827850342 585
4.277257442474365 585
4.283750772476196 585
4.290184497833252 585
4.296098232269287 585
4.302479267120361 585
4.310080051422119 585
4.316046237945557 585
4.326555013656616 585
4.333295106887817 585
4.339904069900513 585
4.345906019210815 585
4.352342128753662 585
4.359163761138916 585
4.365906476974487 585
4.372270345687866 585
4.379083633422852 585
4.3850932121276855 585
4.391587734222412 585
4.397420167922974 585
4.404037952423096 585
4.412551164627075 585
4.4194135665893555 585
4.425340414047241 585
4.43170952796936 585
4.4379589557647705 584
4.444257974624634 584
4.451056957244873 585
4.456861257553101 585
4.464285612106323 585
4.471069097518921 585
4.476862192153931 585
4.483198642730713 585
4.489803791046143 584
4.495723009109497 584
4.502274036407471 584
4.509152173995972 584
4.5158774852752686 585
4.522357702255249 585
4.529257774353027 585
4.535180330276489 585
4.541548252105713 585
4.54738712310791 584
4.553828239440918 584
4.560302257537842 585
4.567408084869385 585
4.57400107383728 585
4.580357074737549 585
4.586285591125488 585
4.592866897583008 585
4.599454879760742 585
4.605487108230591 585
4.61184549331665 584
4.619422435760498 584
4.6255576610565186 584
4.631915330886841 584
4.638493537902832 585
4.644298076629639 585
4.6511945724487305 585
4.658549547195435 584
4.665491104125977 585
4.671967267990112 585
4.6788330078125 585
4.684863090515137 585
4.691331386566162 585
4.6971352100372314 585
4.703459978103638 585
4.710057258605957 584
4.717239141464233 585
4.727442264556885 585
4.734284400939941 585
4.741285085678101 585
4.747165679931641 585
4.753765344619751 585
4.760199308395386 585
4.767187118530273 584
4.773722171783447 584
4.780149221420288 585
4.786235332489014 585
4.7928712368011475 585
4.799498796463013 585
4.805632591247559 585
4.811964511871338 585
4.825115919113159 585
4.831529140472412 584
4.837412595748901 584
4.8441321849823 585
4.8504743576049805 585
4.856487989425659 585
4.863314867019653 585
4.871041774749756 585
4.876550674438477 585
4.883986473083496 585
4.890467405319214 584
4.89647364616394 585
4.903106212615967 585
4.909762382507324 585
4.915828466415405 585
4.924043893814087 585
4.930374622344971 585
4.9364705085754395 584
4.9431798458099365 584
4.949808359146118 584
4.955722332000732 585
4.962038993835449 585
4.969000816345215 585
4.975748538970947 585
4.982258558273315 585
4.989086151123047 584
4.994982957839966 584
5.001467704772949 585
5.00911808013916 585
5.01530385017395 585
5.022480249404907 585
5.029306411743164 585
5.035212516784668 585
5.041776418685913 584
5.048420190811157 585
5.054194927215576 585
5.061072826385498 585
5.066919326782227 585
5.074324607849121 585
5.081074476242065 585
5.086858749389648 585
5.093166828155518 584
5.0997936725616455 585
5.105819225311279 585
5.112204551696777 585
5.119074821472168 585
5.129953384399414 585
5.135970592498779 585
5.142404794692993 584
5.1492555141448975 584
5.155346155166626 585
5.16182804107666 585
5.168414831161499 585
5.175536155700684 585
5.181896448135376 585
5.188493490219116 585
5.194255828857422 585
5.20097541809082 585
5.206498861312866 584
5.213163137435913 585
5.219785213470459 585
5.227071046829224 585
5.233395576477051 585
5.239962339401245 585
5.2460455894470215 584
5.252401113510132 584
5.259314298629761 584
5.265277147293091 585
5.271600723266602 585
5.279265642166138 585
5.285336017608643 585
5.291714906692505 585
5.297892808914185 584
5.304263114929199 584
5.311025381088257 584
5.316544771194458 585
5.3231360912323 585
5.330946207046509 585
5.336528778076172 585
5.343289375305176 585
5.349849224090576 585
5.35575532913208 584
5.362090349197388 584
5.36894679069519 584
5.374557256698608 585
5.382079839706421 585
5.389053106307983 585
5.394859313964844 585
5.401442289352417 585
5.407326698303223 585
5.41378116607666 584
5.420199155807495 584
5.427210092544556 585
5.433990478515625 585
5.440367698669434 585
5.44631028175354 585
5.4528985023498535 585
5.459589958190918 585
5.4656476974487305 585
5.471992015838623 584
5.479580879211426 584
5.485530376434326 584
5.491936445236206 585
5.498450517654419 585
5.504289627075195 585
5.511056900024414 585
5.516860723495483 585
5.5233588218688965 584
5.534357309341431 584
5.5412092208862305 584
5.547060489654541 584
5.553461074829102 584
5.560059547424316 584
5.566063165664673 584
5.572426795959473 584
5.580029249191284 584
5.586205005645752 585
5.592554807662964 585
5.599435329437256 584
5.605389833450317 584
5.611910581588745 584
5.618892192840576 584
5.624510765075684 584
5.631991624832153 583
5.6388022899627686 583
5.6448588371276855 584
5.651355504989624 584
5.658998727798462 584
5.664809465408325 584
5.671270370483398 583
5.677122116088867 583
5.684495210647583 584
5.691317081451416 584
5.697223663330078 584
5.703794956207275 583
5.710198163986206 583
5.716150999069214 583
5.722570896148682 583
5.7293970584869385 584
5.736231088638306 584
5.742573976516724 584
5.749372720718384 583
5.755312204360962 583
5.761920213699341 583
5.76849627494812 584
5.774254322052002 584
5.781014919281006 584
5.788376331329346 584
5.794149875640869 583
5.8009419441223145 583
5.806511163711548 583
5.813113212585449 584
5.819814205169678 584
5.825902938842773 583
5.8322155475616455 583
5.839784145355225 583
5.845691204071045 584
5.8520283699035645 584
5.858943462371826 584
5.864549875259399 584
5.871219635009766 583
5.877000093460083 583
5.888935327529907 584
5.8948752880096436 584
5.901402473449707 585
5.907282590866089 584
5.913800954818726 584
5.920279026031494 584
5.9304163455963135 584
5.9379401206970215 584
5.94452166557312 585
5.951455116271973 585
5.957360744476318 584
5.971094846725464 585
5.983173131942749 586
5.9919750690460205 586
6.000033378601074 586
6.009979248046875 585
6.019180774688721 585
6.025546073913574 584
6.035776376724243 584
6.0440449714660645 585
6.0543506145477295 585
6.062983989715576 585
6.07034158706665 585
6.07980751991272 585
6.085852861404419 585
6.093158960342407 584
6.100334405899048 584
6.107966184616089 584
6.115586757659912 585
6.122942924499512 585
6.130222797393799 585
6.138569116592407 585
6.14630651473999 584
6.155716419219971 584
6.1621270179748535 584
6.168984651565552 584
6.1753129959106445 584
6.183180332183838 584
6.19169282913208 584
6.1996026039123535 584
6.206540107727051 584
6.213862895965576 583
6.221870422363281 584
6.229252099990845 584
6.236253976821899 584
6.245647430419922 583
6.252862453460693 583
6.260237455368042 584
6.269747018814087 584
6.276196479797363 584
6.282526731491089 584
6.2893218994140625 583
6.296057939529419 583
6.302868366241455 583
6.309488773345947 584
6.315409183502197 584
6.32184100151062 584
6.332228660583496 584
6.339684247970581 583
6.346563816070557 583
6.353333950042725 583
6.35995078086853 584
6.3660547733306885 584
6.372511625289917 584
6.3793041706085205 584
6.385236501693726 583
6.391513347625732 583
6.399277925491333 583
6.405205488204956 584
6.411547660827637 584
6.4174113273620605 584
6.424246311187744 584
6.430981636047363 583
6.436577558517456 583
6.443220853805542 583
6.451045274734497 584
6.456902027130127 584
6.4632728099823 583
6.469811916351318 583
6.475898742675781 583
6.482334136962891 584
6.489136457443237 584
6.495858669281006 584
6.502207279205322 583
6.509028673171997 583
6.514871597290039 583
6.5213868618011475 583
6.5272252559661865 584
6.533714532852173 584
6.540200710296631 584
6.547341585159302 583
6.553772449493408 583
6.560225248336792 583
6.566184043884277 583
6.572526454925537 584
6.579436779022217 584
6.585375070571899 584
6.59171986579895 583
6.599327802658081 583
6.605536460876465 583
6.6119115352630615 584
6.618476867675781 584
6.624286651611328 584
6.631057024002075 584
6.636570930480957 584
6.643134117126465 584
6.650354862213135 583
6.657376050949097 583
6.664140701293945 584
6.670452356338501 584
6.676430940628052 584
6.683014154434204 583
6.68962550163269 583
6.695580244064331 583
6.702894687652588 583
6.709478139877319 584
6.7154436111450195 584
6.721907615661621 584
6.731396198272705 583
6.73903751373291 583
6.744971752166748 583
6.752289772033691 584
6.759220600128174 584
6.765324831008911 584
6.771682262420654 583
6.777874708175659 583
6.784212589263916 584
6.790927171707153 584
6.796535491943359 584
6.804189682006836 583
6.810894250869751 583
6.816496133804321 583
6.823144912719727 583
6.83141016960144 584
6.837301731109619 584
6.8440775871276855 584
6.8503570556640625 583
6.857262134552002 583
6.864017486572266 583
6.870357990264893 584
6.876255750656128 584
6.882907152175903 584
6.8894782066345215 584
6.895502328872681 583
6.903109788894653 583
6.90979528427124 583
6.915698528289795 584
6.92205810546875 584
6.929041624069214 584
6.934834957122803 584
6.9412901401519775 583
6.947197198867798 583
6.95484733581543 584
6.961424350738525 584
6.967339754104614 584
6.973787069320679 583
6.980164527893066 583
6.986104488372803 583
6.992867946624756 583
6.999459266662598 584
7.006123065948486 584
7.0124664306640625 583
7.019278287887573 583
7.025390625 583
7.031863212585449 584
7.039581298828125 584
7.045897006988525 584
7.05230712890625 584
7.059921503067017 583
7.065795421600342 583
7.072152614593506 583
7.078940391540527 584
7.084895610809326 584
7.091402769088745 584
7.097239971160889 584
7.103638648986816 583
7.111410617828369 583
7.117276191711426 584
7.123964309692383 584
7.13491153717041 584
7.141567945480347 583
7.147432804107666 583
7.15414834022522 583
7.161772727966309 583
7.167979001998901 583
7.1741368770599365 584
7.180937051773071 584
7.186495304107666 583
7.193081855773926 583
7.199768781661987 583
7.206862926483154 584
7.213282108306885 584
7.219972610473633 584
7.2259345054626465 584
7.232262372970581 583
7.239136457443237 583
7.244965553283691 583
7.251554012298584 584
7.25926947593689 584
7.265410423278809 583
7.271764039993286 583
7.27798056602478 583
7.284207344055176 583
7.290899991989136 584
7.296449661254883 584
7.303112030029297 584
7.3104493618011475 584
7.316376447677612 584
7.323105812072754 583
7.329761981964111 583
7.335688352584839 584
