00
0.012456893920898438 0
0.0257568359375 0
0.03222990036010742 0
0.04139304161071777 2
0.04763436317443848 4
0.05404543876647949 6
0.06168842315673828 8
0.0676734447479248 11
0.07510161399841309 16
0.08415579795837402 19
0.09110283851623535 22
0.0971212387084961 28
0.10442137718200684 32
0.11204791069030762 38
0.1212003231048584 42
0.12722063064575195 46
0.1337275505065918 51
0.14139795303344727 57
0.147475004196167 63
0.15494179725646973 71
0.1640162467956543 76
0.17092418670654297 81
0.1768631935119629 87
0.1841583251953125 94
0.19186043739318848 100
0.20101189613342285 106
0.20694565773010254 110
0.21364068984985352 116
0.22133898735046387 124
0.22850465774536133 131
0.2364046573638916 138
0.24396395683288574 145
0.2530674934387207 150
0.258974552154541 156
0.26543140411376953 163
0.2733345031738281 168
0.2810549736022949 175
0.28925538063049316 184
0.29596805572509766 190
0.30243945121765137 195
0.3084530830383301 202
0.3161933422088623 209
0.32378530502319336 216
0.3324899673461914 222
0.33852338790893555 231
0.34929704666137695 238
0.3569955825805664 243
0.3636474609375 248
0.3699033260345459 256
0.37630605697631836 263
0.38392138481140137 268
0.3905503749847412 274
0.3964061737060547 279
0.4033389091491699 285
0.40929508209228516 292
0.4160318374633789 298
0.42244553565979004 303
0.4284369945526123 310
0.4362647533416748 316
0.4431116580963135 321
0.44902658462524414 326
0.45547962188720703 334
0.462144136428833 339
0.4682621955871582 344
0.4751138687133789 352
0.48299407958984375 357
0.4889488220214844 363
0.49538421630859375 370
0.5020625591278076 375
0.5080697536468506 381
0.5145602226257324 386
0.5214903354644775 392
0.5276832580566406 399
0.5352427959442139 406
0.5419309139251709 412
0.547935962677002 417
0.5543379783630371 422
0.5612809658050537 428
0.5672769546508789 435
0.5737416744232178 439
0.5803961753845215 448
0.5882315635681152 454
0.5949199199676514 459
0.601604700088501 466
0.6077227592468262 472
0.6141719818115234 477
0.6210904121398926 482
0.6269879341125488 488
0.6335434913635254 495
0.6413118839263916 500
0.647515058517456 508
0.6539859771728516 513
0.6608994007110596 519
0.6668198108673096 524
0.6733839511871338 532
0.6804718971252441 537
0.6874661445617676 544
0.6939437389373779 550
0.7008602619171143 555
0.706923246383667 560
0.713470458984375 566
0.7193913459777832 573
0.7260255813598633 578
0.7324168682098389 584
0.7404224872589111 595
0.751110315322876 600
0.7572455406188965 606
0.7639317512512207 613
0.7708561420440674 618
0.7769148349761963 624
0.7834622859954834 632
0.7912037372589111 637
0.7971858978271484 642
0.803591251373291 648
0.8099124431610107 655
0.8162860870361328 660
0.823432445526123 664
0.8294432163238525 669
0.8361194133758545 673
0.8439154624938965 676
0.8508858680725098 678
0.8571205139160156 680
0.8637323379516602 683
0.8704657554626465 684
0.8765127658843994 685
0.8834576606750488 686
0.8913125991821289 686
0.8973729610443115 686
0.9040148258209229 686
0.9110350608825684 686
0.9170079231262207 686
0.9235610961914062 686
0.9294986724853516 687
0.936194658279419 687
0.94405198097229 687
0.9510626792907715 687
0.9571044445037842 687
0.9635813236236572 687
0.9698939323425293 686
0.9762527942657471 686
0.9831624031066895 686
0.9891242980957031 686
0.9969339370727539 686
1.0036160945892334 686
1.0099232196807861 685
1.0162458419799805 684
1.0231289863586426 684
1.0290825366973877 684
1.0357630252838135 684
1.043391466140747 684
1.0493669509887695 683
1.0560696125030518 683
1.0631752014160156 682
1.0691487789154053 682
1.0758113861083984 682
1.0823092460632324 682
1.0883300304412842 681
1.0961451530456543 680
1.1029760837554932 680
1.1089658737182617 680
1.1154601573944092 680
1.1221578121185303 680
1.1283411979675293 679
1.1358790397644043 678
1.1436247825622559 678
1.1545684337615967 678
1.1615025997161865 678
1.1677062511444092 678
1.1742699146270752 678
1.181286334991455 678
1.1874427795410156 677
1.1945931911468506 676
1.2015950679779053 676
1.2077269554138184 676
1.214188814163208 676
1.2211570739746094 675
1.2280778884887695 675
1.2351272106170654 674
1.241847276687622 674
1.2491180896759033 674
1.2558352947235107 673
1.2624168395996094 673
1.2684693336486816 672
1.2752704620361328 672
1.2819750308990479 672
1.288043737411499 672
1.2957649230957031 672
1.3023300170898438 671
1.3084752559661865 670
1.3152813911437988 670
1.321991205215454 670
1.3280887603759766 670
1.3348314762115479 670
1.3415741920471191 669
1.3483986854553223 669
1.3551304340362549 668
1.36187744140625 668
1.3680531978607178 668
1.3745477199554443 668
1.38148832321167 667
1.3876583576202393 666
1.394144058227539 666
1.4019765853881836 666
1.4080617427825928 666
1.4145615100860596 666
1.4215059280395508 666
1.427671194076538 666
1.4341480731964111 665
1.4411053657531738 665
1.4478998184204102 664
1.4544212818145752 664
1.4614348411560059 664
1.4675381183624268 664
1.4739954471588135 663
1.4809129238128662 663
1.4871129989624023 662
1.493577003479004 662
1.5014281272888184 662
1.5075256824493408 662
1.514122486114502 662
1.5212063789367676 661
1.5272603034973145 661
1.5338151454925537 660
1.5405223369598389 660
1.5504779815673828 660
1.5582244396209717 660
1.5650887489318848 660
1.5718204975128174 659
1.578080177307129 659
1.5856468677520752 658
1.5922985076904297 658
1.5983765125274658 658
1.6061649322509766 658
1.6130340099334717 658
1.6189610958099365 658
1.6254303455352783 658
1.6321654319763184 657
1.6382014751434326 656
1.6450762748718262 656
1.6525392532348633 656
1.6589617729187012 656
1.6657390594482422 656
1.6722846031188965 655
1.678318738937378 655
1.685486078262329 654
1.69221830368042 654
1.6982731819152832 654
1.706057071685791 654
1.7125375270843506 654
1.7185845375061035 654
1.7254657745361328 654
1.7321701049804688 653
1.738239049911499 653
1.7449700832366943 652
1.7524995803833008 652
1.7589640617370605 652
1.7654414176940918 652
1.7721302509307861 652
1.7782819271087646 652
1.7851178646087646 651
1.7919085025787354 650
1.7979731559753418 650
1.8056228160858154 650
1.8122732639312744 650
1.8183231353759766 650
1.825209617614746 649
1.8319203853607178 649
1.8379368782043457 649
1.8445472717285156 648
1.8515331745147705 648
1.8584623336791992 648
1.865248680114746 648
1.8719727993011475 648
1.87796950340271 648
1.884408712387085 648
1.891385555267334 647
1.897461175918579 646
1.9051642417907715 646
1.9119532108306885 646
1.917980432510376 646
1.9244132041931152 646
1.9314050674438477 646
1.937532663345337 646
1.9439787864685059 646
1.9542653560638428 645
1.96205472946167 644
1.9683139324188232 644
1.975205421447754 644
1.9818973541259766 644
1.9879372119903564 644
1.9944164752960205 644
2.001394033432007 643
2.009331703186035 642
2.0159997940063477 642
2.0224673748016357 642
2.028916358947754 642
2.035627603530884 642
2.042222499847412 642
2.0482735633850098 642
2.055007219314575 642
2.062509775161743 641
2.068579912185669 641
2.0753426551818848 641
2.082052707672119 640
2.088228225708008 640
2.0949766635894775 640
2.1017212867736816 640
2.108456611633301 640
2.1152329444885254 640
2.1219871044158936 640
2.1280617713928223 640
2.1345620155334473 640
2.141538381576538 639
2.147719144821167 639
2.1541924476623535 638
2.1620304584503174 638
2.1682300567626953 638
2.1749672889709473 638
2.181696891784668 638
2.187744140625 638
2.1942059993743896 638
2.201319694519043 638
2.2075116634368896 637
2.2150681018829346 636
2.223151683807373 636
2.2294516563415527 637
2.236114263534546 637
2.2429332733154297 637
2.248904228210449 637
2.255399703979492 636
2.263392210006714 636
2.269390821456909 635
2.2762041091918945 635
2.283135414123535 635
2.2890825271606445 635
2.2958104610443115 635
2.3023340702056885 634
2.3083689212799072 634
2.3160409927368164 634
2.3225150108337402 634
2.328951597213745 634
2.335434675216675 634
2.34214448928833 634
2.3525302410125732 633
2.3589773178100586 632
2.3669042587280273 632
2.3735475540161133 632
2.3799309730529785 632
2.3863751888275146 632
2.393303394317627 632
2.399305582046509 632
2.405977964401245 632
2.4136438369750977 631
2.4203884601593018 631
2.426823377609253 631
2.4334473609924316 630
2.439440965652466 630
2.4462904930114746 631
2.4531571865081787 631
2.4590847492218018 630
2.473060369491577 630
2.4790985584259033 630
2.485656261444092 629
2.492241621017456 629
2.4983127117156982 628
2.5052225589752197 628
2.5120248794555664 629
2.519166946411133 629
2.5257794857025146 629
2.532323122024536 628
2.5383706092834473 628
2.5450923442840576 628
2.5518925189971924 628
2.558060646057129 627
2.565887451171875 627
2.5724475383758545 627
2.5785200595855713 627
2.586215019226074 626
2.5930798053741455 626
2.5990567207336426 626
2.60561466217041 627
2.612257957458496 627
2.6193647384643555 627
2.626133441925049 627
2.632964849472046 626
2.6389400959014893 626
2.6454854011535645 626
2.6522250175476074 626
2.658290386199951 626
2.6650195121765137 626
2.672924757003784 625
2.6789190769195557 625
2.6857471466064453 624
2.693118095397949 624
2.6990861892700195 624
2.7057137489318848 624
2.7123067378997803 624
2.719473361968994 624
2.7262065410614014 624
2.7330732345581055 624
2.7391140460968018 624
2.745880603790283 623
2.756196975708008 623
2.763205051422119 622
2.770885944366455 622
2.777156352996826 622
2.783705472946167 622
2.790541172027588 622
2.796555995941162 622
2.803462028503418 622
2.809461832046509 622
2.8162832260131836 622
2.8240749835968018 621
2.83107328414917 621
2.837128162384033 620
2.843676805496216 620
2.8503918647766113 621
2.856398344039917 621
2.863395929336548 621
2.871201276779175 621
2.877300500869751 620
2.883781909942627 620
2.8905012607574463 620
2.8964953422546387 620
2.903304100036621 620
2.9093189239501953 620
2.91589617729187 620
2.923699378967285 619
2.930426836013794 619
2.9363691806793213 619
2.9434454441070557 619
2.949451446533203 619
2.9561359882354736 619
2.9630324840545654 619
2.9690022468566895 618
2.976384162902832 618
2.98342227935791 618
2.9894227981567383 618
2.996077060699463 618
3.0025393962860107 618
3.0089073181152344 618
3.0154106616973877 618
3.0233378410339355 618
3.0293259620666504 618
3.0360145568847656 618
3.0425353050231934 617
3.0489649772644043 617
3.0555808544158936 616
3.062218189239502 617
3.0683083534240723 617
3.0762524604797363 617
3.0830724239349365 617
3.089078903198242 617
3.095613718032837 616
3.102219820022583 616
3.1084113121032715 616
3.115208387374878 616
3.1219639778137207 616
3.12914776802063 616
3.135768175125122 615
3.142387866973877 615
3.148447036743164 615
3.159014940261841 616
3.165825128555298 615
3.172367811203003 615
3.1800215244293213 614
3.186509609222412 614
3.193347930908203 614
3.1993300914764404 615
3.206160545349121 614
3.2129924297332764 614
3.218961238861084 614
3.2282462120056152 614
3.235018730163574 614
3.241746187210083 614
3.247816562652588 614
3.2542970180511475 614
3.261298656463623 614
3.267402410507202 613
3.2739057540893555 613
3.2816920280456543 613
3.2878713607788086 612
3.294351816177368 612
3.301319122314453 612
3.3073763847351074 613
3.3138890266418457 613
3.3209497928619385 612
3.327813148498535 612
3.334465265274048 612
3.341435670852661 612
3.3476409912109375 612
3.3541126251220703 612
3.3610923290252686 612
3.3671634197235107 611
3.3736658096313477 611
3.3813939094543457 611
3.387519598007202 611
3.3940112590789795 611
3.4010567665100098 611
3.4072265625 611
3.4137015342712402 610
3.4203879833221436 610
3.4263458251953125 611
3.4341142177581787 611
3.4411063194274902 611
3.4471559524536133 611
3.453598737716675 610
3.459510326385498 610
3.4663712978363037 610
3.4733333587646484 610
3.4811017513275146 610
3.4871151447296143 610
3.4936063289642334 610
3.49991512298584 609
3.506282091140747 609
3.513188600540161 609
3.5191586017608643 609
3.5258705615997314 609
3.533511161804199 609
3.539475202560425 609
3.5461814403533936 609
3.555842876434326 608
3.563714027404785 608
3.5704517364501953 608
3.5765933990478516 608
3.585458278656006 608
3.592205286026001 608
3.5983774662017822 608
3.605151891708374 608
3.6119000911712646 608
3.6178910732269287 608
3.624323844909668 608
3.632061004638672 608
3.6381421089172363 608
3.645441770553589 607
3.6525022983551025 607
3.6588916778564453 607
3.665351390838623 607
3.6720728874206543 607
3.67822265625 607
3.686038017272949 607
3.692521095275879 606
3.6992080211639404 607
3.7060160636901855 607
3.7125022411346436 607
3.718571662902832 607
3.7254319190979004 607
3.733292579650879 606
3.7393851280212402 606
3.7462246417999268 606
3.75309681892395 606
3.7590699195861816 606
3.7658612728118896 606
3.77243709564209 605
3.778465986251831 605
3.7862486839294434 605
3.7931971549987793 606
3.799166202545166 606
3.805752992630005 606
3.81229305267334 605
3.823436737060547 605
3.8294503688812256 604
3.837371587753296 604
3.844019889831543 605
3.8510212898254395 605
3.857193946838379 605
3.8636956214904785 604
3.870396614074707 604
3.8763670921325684 604
3.8833882808685303 604
3.891218423843384 604
3.89728045463562 604
3.9037630558013916 604
3.9104690551757812 603
3.9163756370544434 603
3.9233241081237793 603
3.9293439388275146 603
3.936007499694824 604
3.943791389465332 604
3.9505128860473633 603
3.9614036083221436 603
3.967609405517578 604
3.974182605743408 604
3.9811339378356934 604
3.9881136417388916 603
3.9949216842651367 603
4.001693248748779 603
4.0078558921813965 603
4.014291286468506 602
4.0213189125061035 602
4.027420997619629 602
4.0339391231536865 603
4.041702032089233 603
4.0477519035339355 602
4.054289102554321 602
4.06130576133728 602
4.067513465881348 602
4.0740110874176025 602
4.080960273742676 602
4.086909294128418 601
4.094358682632446 601
4.101330757141113 602
4.10740065574646 602
4.114041566848755 602
4.121088981628418 601
4.127242088317871 601
4.133736610412598 601
4.1414635181427 600
4.147556304931641 601
4.154056072235107 601
4.161060810089111 601
4.167110919952393 601
4.173636436462402 600
4.179913282394409 600
4.186386823654175 600
4.194017171859741 600
4.200948476791382 600
4.2068915367126465 601
4.213468790054321 601
4.219451427459717 600
4.227452278137207 600
4.234212160110474 601
4.241161346435547 601
4.2481420040130615 600
4.254870891571045 600
4.261651515960693 600
4.26771879196167 600
4.274183034896851 600
4.2811713218688965 600
4.287170648574829 600
4.294414281845093 600
4.301405429840088 600
4.307568550109863 600
4.314058303833008 599
4.32107400894165 599
4.327126979827881 599
4.333600997924805 599
4.339508533477783 599
4.347266435623169 599
4.353765249252319 599
4.364141941070557 599
4.371117830276489 599
4.3774120807647705 598
4.383997440338135 598
4.3909547328948975 598
4.39788818359375 598
4.404306173324585 598
4.411302328109741 598
4.4173665046691895 598
4.423943281173706 598
4.4309070110321045 598
4.436845779418945 598
4.443483114242554 598
4.4513163566589355 598
4.457359313964844 598
4.463953733444214 598
4.470903635025024 598
4.47819972038269 598
4.485039234161377 598
4.491822957992554 597
4.498953580856323 597
4.505732536315918 597
4.512336730957031 597
4.518353462219238 597
4.525050640106201 597
4.531818151473999 597
4.537826776504517 597
4.544426918029785 597
4.55211329460144 597
4.558157444000244 597
4.564882516860962 597
4.571609258651733 597
4.577669382095337 596
4.585012912750244 596
4.591829061508179 597
4.598888874053955 597
4.605466604232788 597
4.612201929092407 597
4.61826229095459 597
4.624979734420776 597
4.631691217422485 596
4.637852430343628 596
4.64432954788208 596
4.652095317840576 596
4.6580893993377686 597
4.664930820465088 597
4.671668529510498 597
4.677716493606567 596
4.684178590774536 596
4.6911842823028564 596
4.697251796722412 596
4.704492807388306 596
4.711459398269653 596
4.717544078826904 596
4.724120140075684 595
4.731067895889282 595
4.737112998962402 596
4.743677139282227 596
4.751322269439697 596
4.761821746826172 596
4.768078565597534 595
4.774967670440674 595
4.7817063331604 595
4.787948131561279 595
4.7943642139434814 596
4.802092790603638 595
4.80815315246582 595
4.81493616104126 595
4.822359800338745 595
4.82840895652771 594
4.835143089294434 594
4.841952800750732 594
4.848072052001953 595
4.855741024017334 595
4.862319707870483 595
4.868425607681274 594
4.875267505645752 594
4.8819944858551025 594
4.888043165206909 594
4.89490532875061 594
4.90241551399231 594
4.90887713432312 594
4.915321111679077 594
4.9220311641693115 594
4.928087949752808 594
4.934597492218018 594
4.941625118255615 594
4.947627782821655 594
4.961219549179077 594
4.967445373535156 594
4.973979473114014 594
4.980917930603027 594
4.986870050430298 594
4.993486404418945 594
4.9994542598724365 594
5.007418394088745 593
5.0139405727386475 593
5.020948171615601 593
5.027154922485352 593
5.033587694168091 594
5.0399134159088135 594
5.0462353229522705 594
5.053125619888306 593
5.060920715332031 593
5.066890716552734 593
5.073531866073608 593
5.079446792602539 593
5.086259841918945 593
5.093113899230957 593
5.0990355014801025 593
5.106589317321777 593
5.1133904457092285 593
5.119386434555054 593
5.126042604446411 593
5.132534503936768 593
5.138584852218628 593
5.1454017162323 593
5.1521406173706055 593
5.1637115478515625 592
5.170468091964722 592
5.176814794540405 592
5.18355655670166 592
5.189494609832764 592
5.196206092834473 592
5.203230619430542 592
5.210964679718018 592
5.216931104660034 592
5.223489284515381 592
5.229458332061768 592
5.2375733852386475 592
5.244337320327759 592
5.251291275024414 592
5.258097887039185 592
5.265082597732544 592
5.271791219711304 592
5.277894020080566 592
5.284442663192749 592
5.291393280029297 592
5.297537803649902 592
5.30398416519165 592
5.311725616455078 592
5.317770957946777 592
5.32433557510376 591
5.331331014633179 591
5.337419509887695 591
5.34393835067749 591
5.350909471511841 592
5.3569207191467285 591
5.364147186279297 591
5.371114253997803 591
5.377183675765991 590
5.38373327255249 590
5.390455722808838 591
5.396365642547607 591
5.403277635574341 591
5.40922474861145 591
5.41711950302124 591
5.423582077026367 591
5.429508209228516 590
5.436209201812744 590
5.443162679672241 591
5.449196815490723 591
5.455777406692505 591
5.463477849960327 590
5.469444990158081 590
5.476111650466919 590
5.483041286468506 591
5.488959074020386 591
5.495480060577393 591
5.502143859863281 591
5.50826621055603 590
5.516240119934082 590
5.523097991943359 591
5.529038906097412 591
5.535466432571411 591
5.542136192321777 591
5.5482752323150635 590
5.555094242095947 590
5.5668017864227295 591
5.573522567749023 591
5.579471826553345 591
5.587320804595947 590
5.593921184539795 590
5.600855827331543 590
5.60681414604187 590
5.614143133163452 591
5.621178865432739 591
5.627354383468628 591
5.63394570350647 590
5.6408679485321045 590
5.6468517780303955 590
5.653459787368774 590
5.659412860870361 590
5.6672749519348145 590
5.673861503601074 589
5.6805455684661865 589
5.686887979507446 589
5.693498134613037 590
5.699429512023926 590
5.706087112426758 590
5.713045120239258 589
5.720425605773926 589
5.726369619369507 589
5.733267068862915 589
5.73915433883667 589
5.745818853378296 589
5.75233793258667 590
5.758387327194214 590
5.765142440795898 589
5.773074388504028 589
5.779010534286499 590
5.785421848297119 590
5.7921624183654785 590
5.798192501068115 589
5.805050611495972 589
5.811838865280151 589
5.8189473152160645 589
5.8256096839904785 589
5.832211256027222 590
5.838219881057739 590
5.844914674758911 589
5.851670265197754 589
5.85774302482605 589
5.86433219909668 589
5.871981143951416 589
5.8780152797698975 589
5.88446831703186 589
5.891358852386475 589
5.897615671157837 589
5.904089450836182 589
5.91105842590332 588
5.917102336883545 588
5.924544811248779 588
5.931480646133423 589
5.93769383430481 588
5.9441399574279785 588
5.951148509979248 588
5.957242012023926 588
5.9679811000823975 588
5.975766181945801 588
5.982274770736694 588
5.988498210906982 588
5.995322942733765 588
6.002028703689575 588
6.008068799972534 588
6.014582395553589 588
6.0222368240356445 588
6.028301239013672 588
6.034990310668945 588
6.041707992553711 588
6.047844409942627 588
6.057387113571167 588
6.0685741901397705 588
6.076174259185791 588
6.083022832870483 588
6.088947534561157 588
6.095417022705078 588
6.102147579193115 588
6.108282089233398 588
6.114964008331299 588
6.12249755859375 588
6.128559827804565 588
6.135383605957031 588
6.14209508895874 588
6.148225784301758 588
6.15606164932251 588
6.162485361099243 588
6.168930530548096 588
6.176370620727539 588
6.183227777481079 588
6.189160585403442 588
6.195850133895874 588
6.202406883239746 587
6.208415508270264 587
6.215243577957153 587
6.221978425979614 587
6.229072570800781 587
6.235469102859497 587
6.2439305782318115 587
6.250845909118652 587
6.256799697875977 587
6.263383865356445 587
6.269343376159668 587
6.2772321701049805 587
6.283820390701294 587
6.290483474731445 587
6.2963714599609375 587
6.303209543228149 587
6.30917763710022 587
6.315741300582886 587
6.322305917739868 587
6.3298890590667725 587
6.3362133502960205 587
6.343243837356567 587
6.3491761684417725 587
6.355744361877441 587
6.3661439418792725 587
6.373164415359497 587
6.380886554718018 587
6.386926651000977 587
6.393560409545898 587
6.399497032165527 587
6.4063026905059814 587
6.413178205490112 587
6.419105529785156 586
6.426548480987549 586
6.433454751968384 586
6.439457893371582 587
6.446122407913208 587
6.4530417919158936 587
6.459040403366089 587
6.465724945068359 587
6.472267389297485 587
6.479360103607178 586
6.4860310554504395 586
6.492515802383423 587
6.498520135879517 587
6.505279541015625 587
6.511974334716797 587
6.517958879470825 587
6.52448582649231 586
6.532210111618042 586
6.538323163986206 586
6.545064210891724 586
6.551810026168823 586
6.557820558547974 586
6.564213514328003 586
6.571164131164551 586
6.577197551727295 586
6.585655689239502 586
6.5922486782073975 586
6.59832239151001 586
6.605010509490967 586
6.611743211746216 586
6.617760896682739 586
6.624227285385132 586
6.631869792938232 586
6.637892007827759 586
6.644440412521362 585
6.65144944190979 586
6.65751838684082 586
6.664020538330078 586
6.670970916748047 586
6.676891565322876 586
6.68421745300293 586
6.691110849380493 586
6.697105646133423 586
6.7037034034729 585
6.710392951965332 586
6.716410875320435 586
6.7233076095581055 586
6.7292516231536865 586
6.737004280090332 586
6.743552923202515 586
6.749493360519409 586
6.756162166595459 585
6.766912460327148 586
6.773877382278442 586
6.780938386917114 586
6.787895441055298 586
6.794423818588257 586
6.801374673843384 586
6.8073813915252686 586
6.813945055007935 586
6.820866346359253 585
6.827182292938232 585
6.8344855308532715 585
6.841446399688721 585
6.847618103027344 585
6.854032516479492 586
6.8610005378723145 586
6.866950273513794 586
6.873525857925415 585
6.879470109939575 585
6.887522459030151 584
6.894007682800293 585
6.9009575843811035 585
6.906926155090332 585
6.913479566574097 585
6.919447422027588 585
6.926093101501465 584
6.9325315952301025 584
6.940455675125122 584
6.946521997451782 585
6.9532575607299805 585
6.961397886276245 585
6.967498064041138 584
6.974065065383911 584
6.9810779094696045 584
6.98784327507019 584
6.994221925735474 584
7.001145839691162 585
7.0072221755981445 585
7.0137341022491455 585
7.020386457443237 584
7.026305198669434 584
7.033183574676514 584
7.040847539901733 584
7.046586513519287 585
7.0533223152160645 585
7.05930495262146 584
7.066112995147705 584
7.072971820831299 584
7.078868389129639 584
7.085282564163208 584
7.093104124069214 585
7.0990190505981445 585
7.105777025222778 584
7.112305641174316 584
7.118331670761108 584
7.125152349472046 584
7.13184666633606 584
7.137798070907593 585
7.145314455032349 584
7.152018785476685 584
7.158049821853638 584
7.164530277252197 585
7.175776481628418 585
7.182307243347168 585
7.190012693405151 584
7.1965556144714355 584
7.203343391418457 584
7.209263324737549 584
7.2158427238464355 585
7.222357988357544 585
7.228419780731201 584
7.235286474227905 584
7.244852781295776 584
7.251579523086548 584
7.2576282024383545 584
7.264075040817261 584
7.271019458770752 584
7.276869773864746 584
7.283412218093872 585
7.289400100708008 585
7.297174453735352 584
7.303802013397217 584
7.3104939460754395 584
7.316368341445923 584
7.323262929916382 584
7.329162836074829 584
7.335840940475464 584
7.343553304672241 584
7.349890947341919 585
7.35625958442688 584
7.363250017166138 584
7.369251489639282 584
7.375844955444336 584
7.382361173629761 584
7.3884100914001465 584
7.3962013721466064 584
7.40309476852417 584
7.408975839614868 584
7.41540002822876 584
7.422081470489502 584
7.428176164627075 584
7.434833765029907 584
7.441526174545288 584
7.448368549346924 584
7.455090522766113 584
7.467344522476196 584
7.473869323730469 584
7.480498552322388 584
7.486539363861084 584
7.4934704303741455 584
7.501123666763306 584
7.50714111328125 584
7.513596057891846 584
7.519507646560669 584
7.526255130767822 584
7.5330729484558105 584
7.538976430892944 584
7.546855926513672 584
7.553464412689209 584
7.559440612792969 584
7.566068649291992 584
7.5765581130981445 584
7.583505392074585 584
7.591146230697632 584
7.597983121871948 584
7.60455846786499 584
7.611462593078613 584
7.617518424987793 584
7.6240925788879395 584
7.631052017211914 584
7.636941432952881 583
7.643533945083618 583
7.651333332061768 584
7.657350063323975 584
7.663914918899536 584
7.67087459564209 583
7.6768107414245605 583
7.6834495067596436 583
7.689443349838257 583
7.696089506149292 583
7.703782558441162 584
7.710462808609009 584
7.716365098953247 584
7.723384618759155 583
7.7293267250061035 583
7.736003160476685 583
7.742475271224976 583
7.749512195587158 583
7.756304502487183 583
7.763122797012329 584
7.768991708755493 584
7.775439977645874 583
7.782174825668335 583
7.788368463516235 583
7.795088768005371 583
7.802489519119263 583
7.808504343032837 584
7.815205335617065 584
7.821963310241699 583
7.828078508377075 583
7.834573984146118 583
7.841495513916016 583
7.847697734832764 583
7.855059862136841 583
7.861828327178955 584
7.867821216583252 584
7.874258756637573 583
7.881202220916748 583
7.887393236160278 583
7.893996715545654 583
7.90090012550354 584
7.907853603363037 584
7.914300918579102 584
7.921281099319458 583
7.927347183227539 583
7.933816194534302 583
7.9404616355896 583
7.946354389190674 584
7.956538677215576 584
7.963538646697998 583
7.973836898803711 583
7.980916500091553 582
7.987163782119751 582
7.99370002746582 583
8.000415086746216 583
8.0075101852417 583
8.014077186584473 583
8.021044969558716 582
8.027256488800049 582
8.033717393875122 582
8.04001235961914 582
8.046257734298706 582
8.05310869216919 582
8.060586214065552 582
8.066537857055664 582
8.073298215866089 582
8.079256057739258 582
8.086028337478638 582
8.092430114746094 582
8.098408937454224 582
8.106191158294678 582
8.113029718399048 582
8.118956089019775 582
8.125396251678467 582
8.132073879241943 582
8.13806700706482 582
8.144890308380127 582
8.151604175567627 582
8.158387899398804 582
8.165084838867188 582
8.171820640563965 582
8.177793264389038 582
8.184260606765747 582
8.191182613372803 582
8.197161436080933 582
8.203699350357056 582
8.21135139465332 582
8.21740198135376 582
8.223934412002563 582
8.23082947731018 582
8.237151622772217 582
8.244584560394287 582
8.251463651657104 582
8.258242845535278 582
8.265054941177368 582
8.271719217300415 582
8.277848482131958 582
8.284249305725098 582
8.291172742843628 582
8.297158002853394 582
8.303570032119751 582
8.31131887435913 582
8.317375898361206 582
8.32408881187439 582
8.33098292350769 582
8.336849689483643 582
8.343406915664673 582
8.34932255744934 582
8.355881690979004 582
8.363540887832642 582
8.369450330734253 582
8.38088870048523 582
8.387133359909058 582
8.393652200698853 582
8.3995201587677 582
8.406372547149658 582
8.413931608200073 582
8.42087721824646 582
8.426568984985352 582
8.433321475982666 582
8.439264059066772 582
8.445998668670654 582
8.452409744262695 582
8.458404779434204 582
8.46606969833374 582
8.472519636154175 582
8.478522777557373 582
8.485196590423584 582
8.491838216781616 582
8.497780799865723 582
8.50426435470581 582
8.511927366256714 582
8.517930746078491 582
8.524389505386353 582
8.531296253204346 582
8.537468910217285 582
8.543940544128418 582
8.550879955291748 582
8.556596994400024 582
8.5642831325531 582
8.57128357887268 582
8.577332735061646 582
8.583769798278809 582
8.591370820999146 582
8.597367286682129 582
8.603787899017334 582
8.61043667793274 582
8.61763072013855 582
8.62413477897644 582
8.631139993667603 582
8.637151718139648 582
8.64359974861145 582
8.649490594863892 582
8.656126260757446 582
8.664496421813965 582
8.671449899673462 582
8.677500009536743 582
8.684043407440186 582
8.690956115722656 582
8.696889638900757 582
8.70345664024353 582
8.70940113067627 582
8.717159509658813 582
8.723601818084717 582
8.729488372802734 582
8.73615312576294 582
8.74302077293396 582
8.748916149139404 582
8.755340814590454 582
8.762036323547363 582
8.769120216369629 582
8.780004262924194 582
8.786356925964355 582
8.793418884277344 582
8.79940128326416 582
8.80623984336853 582
8.813007116317749 582
8.823919296264648 582
8.830864667892456 582
8.836791276931763 582
8.843373537063599 582
8.849299907684326 582
8.855889320373535 582
8.862436056137085 582
8.870388746261597 582
8.876270532608032 582
8.88307499885559 582
8.88896918296814 582
8.895435094833374 582
8.902103424072266 582
8.908069849014282 582
8.91452407836914 582
8.922214269638062 582
8.928406953811646 582
8.93510913848877 582
8.941792249679565 582
8.947763681411743 582
8.954159498214722 582
8.961090087890625 582
8.966978311538696 582
8.974138259887695 582
8.98105239868164 582
8.987144231796265 582
8.993578910827637 582
8.999518871307373 582
9.00616192817688 582
9.012978076934814 582
9.018890142440796 582
9.026324033737183 582
9.033221960067749 582
9.039137601852417 582
9.045811653137207 582
9.052293300628662 582
9.058389902114868 582
9.065133571624756 582
9.072941064834595 582
9.078581094741821 582
9.085296154022217 582
9.091937065124512 582
9.097940683364868 582
9.104488372802734 582
9.111375331878662 582
9.11740756034851 582
9.12492561340332 582
9.131659030914307 582
9.137665748596191 582
9.144091129302979 582
9.151047706604004 582
9.156933784484863 582
9.163600206375122 582
9.169886350631714 582
9.181638240814209 582
9.18787145614624 582
9.194390296936035 582
9.201320171356201 582
9.20744776725769 582
9.213910341262817 582
9.220596313476562 582
9.227764368057251 582
9.23421573638916 582
9.241429805755615 582
9.248445987701416 582
9.25517725944519 582
9.261839628219604 582
9.267820596694946 582
9.275327205657959 582
9.282026052474976 582
9.288164377212524 582
9.294557332992554 582
9.301477432250977 582
9.307528018951416 582
9.314072132110596 582
9.321072578430176 582
9.327897787094116 582
9.334300994873047 582
9.341275691986084 582
9.347397565841675 582
9.353874921798706 582
9.360536098480225 582
9.366389989852905 582
9.373213529586792 582
9.380931615829468 582
9.38688349723816 582
9.393441200256348 582
9.399402141571045 582
9.406364679336548 581
9.413233280181885 581
9.419230222702026 581
9.42580509185791 582
9.433434963226318 582
9.439406156539917 582
9.446288347244263 581
9.453200340270996 581
9.459133625030518 581
9.467421531677246 581
9.473942279815674 581
9.481576442718506 581
9.487574577331543 581
9.494017601013184 581
9.50091814994812 581
9.506587505340576 581
9.513328075408936 581
9.519285917282104 581
9.526049375534058 581
9.533740758895874 581
9.540372133255005 581
9.54627013206482 581
9.553108930587769 581
9.55896544456482 581
9.565396070480347 581
9.572057247161865 581
9.583651542663574 581
9.591304779052734 581
9.597415924072266 581
9.603986978530884 581
9.610895872116089 581
9.616862773895264 581
9.623420238494873 581
9.63110065460205 581
9.637125492095947 581
9.643694162368774 581
9.650018215179443 581
9.65628433227539 581
9.663105010986328 581
9.669019937515259 581
9.675455331802368 581
9.683240175247192 581
9.689152956008911 581
9.6957368850708 581
9.702218770980835 581
9.708378076553345 581
9.715059041976929 581
9.7218017578125 581
9.727784395217896 581
9.735307216644287 581
9.7420015335083 581
9.748004913330078 581
9.754416942596436 581
9.76131534576416 581
9.767553091049194 581
9.773971319198608 581
9.780921936035156 581
9.78772258758545 581
9.7941312789917 581
9.801038265228271 581
9.806906700134277 581
9.81345009803772 581
9.819406032562256 581
9.826243877410889 581
9.833799362182617 581
9.840534210205078 581
9.846360445022583 581
9.853211641311646 581
9.859108686447144 581
9.865480422973633 581
9.872146129608154 581
9.87812852859497 581
9.886044025421143 581
9.892446994781494 581
9.898910284042358 581
9.905348300933838 581
9.912051439285278 581
9.918060064315796 581
9.924516201019287 581
9.93140721321106 581
9.938210725784302 581
9.945014476776123 581
9.951710939407349 581
9.957726001739502 581
9.964263677597046 581
9.97116470336914 581
9.98713731765747 581
9.993726015090942 581
10.00002408027649 581
10.006566047668457 581
10.013352394104004 581
10.019349813461304 581
10.025980234146118 581
10.032416105270386 581
10.039484024047852 581
10.046181440353394 581
10.052980422973633 581
10.058872699737549 581
10.065405368804932 581
10.072105884552002 581
10.078073024749756 581
10.084564447402954 581
10.092280864715576 581
10.098390102386475 581
10.105085849761963 581
10.111806631088257 581
10.11782169342041 581
10.124345779418945 581
10.131289720535278 581
10.137336492538452 581
10.144824028015137 581
10.15153694152832 581
10.157586336135864 581
10.164031028747559 581
10.17099905014038 581
10.176904439926147 581
10.183575630187988 581
10.191234350204468 581
10.197258472442627 581
10.203696727752686 581
10.209996938705444 581
10.21631121635437 581
10.223262071609497 581
10.229174375534058 581
10.235732793807983 581
10.243523597717285 581
10.249500751495361 581
10.257510662078857 581
10.264262676239014 581
10.271216869354248 581
10.277202129364014 581
10.283609390258789 581
10.289486169815063 581
10.297370910644531 581
10.303968906402588 581
10.310888528823853 581
10.316789865493774 581
10.323383092880249 581
10.329335689544678 581
10.336011171340942 581
10.343690872192383 581
10.34999418258667 581
10.356377363204956 581
10.363324403762817 581
10.369260311126709 581
10.375866413116455 581
10.386228799819946 581
10.39396619796753 581
10.40093445777893 581
10.406936407089233 581
10.413503408432007 581
10.419443607330322 581
10.426212072372437 581
10.433027267456055 581
10.43897008895874 581
10.446503162384033 581
10.453272104263306 581
10.459217548370361 581
10.465778350830078 581
10.472354650497437 581
10.478352069854736 581
10.485209703445435 581
10.491887331008911 581
10.4989652633667 581
10.505409240722656 581
10.51209831237793 581
10.518066883087158 581
10.524558305740356 581
10.531473875045776 581
10.53755784034729 581
10.544130086898804 581
10.551789045333862 581
10.557754516601562 581
10.564183235168457 581
10.571144819259644 581
10.577157020568848 581
10.5835862159729 581
10.591184139251709 581
10.597967624664307 581
10.604533433914185 581
10.611417531967163 581
10.617635726928711 581
10.624063730239868 581
10.631020307540894 581
10.636959314346313 581
10.643494367599487 581
10.65127158164978 581
10.657316446304321 581
10.66389536857605 581
10.6705801486969 581
10.676544427871704 581
10.683338642120361 581
10.689285039901733 581
10.695878744125366 581
10.70353388786316 581
10.709455251693726 581
10.716100215911865 581
10.723115921020508 581
10.729058742523193 581
10.735585927963257 581
10.742153644561768 581
10.749372959136963 581
10.75601577758789 581
10.762441873550415 581
10.768449783325195 581
10.775189876556396 581
10.7857825756073 581
10.79227590560913 581
10.799437761306763 581
10.806260824203491 581
10.813171863555908 581
10.819114923477173 581
10.825786590576172 581
10.832340717315674 581
10.838339567184448 581
10.84510850906372 581
10.852546215057373 581
10.858583927154541 581
10.865315437316895 581
10.872005701065063 581
10.87809944152832 581
10.884828567504883 581
10.891525983810425 581
10.897559881210327 581
10.905028343200684 581
10.911733627319336 581
10.917749166488647 581
10.924190521240234 581
10.931162595748901 581
10.937366485595703 581
10.943834781646729 581
10.950505256652832 581
10.95755934715271 581
10.96409273147583 581
10.971050262451172 581
10.97699236869812 581
10.983537197113037 581
10.989453077316284 581
10.996140480041504 581
11.003874063491821 581
11.01054334640503 581
11.016505241394043 581
11.023372411727905 581
11.029341459274292 581
11.03598165512085 581
11.042422771453857 581
11.048415899276733 581
11.056090831756592 581
11.062988042831421 581
11.068918466567993 581
11.075364351272583 581
11.082047462463379 581
11.088274717330933 581
11.094969749450684 581
11.101701259613037 581
11.108530044555664 581
11.11524224281311 581
11.121902465820312 581
11.127910852432251 581
11.134434700012207 581
11.141409158706665 581
11.147565841674805 581
11.15494418144226 581
11.161818504333496 581
11.168874502182007 581
11.175329446792603 581
11.184577703475952 581
11.19228744506836 581
11.198389053344727 581
11.206194639205933 581
11.213234186172485 581
11.219175338745117 581
11.225729942321777 581
11.23228669166565 581
11.238290786743164 581
11.24499773979187 580
11.251671075820923 580
11.258518695831299 581
11.266963958740234 581
11.273766040802002 581
11.28043508529663 581
11.286345481872559 580
11.293201684951782 580
11.299126148223877 580
11.305631637573242 581
11.313356876373291 581
11.319338083267212 581
11.32610011100769 581
11.33254599571228 580
11.338563442230225 580
11.345304250717163 580
11.351995706558228 581
11.35901165008545 581
11.365461826324463 581
11.37213683128357 581
11.378116607666016 580
11.385000228881836 580
11.391783237457275 580
11.397885799407959 581
11.40424633026123 581
11.412027835845947 581
11.418062925338745 581
11.424551963806152 580
11.431493520736694 580
11.437529563903809 581
11.444055795669556 581
11.451082229614258 581
11.457122802734375 581
11.464364528656006 580
11.471317529678345 580
11.477407455444336 581
11.48381233215332 581
11.490522384643555 581
11.496407270431519 581
11.503374099731445 580
11.511056661605835 580
11.517085313796997 581
11.523683547973633 581
11.53001856803894 581
11.536300659179688 581
11.543190717697144 580
11.549107789993286 580
11.555744886398315 580
11.563512802124023 580
11.56942081451416 580
11.575968980789185 581
11.587124586105347 581
11.593698740005493 581
11.600387334823608 581
11.60649037361145 580
11.614186763763428 580
11.621145009994507 581
11.62734842300415 581
11.63380742073059 581
11.640498638153076 581
11.646360158920288 580
11.653425931930542 580
11.659343957901001 581
11.667211771011353 581
11.673675060272217 581
11.679931879043579 580
11.686369180679321 580
11.693213701248169 580
11.699108600616455 581
11.7054603099823 581
11.71215295791626 581
11.719347476959229 580
11.725976943969727 580
11.73242712020874 580
11.738420724868774 580
11.745208740234375 581
11.751849174499512 581
11.757878303527832 581
11.765373229980469 580
11.772076845169067 580
11.778088569641113 580
11.784956455230713 581
11.791648149490356 581
11.797695398330688 581
11.804333686828613 581
11.811277866363525 580
11.818156957626343 580
11.82496953010559 580
11.831668615341187 580
11.837635517120361 581
11.843994140625 581
11.850930452346802 581
11.856865882873535 581
11.863551378250122 580
11.871311902999878 580
11.877347946166992 581
11.883778810501099 581
11.890447854995728 581
11.896353483200073 581
11.903189659118652 580
11.90906047821045 580
11.915784358978271 581
11.923636674880981 581
11.929930686950684 581
11.936200857162476 581
11.943042993545532 580
11.94897985458374 580
11.955421209335327 581
11.962064504623413 581
11.969113111495972 581
11.975712776184082 580
11.982266902923584 580
11.994333028793335 580
12.001306295394897 580
12.007461309432983 580
12.014021635055542 581
12.021686792373657 581
12.027738332748413 581
12.034154176712036 580
12.041083097457886 580
12.047278881072998 580
12.053759098052979 581
12.060390710830688 581
12.066343307495117 581
12.073942184448242 581
12.08086609840393 580
12.08681607246399 580
12.093404531478882 580
12.099311113357544 580
12.106060028076172 581
12.11254096031189 581
12.118594646453857 580
12.126229524612427 580
12.133077621459961 580
12.13899827003479 581
12.14540147781372 581
12.152151346206665 581
12.158140420913696 581
12.164939403533936 580
12.172423839569092 580
12.178893327713013 581
12.185354232788086 581
12.19203519821167 581
12.198065280914307 581
12.204531908035278 580
12.211481809616089 580
12.21753191947937 581
12.22508692741394 581
12.231825828552246 581
12.237871408462524 581
12.244295358657837 580
12.251272201538086 580
12.257297992706299 580
12.263739824295044 580
12.270013332366943 580
12.277469396591187 580
12.28532886505127 581
12.292319297790527 581
12.298341035842896 580
12.30518126487732 580
12.311901330947876 580
12.317941904067993 581
12.325411319732666 581
12.332128047943115 581
12.338169574737549 581
12.345000982284546 580
12.35175085067749 580
12.357755899429321 580
12.364197731018066 580
12.3711416721344 580
12.377929449081421 581
12.394282579421997 581
12.401344537734985 581
12.40760350227356 581
12.414145946502686 580
12.421088457107544 580
12.427786350250244 580
12.43436861038208 580
12.441293239593506 581
12.447356462478638 581
12.453859806060791 581
12.460479974746704 580
12.46656084060669 580
12.473387956619263 580
12.4811372756958 581
12.487092971801758 581
12.493582725524902 581
12.499900102615356 581
12.506277799606323 580
12.513125896453857 580
12.519050121307373 580
12.525766372680664 580
12.533477544784546 580
12.539419412612915 581
12.546180248260498 581
12.553028106689453 581
12.558934211730957 580
12.56563401222229 580
12.572274684906006 580
12.579390287399292 581
12.587175130844116 581
12.593676567077637 581
12.600006341934204 581
12.606296300888062 580
12.613158941268921 580
12.619076251983643 580
12.625584602355957 580
12.63338565826416 580
12.639328479766846 581
12.646111488342285 581
12.65302300453186 580
12.658945560455322 580
12.665412425994873 580
12.672142744064331 580
12.678115367889404 581
12.685731887817383 581
12.692280530929565 581
12.698405027389526 580
12.705354928970337 580
12.712061166763306 580
12.718070268630981 580
12.724487781524658 581
12.73216700553894 581
12.738222599029541 580
12.744930267333984 580
12.751665115356445 580
12.757724046707153 580
12.764237642288208 581
12.77121615409851 581
12.777280330657959 580
12.78441071510315 580
12.794975280761719 580
12.801698923110962 580
12.807764768600464 581
12.814280033111572 581
12.821274042129517 581
12.827634572982788 580
12.835134029388428 580
12.841847896575928 580
12.84787368774414 580
12.854293584823608 580
12.861184358596802 580
12.867164850234985 581
12.873584270477295 581
12.8798987865448 580
12.887441158294678 580
12.893925428390503 581
12.900909185409546 581
12.90687370300293 581
12.913444995880127 581
12.91939401626587 580
12.925992012023926 580
12.932455778121948 581
12.939441204071045 581
12.946282148361206 581
12.9532790184021 581
12.95926284790039 580
12.965883731842041 580
12.972418308258057 581
12.978425741195679 581
12.986270666122437 581
12.993155241012573 580
12.999107360839844 580
13.005807638168335 580
13.01231598854065 580
13.01828408241272 581
13.024921894073486 581
13.031688451766968 581
13.038524389266968 580
13.04526400566101 580
13.051946640014648 580
13.057930946350098 580
13.064431428909302 580
13.071336030960083 581
13.077338457107544 581
13.08392858505249 581
13.091679811477661 580
13.10338282585144 580
13.111535549163818 580
13.117903232574463 580
13.124435424804688 580
13.131373405456543 579
13.138112545013428 579
13.144881248474121 580
13.151629209518433 580
13.157637119293213 580
13.164072036743164 580
13.170984983444214 580
13.176882982254028 580
13.183544158935547 580
13.194889307022095 580
13.201586723327637 580
13.207708358764648 580
13.214349746704102 580
13.221290588378906 580
13.227343559265137 580
13.233772277832031 580
13.241506338119507 580
13.247651815414429 580
13.254068851470947 580
13.260993957519531 580
13.2668936252594 580
13.273405075073242 580
13.279313325881958 580
13.285840511322021 580
13.294908285140991 580
13.301567792892456 580
13.307644367218018 580
13.314015865325928 580
13.320964813232422 580
13.326872110366821 580
13.333418130874634 580
13.340954065322876 580
13.346992254257202 580
13.353540658950806 580
13.359444379806519 580
13.366211414337158 580
13.372997999191284 580
13.378872156143188 580
13.385326147079468 580
13.393124103546143 580
13.399020433425903 580
13.405406951904297 580
13.412036418914795 580
13.418071031570435 580
13.42484450340271 580
13.431496858596802 580
13.437519311904907 580
13.444944620132446 580
13.451662063598633 580
13.457647323608398 580
13.464017152786255 580
13.470911502838135 580
13.476933002471924 580
13.483649253845215 580
13.48951768875122 580
13.497320652008057 580
13.503767251968384 580
13.510405778884888 580
13.516284227371216 580
13.52315878868103 580
13.529035806655884 580
13.535401582717896 580
13.542033672332764 580
13.549254417419434 580
13.555867433547974 580
13.562349319458008 580
13.568320512771606 580
13.574943780899048 580
13.581625699996948 580
13.592482089996338 580
13.600413799285889 580
13.606806755065918 580
13.613476991653442 580
13.619402408599854 580
13.625991582870483 580
13.632397174835205 580
13.638394594192505 580
13.646161317825317 580
13.652944326400757 580
13.658567428588867 580
13.665359020233154 580
13.672403573989868 580
13.679154872894287 580
13.685584783554077 580
13.692137241363525 580
13.69909954071045 580
13.705487489700317 580
13.712165594100952 580
13.718130588531494 580
13.724927425384521 580
13.731573104858398 580
13.737656593322754 580
13.744122982025146 580
13.75181269645691 580
13.757767677307129 580
13.764152765274048 580
13.771056413650513 580
13.77693247795105 580
13.783571720123291 580
13.789457321166992 580
13.796086311340332 580
13.803742408752441 580
13.81004285812378 580
13.821096658706665 580
13.827139616012573 580
13.833549737930298 580
13.839454650878906 580
13.846229553222656 580
13.853961944580078 580
13.860869407653809 580
13.866892099380493 580
13.873459577560425 580
13.879365921020508 580
13.885971069335938 580
13.89240550994873 580
13.899497985839844 580
13.906283140182495 580
13.91309666633606 580
13.918944358825684 580
13.925343036651611 580
13.932000875473022 580
13.937976837158203 580
13.944405555725098 580
13.952052593231201 580
13.95809006690979 580
13.964937448501587 580
13.971654891967773 580
13.977646589279175 580
13.984033584594727 580
13.994401216506958 580
14.002033948898315 580
14.008165836334229 580
14.014931678771973 580
14.02160930633545 580
14.027791261672974 580
14.034186601638794 580
14.041109561920166 580
14.04698896408081 580
14.054308414459229 580
14.061172008514404 580
14.067132234573364 580
14.073606252670288 580
14.079467058181763 580
14.086233615875244 580
14.092990159988403 580
14.09886908531189 580
14.106281995773315 580
14.113071918487549 580
14.118935823440552 580
14.125476121902466 580
14.132121801376343 580
14.138098239898682 580
14.144933462142944 580
14.151606321334839 580
14.158236742019653 580
14.164931535720825 580
14.171648979187012 580
14.177645921707153 580
14.184025764465332 580
14.190956592559814 580
14.196865558624268 580
14.204305171966553 580
14.21129846572876 580
14.217289447784424 580
14.223720073699951 580
14.229969263076782 580
14.236229181289673 580
14.243082761764526 580
14.248917579650879 580
14.256562232971191 580
14.263443946838379 580
14.269339799880981 580
14.276001691818237 580
14.282413959503174 580
14.288397789001465 580
14.29506516456604 580
14.303252696990967 580
14.311261653900146 580
14.317238807678223 580
14.323768854141235 580
14.330471992492676 580
14.33630919456482 580
14.343087196350098 580
14.348936557769775 580
14.35533595085144 580
14.363184213638306 580
14.36904764175415 580
14.375434398651123 580
14.382055282592773 580
14.388213634490967 580
14.400528192520142 580
14.4065580368042 580
14.414183378219604 580
14.42108154296875 580
14.427165269851685 580
14.433584451675415 580
14.439461946487427 580
14.446211099624634 580
14.453005313873291 580
14.46049690246582 580
14.46633243560791 580
14.473127365112305 580
14.47897458076477 580
14.485373258590698 580
14.492019653320312 580
14.498059034347534 580
14.504835844039917 580
14.512294054031372 580
14.518370628356934 580
14.525012016296387 580
14.531708717346191 580
14.53770661354065 580
14.544110536575317 580
14.551045656204224 580
14.556912899017334 580
14.564279317855835 580
14.571171760559082 580
14.577118396759033 580
14.583559036254883 580
14.591155052185059 580
14.597110033035278 580
14.603522539138794 580
14.609438180923462 580
14.617098331451416 580
14.623635530471802 580
14.629908323287964 580
14.636142015457153 580
14.642533302307129 580
14.64896273612976 580
14.655412435531616 580
14.66326379776001 580
14.669135332107544 580
14.67559814453125 580
14.68213438987732 580
14.688225746154785 580
14.694924592971802 580
14.701626300811768 580
14.707610368728638 580
14.715006589889526 580
14.72165846824646 580
14.727669954299927 580
14.734091997146606 580
14.741018056869507 580
14.747109651565552 580
14.753552436828613 580
14.759513854980469 580
14.767320394515991 580
14.773900747299194 580
14.780500173568726 580
14.79680871963501 580
14.803606510162354 580
14.809495687484741 580
14.817430973052979 580
14.824107646942139 580
14.831045150756836 580
14.8368980884552 580
14.843426942825317 580
14.849334955215454 580
14.855890274047852 580
14.862416744232178 580
14.870013236999512 580
14.876257419586182 580
14.883049011230469 580
14.888941049575806 580
14.895355939865112 580
14.902017593383789 580
14.908147811889648 580
14.914578676223755 580
14.922260999679565 580
14.928401470184326 580
14.935070276260376 580
14.941724300384521 580
14.94772720336914 580
14.954156160354614 580
14.961084604263306 580
14.967869281768799 580
14.974318265914917 580
14.981189250946045 580
14.98726201057434 580
14.993783712387085 580
15.000412464141846 580
15.006275177001953 580
15.013123273849487 580
15.020596981048584 580
15.026545524597168 580
15.033454418182373 580
15.039384126663208 580
15.046108484268188 580
15.052502632141113 580
15.058515310287476 580
15.06519889831543 580
15.073124170303345 580
15.079007863998413 580
15.085415840148926 580
15.092111587524414 580
15.098111867904663 580
15.10494351387024 580
15.111635684967041 580
15.11759614944458 580
15.1249418258667 580
15.131645679473877 580
15.13763689994812 580
15.144002199172974 580
15.150869846343994 580
15.156586647033691 580
15.163471460342407 580
15.171115398406982 580
15.177177906036377 580
15.183602333068848 580
15.189494132995605 580
15.20083212852478 580
15.20687222480774 580
15.213506937026978 580
15.219470739364624 580
15.227521896362305 580
15.233964920043945 580
15.240827322006226 580
15.246569871902466 580
15.253349781036377 580
15.259289979934692 580
15.265833616256714 580
15.273512125015259 580
15.279495000839233 580
15.286319255828857 580
15.293223857879639 580
15.299112558364868 580
15.307435750961304 580
15.313894510269165 580
15.32051968574524 580
15.327557563781738 580
15.33398151397705 580
15.340875625610352 580
15.346903562545776 580
15.35340404510498 580
15.359320878982544 580
15.36588430404663 580
15.372386455535889 580
15.379509210586548 580
15.386133193969727 580
15.3925461769104 580
15.398542881011963 580
15.40535855293274 580
15.412043571472168 580
15.418026685714722 580
15.425768852233887 580
15.432254314422607 580
15.438256978988647 580
15.444938898086548 580
15.451667308807373 580
15.457660913467407 580
15.464195728302002 580
15.47109055519104 580
15.477856159210205 580
15.48426604270935 580
15.4911630153656 580
15.497117757797241 580
15.50358533859253 580
15.509468793869019 580
15.516109704971313 580
15.522505760192871 580
15.530524492263794 580
15.536328315734863 580
15.543158292770386 580
15.549078702926636 580
15.555754661560059 580
15.562264442443848 580
15.568232774734497 580
15.574890613555908 580
15.58232045173645 580
15.589436769485474 580
15.600387811660767 580
15.606388330459595 580
15.61340045928955 580
15.619323968887329 580
15.62606406211853 580
15.633575677871704 580
15.639482736587524 580
15.646273612976074 580
15.65307331085205 580
15.658912181854248 580
15.665341854095459 580
15.67197871208191 580
15.679039001464844 580
15.685753583908081 580
15.692247867584229 580
15.698233366012573 580
15.704999446868896 580
15.711669206619263 580
15.717649936676025 580
15.724015951156616 580
15.731710195541382 580
15.737687826156616 580
15.74409794807434 580
15.751054048538208 580
15.75691843032837 580
15.763564109802246 580
15.769455671310425 580
15.776104927062988 580
15.783711433410645 580
15.789987564086914 580
15.796231031417847 580
15.803005695343018 580
15.808892011642456 580
15.815434455871582 580
15.822167873382568 580
15.828293561935425 580
15.835819721221924 580
15.84231162071228 580
15.848265409469604 580
15.854913711547852 580
15.861589431762695 580
15.86756682395935 580
15.873979091644287 580
15.880868911743164 580
15.887822151184082 580
15.894215106964111 580
15.90110158920288 580
15.906988382339478 580
15.913518190383911 580
15.919440984725952 580
15.926066637039185 580
15.933614253997803 580
15.939504623413086 580
15.9463529586792 580
15.953174591064453 580
15.959020853042603 580
15.965410709381104 580
15.972043514251709 580
15.98543095588684 580
15.993113994598389 580
16.00438928604126 580
16.012080669403076 580
16.01900625228882 580
16.027698040008545 580
16.035205841064453 580
16.041849613189697 580
16.05097222328186 580
16.056946277618408 580
16.0639591217041 580
16.071688175201416 580
16.07806086540222 580
16.085469722747803 580
16.09216570854187 580
16.098122596740723 580
16.104549169540405 580
16.111441373825073 580
16.117461442947388 580
16.12402319908142 580
16.130918264389038 580
16.137592792510986 580
16.143996000289917 580
16.150896787643433 580
16.156826972961426 580
16.163382291793823 580
16.16928720474243 580
16.1762216091156 580
16.183590412139893 580
16.191317796707153 580
16.1973237991333 580
16.203851461410522 580
16.21050000190735 580
16.216350078582764 580
16.223179817199707 580
16.2290518283844 580
16.235426902770996 580
16.24341106414795 580
16.249321699142456 580
16.255880117416382 580
16.262366771697998 580
16.26833486557007 580
16.274996042251587 580
16.28166890144348 580
16.28842568397522 580
16.29511594772339 580
16.3018057346344 580
16.3092041015625 580
16.316028356552124 580
16.322410821914673 580
16.32839298248291 580
16.335197925567627 580
16.343024492263794 580
16.348960161209106 580
16.355372190475464 580
16.362053871154785 580
16.368135690689087 580
16.37454080581665 580
16.38145899772644 580
16.3874728679657 580
16.397661924362183 580
16.40521502494812 580
16.411908626556396 580
16.41801357269287 580
16.424914360046387 581
16.4315664768219 581
16.43758249282837 581
16.445125341415405 581
16.451839447021484 581
16.45785689353943 581
16.46438980102539 581
16.471327543258667 581
16.47741150856018 581
16.48402714729309 581
16.491750478744507 581
16.497856378555298 581
16.50430655479431 581
16.51128053665161 581
16.5173237323761 581
16.523771286010742 581
16.5304434299469 581
16.536319494247437 581
16.544092178344727 581
16.5510675907135 581
16.55698037147522 581
16.563530445098877 581
16.56946873664856 581
16.576167106628418 581
16.583024978637695 581
16.590390920639038 581
16.597641944885254 581
16.604212284088135 581
16.611154556274414 581
16.617121696472168 581
16.623591661453247 581
16.629509210586548 581
16.636160612106323 581
16.64300298690796 581
16.65049648284912 581
16.656360626220703 581
16.66334056854248 581
16.66924810409546 581
16.67587184906006 581
16.682372093200684 581
16.688377618789673 581
16.696120738983154 581
16.702919006347656 581
16.70858097076416 581
16.715335607528687 581
16.722012042999268 581
16.72815465927124 581
16.734584093093872 581
16.741507291793823 581
16.748206853866577 581
16.754896640777588 581
16.761568784713745 581
16.767542362213135 581
16.773991107940674 581
16.78094792366028 581
16.78714108467102 581
16.79497766494751 581
16.80613350868225 581
16.813018321990967 581
16.818950653076172 581
16.825756311416626 581
16.832266330718994 581
16.83828043937683 580
16.845181465148926 580
16.853180408477783 580
16.85911202430725 581
16.86558485031128 581
16.872223615646362 581
16.878283500671387 580
16.884968757629395 580
16.89168405532837 580
16.89848804473877 581
16.905312538146973 581
16.91207504272461 581
16.918081283569336 580
16.924569606781006 580
16.931504011154175 580
16.937707662582397 580
16.94413924217224 580
16.951860189437866 581
16.957868576049805 581
16.964439868927002 581
16.971386909484863 580
16.977482080459595 580
16.984069347381592 580
16.991009950637817 581
16.99688744544983 581
17.004133462905884 581
17.011103630065918 580
17.01710820198059 580
17.023753881454468 580
17.0304114818573 580
17.036293506622314 580
17.043144941329956 580
17.049046993255615 580
17.0563907623291 580
17.063173055648804 580
17.069082498550415 580
17.075577974319458 580
17.082146406173706 580
17.088310480117798 580
17.094968795776367 580
17.102431535720825 580
17.108475923538208 579
17.1153461933136 579
17.122031450271606 580
17.12805438041687 580
17.13453722000122 580
17.1414635181427 579
17.147599458694458 579
17.155161380767822 579
17.161845684051514 579
17.167885780334473 580
17.17431116104126 580
17.181278467178345 580
17.187284469604492 579
17.193712949752808 579
17.206093311309814 580
17.212497234344482 580
17.224902629852295 580
17.23165464401245 580
17.237650156021118 579
17.244240760803223 579
17.25115728378296 579
17.257996797561646 579
17.264528036117554 579
17.27145504951477 579
17.27748942375183 580
17.283960819244385 580
17.290915727615356 580
17.297311067581177 579
17.306126356124878 579
17.312980890274048 579
17.318585634231567 579
17.325359582901 580
17.33204436302185 580
17.338262796401978 580
17.344926595687866 580
17.351634979248047 579
17.358369827270508 579
17.36513638496399 579
17.371822357177734 580
17.377913236618042 580
17.38451361656189 580
17.391398191452026 580
17.397438049316406 579
17.403892993927002 579
17.411672115325928 579
17.417696475982666 580
17.42411708831787 580
17.4311044216156 580
17.43710422515869 580
17.443716526031494 579
17.450380086898804 579
17.457439184188843 579
17.463996648788452 580
17.47088360786438 580
17.476811408996582 580
17.483399391174316 580
17.489314079284668 580
17.495972156524658 579
17.502404928207397 579
17.510011911392212 579
17.516291856765747 580
17.523138523101807 580
17.529066801071167 580
17.53558897972107 580
17.54214310646057 579
17.548120737075806 579
17.554845094680786 580
17.562376976013184 580
17.56856608390808 580
17.575340270996094 580
17.581977367401123 579
17.58893322944641 579
17.595475673675537 580
17.606806993484497 580
17.614261388778687 580
17.62119698524475 580
17.627384901046753 580
17.634002208709717 579
17.640901565551758 579
17.646867275238037 579
17.65344548225403 580
17.661126136779785 580
17.667181730270386 580
17.67360806465149 580
17.679476737976074 579
17.68625497817993 579
17.693100452423096 579
17.6990008354187 580
17.70539116859436 580
17.713194131851196 580
17.719114542007446 580
17.72547674179077 579
17.732166051864624 579
17.738161325454712 580
17.744987964630127 580
17.75169324874878 580
17.7577121257782 580
17.765350103378296 579
17.77202606201172 579
17.77806282043457 579
17.784552097320557 580
17.79148244857788 580
17.797527551651 580
17.80416965484619 580
17.811089992523193 580
17.817911624908447 579
17.82439684867859 579
17.831332206726074 579
17.83735227584839 580
17.843769073486328 580
17.850451946258545 580
17.856342554092407 580
17.863948106765747 579
17.870882034301758 579
17.87682604789734 579
17.883354902267456 580
17.889300107955933 580
17.896118879318237 580
17.90251588821411 580
17.908508777618408 579
17.91621422767639 579
17.923173904418945 579
17.929129600524902 580
17.93561840057373 580
17.942214727401733 580
17.94821834564209 580
17.954586267471313 579
17.96148109436035 579
17.96850037574768 579
17.97519278526306 580
17.981833457946777 580
17.987973928451538 580
17.994441986083984 580
18.001326322555542 579
18.011698722839355 579
18.018513679504395 579
18.025463819503784 579
18.032127857208252 580
18.038320779800415 580
18.04508638381958 580
18.051724433898926 579
18.05774736404419 579
18.064200162887573 580
18.071956634521484 580
18.07797336578369 580
18.08440327644348 580
18.091317653656006 580
18.097312927246094 579
18.10385012626648 579
18.110515117645264 579
18.117485761642456 580
18.124029874801636 580
18.13094663619995 580
18.1368248462677 580
18.143362045288086 580
18.149282455444336 579
18.156102895736694 580
18.162508964538574 580
18.170473337173462 580
18.17632794380188 580
18.183128356933594 579
18.189040184020996 579
18.19546627998352 579
18.20213222503662 580
18.208115339279175 580
18.214847087860107 580
18.22239589691162 580
18.228490114212036 580
18.23518657684326 579
18.24191117286682 579
18.247892141342163 580
18.254310131072998 580
18.261319398880005 580
18.26739001274109 580
18.274584770202637 580
18.28147292137146 579
18.287689924240112 579
18.294179439544678 580
18.302457094192505 580
18.308497428894043 580
18.31519079208374 580
18.322980403900146 580
18.32888174057007 579
18.33529257774353 579
18.341983318328857 579
18.348143815994263 580
18.35490584373474 580
18.361588716506958 580
18.367572784423828 580
18.374924421310425 579
18.38165831565857 579
18.387685775756836 580
18.394125938415527 580
18.401094675064087 580
18.411859035491943 579
18.418063402175903 579
18.426018714904785 579
18.43243384361267 579
18.43852424621582 579
18.44521450996399 579
18.451889276504517 580
18.45787739753723 580
18.464508771896362 580
18.47143816947937 580
18.478229999542236 579
18.484944581985474 579
18.491642475128174 580
18.497645378112793 580
18.504111766815186 580
18.511064529418945 580
18.516995668411255 579
18.524269104003906 579
18.53130340576172 579
18.537344694137573 580
18.543880224227905 580
18.550979375839233 580
18.556909561157227 580
18.56344509124756 580
18.569371461868286 579
18.577221870422363 579
18.58384871482849 579
18.591441869735718 580
18.597518920898438 580
18.60395622253418 580
18.610838890075684 580
18.616801738739014 579
18.623361349105835 579
18.63114070892334 579
18.63713502883911 580
18.643768787384033 580
18.650487661361694 580
18.65630865097046 580
18.663124084472656 579
18.668967962265015 579
18.676899909973145 580
18.684093236923218 580
18.691123723983765 580
18.69710659980774 580
18.70363450050354 580
18.709484815597534 580
18.71611499786377 580
18.722487449645996 579
18.729896306991577 579
18.73621892929077 580
18.743030071258545 580
18.74902033805847 580
18.7554030418396 580
18.762038469314575 580
18.768159866333008 579
18.77487277984619 580
18.782422304153442 580
18.788445234298706 580
18.795180082321167 580
18.801856994628906 580
18.813246488571167 579
18.823853969573975 579
18.83156657218933 580
18.837708711624146 580
18.844117641448975 580
18.851031064987183 580
18.857142210006714 579
18.863603353500366 579
18.869499921798706 580
18.876208782196045 580
18.88395667076111 580
18.890885829925537 579
18.896801948547363 579
18.903428554534912 579
18.909354209899902 580
18.916062355041504 580
18.922462940216064 580
18.928425073623657 580
18.936248064041138 580
18.943175315856934 579
18.949145555496216 580
18.95564556121826 580
18.962246417999268 580
18.96827530860901 580
18.9749596118927 580
18.9823637008667 579
18.988409996032715 579
18.9951388835907 580
19.001850843429565 580
19.00795888900757 580
19.014332056045532 580
19.021271228790283 579
19.027356147766113 580
19.034830808639526 580
19.041634798049927 580
19.047634840011597 580
19.054019927978516 580
19.060903310775757 579
19.066928386688232 579
19.073506593704224 579
19.079464435577393 580
19.08735156059265 580
19.093777418136597 580
19.10040855407715 580
19.10628032684326 579
19.113083124160767 579
19.119065523147583 579
19.125770568847656 580
19.13229250907898 580
19.139444828033447 580
19.146066904067993 579
19.15247368812561 579
19.158488512039185 579
19.165173053741455 580
19.17190980911255 580
19.177891492843628 580
19.185473918914795 580
19.192123413085938 579
19.198227167129517 579
19.204957246780396 580
19.21621870994568 580
19.22317099571228 581
19.23134183883667 581
19.23828649520874 580
19.24522113800049 580
19.251891136169434 580
19.257885217666626 580
19.264312982559204 581
19.271259784698486 581
19.277318716049194 581
19.28379797935486 580
19.291541814804077 580
19.29758334159851 580
19.30418825149536 580
19.312224626541138 580
19.318207025527954 581
19.325066804885864 581
19.33182120323181 580
19.33891534805298 580
19.34540581703186 580
19.352097034454346 580
19.358076572418213 581
19.364882707595825 581
19.371617078781128 581
19.37764048576355 580
19.38408374786377 580
19.39178442955017 580
19.39783477783203 580
19.40421414375305 580
19.411110162734985 581
19.417160034179688 581
19.423778295516968 580
19.430500745773315 580
19.436370849609375 580
19.44403576850891 581
19.45094084739685 581
19.45711898803711 581
19.463602542877197 581
19.46950626373291 580
19.47616481781006 580
19.483148336410522 580
19.49087929725647 581
19.49685573577881 581
19.50343918800354 580
19.509384870529175 580
19.516032218933105 580
19.52246403694153 581
19.528450965881348 581
19.535203456878662 581
19.543175220489502 580
19.549103260040283 580
19.555718183517456 580
19.562276601791382 580
19.56827425956726 581
19.57496428489685 581
19.581678867340088 581
19.588507890701294 580
19.596219778060913 580
19.60320782661438 580
19.614044189453125 580
19.62093424797058 580
19.626982927322388 580
19.633593320846558 580
19.639485120773315 580
19.647326946258545 580
