00
0.013623952865600586 0
0.02454352378845215 1
0.0333254337310791 1
0.039264678955078125 3
0.0479280948638916 5
0.05453348159790039 7
0.060416221618652344 10
0.0689849853515625 13
0.0757448673248291 16
0.08129405975341797 20
0.09030508995056152 25
0.09682321548461914 29
0.10369348526000977 34
0.11165666580200195 38
0.1180269718170166 43
0.12462043762207031 49
0.1332857608795166 54
0.1390855312347412 59
0.14586496353149414 66
0.15452909469604492 71
0.16046905517578125 76
0.16686701774597168 82
0.17446255683898926 91
0.18509268760681152 97
0.1941392421722412 102
0.2002730369567871 109
0.20679092407226562 116
0.21587443351745605 121
0.2216930389404297 126
0.22821044921875 133
0.2359607219696045 142
0.24459075927734375 147
0.2506721019744873 153
0.25705409049987793 159
0.26465368270874023 165
0.27062058448791504 170
0.2780117988586426 179
0.28679537773132324 185
0.2937324047088623 190
0.2995872497558594 197
0.3068864345550537 204
0.31592655181884766 209
0.32175779342651367 215
0.3281238079071045 222
0.3349769115447998 228
0.34190845489501953 233
0.3483700752258301 240
0.35486555099487305 246
0.36093711853027344 251
0.3685009479522705 259
0.37493157386779785 264
0.3808884620666504 269
0.38725805282592773 275
0.3941218852996826 280
0.40007948875427246 287
0.40648674964904785 291
0.4144563674926758 300
0.42044878005981445 306
0.42693233489990234 311
0.433837890625 317
0.4396688938140869 322
0.4461383819580078 327
0.4520080089569092 335
0.45852160453796387 340
0.46619749069213867 346
0.4720480442047119 353
0.47852063179016113 359
0.48495912551879883 364
0.49105000495910645 369
0.4976484775543213 375
0.5042319297790527 380
0.5101652145385742 388
0.5176577568054199 393
0.5243024826049805 399
0.5302565097808838 406
0.5366551876068115 411
0.5432083606719971 417
0.5491054058074951 422
0.555811882019043 428
0.5616347789764404 435
0.5690655708312988 441
0.5796089172363281 449
0.586200475692749 455
0.592109203338623 463
0.5987789630889893 468
0.6051163673400879 473
0.6112568378448486 481
0.6190378665924072 486
0.6258096694946289 492
0.6313178539276123 497
0.6379280090332031 504
0.6445519924163818 510
0.6504607200622559 515
0.6568131446838379 521
0.6636872291564941 528
0.6706161499023438 533
0.676971435546875 539
0.6838986873626709 543
0.6899154186248779 547
0.6963369846343994 552
0.7022321224212646 557
0.7088422775268555 560
0.7157037258148193 564
0.7231950759887695 567
0.7291309833526611 569
0.7359151840209961 571
0.7418069839477539 573
0.7484729290008545 574
0.7549803256988525 575
0.7621762752532959 576
0.7701950073242188 577
0.7766635417938232 577
0.7835774421691895 578
0.7896888256072998 579
0.7962260246276855 579
0.8021633625030518 579
0.8087866306304932 579
0.8151259422302246 580
0.8221786022186279 581
0.8288004398345947 581
0.8352022171020508 581
0.8412032127380371 581
0.8480963706970215 581
0.8547441959381104 581
0.8607146739959717 581
0.8670713901519775 581
0.8747315406799316 581
0.8807888031005859 581
0.8872239589691162 582
0.894068717956543 582
0.9001069068908691 582
0.9067928791046143 582
0.9136495590209961 581
0.9193246364593506 581
0.9268016815185547 581
0.9336836338043213 582
0.9393267631530762 582
0.9460880756378174 582
0.9520256519317627 582
0.9585154056549072 581
0.9649760723114014 581
0.9721007347106934 582
0.9840505123138428 583
0.9901885986328125 583
0.9967694282531738 583
1.003659963607788 583
1.00984525680542 583
1.016235589981079 583
1.0241661071777344 583
1.0307867527008057 582
1.0371756553649902 582
1.0440778732299805 582
1.0500500202178955 583
1.0564630031585693 583
1.0631160736083984 583
1.0689713954925537 583
1.0765159130096436 583
1.0827383995056152 583
1.0890791416168213 583
1.0958316326141357 582
1.1016933917999268 582
1.1081178188323975 583
1.114753246307373 583
1.1207590103149414 583
1.1284544467926025 583
1.1349093914031982 583
1.1409969329833984 583
1.1478042602539062 582
1.154529094696045 582
1.1604959964752197 582
1.166846752166748 583
1.1737585067749023 583
1.1805188655853271 583
1.1868946552276611 583
1.193755865097046 583
1.1995911598205566 583
1.2061936855316162 583
1.2120702266693115 583
1.2185707092285156 583
1.2249884605407715 583
1.2319886684417725 582
1.238501787185669 582
1.2449913024902344 583
1.2509088516235352 583
1.2576189041137695 583
1.2642769813537598 583
1.2703852653503418 583
1.2777864933013916 583
1.2844104766845703 583
1.2903366088867188 582
1.296663522720337 582
1.303293228149414 582
1.3090944290161133 583
1.3159568309783936 583
1.321803092956543 583
1.3295438289642334 583
1.3360486030578613 583
1.3436200618743896 583
1.34952712059021 583
1.3560192584991455 583
1.3619272708892822 583
1.3684883117675781 583
1.3749465942382812 582
1.3870694637298584 582
1.3940353393554688 583
1.4002492427825928 583
1.4068272113800049 583
1.413738489151001 583
1.4201393127441406 583
1.4265384674072266 583
1.434114694595337 582
1.440108060836792 582
1.4468092918395996 582
1.4536845684051514 583
1.4595930576324463 583
1.466092824935913 583
1.4719736576080322 583
1.4785234928131104 583
1.486175537109375 583
1.492055892944336 583
1.498549222946167 583
1.504990816116333 582
1.5110728740692139 582
1.5178725719451904 583
1.524505376815796 583
1.5316424369812012 583
1.5380687713623047 583
1.5447282791137695 583
1.5506508350372314 582
1.5570287704467773 582
1.5639488697052002 582
1.570124864578247 583
1.5766735076904297 583
1.5844202041625977 583
1.5904064178466797 583
1.596785068511963 583
1.6036417484283447 582
1.6095733642578125 582
1.616093397140503 583
1.6219377517700195 583
1.62857985496521 583
1.6361744403839111 583
1.642073154449463 583
1.6485388278961182 583
1.6549668312072754 583
1.661036491394043 582
1.667710781097412 583
1.6743998527526855 583
1.680417776107788 583
1.6879456043243408 583
1.6945912837982178 583
1.700523853302002 583
1.7068824768066406 582
1.7137341499328613 582
1.7196133136749268 582
1.7261157035827637 583
1.731980323791504 583
1.7396609783172607 583
1.7462842464447021 583
1.7521376609802246 583
1.7586052417755127 583
1.7650361061096191 583
1.7709624767303467 582
1.777958631515503 582
1.7904963493347168 582
1.7970051765441895 583
1.803919792175293 583
1.8101205825805664 583
1.816490650177002 583
1.8226933479309082 583
1.8289210796356201 583
1.836505651473999 583
1.843127727508545 583
1.8489713668823242 583
1.855698823928833 583
1.8612773418426514 583
1.8680787086486816 582
1.87473726272583 583
1.8806862831115723 583
1.8881630897521973 583
1.8948445320129395 583
1.900820016860962 583
1.9072401523590088 583
1.9140722751617432 583
1.9201793670654297 582
1.926741600036621 582
1.9336073398590088 583
1.9404399394989014 583
1.9468069076538086 583
1.9536592960357666 583
1.9593055248260498 583
1.9660353660583496 582
1.9719085693359375 582
1.9784588813781738 583
1.9849648475646973 583
1.9922077655792236 583
1.9988415241241455 583
2.006883382797241 583
2.0137507915496826 583
2.0195834636688232 583
2.0261051654815674 583
2.031996488571167 582
2.0396478176116943 582
2.0463297367095947 582
2.052194833755493 583
2.0588254928588867 583
2.0652225017547607 583
2.071197509765625 583
2.077834367752075 583
2.0845861434936523 583
2.091282606124878 583
2.097973585128784 583
2.104616403579712 583
2.110646963119507 583
2.1170196533203125 583
2.123870372772217 583
2.1298511028289795 582
2.1362452507019043 582
2.1440114974975586 583
2.1499571800231934 583
2.1563963890075684 583
2.1626498699188232 583
2.169011116027832 583
2.1758694648742676 583
2.1863625049591064 583
2.194027900695801 583
2.2000932693481445 582
2.2065744400024414 582
2.213167667388916 582
2.2189927101135254 583
2.2258546352386475 583
2.23175311088562 583
2.238110065460205 583
2.245802164077759 583
2.25162935256958 583
2.25803279876709 583
2.2646398544311523 582
2.270589590072632 582
2.2769765853881836 582
2.2838377952575684 583
2.289952039718628 583
2.29709792137146 583
2.3039324283599854 583
2.3099730014801025 583
2.316307544708252 582
2.3221306800842285 582
2.328890085220337 582
2.3352763652801514 583
2.342221975326538 583
2.350144386291504 583
2.3565595149993896 583
2.3631536960601807 583
2.3689796924591064 583
2.375734329223633 583
2.381621837615967 582
2.3880157470703125 583
2.3958609104156494 583
2.4017624855041504 583
2.4083266258239746 583
2.414846897125244 583
2.427642583847046 583
2.434353828430176 583
2.4404242038726807 583
2.4478418827056885 583
2.454519510269165 582
2.460486650466919 582
2.4670794010162354 583
2.4739315509796143 583
2.479921817779541 583
2.486330270767212 583
2.4921882152557373 583
2.4999730587005615 583
2.506335973739624 583
2.5121631622314453 583
2.518742084503174 583
2.5251331329345703 582
2.531200885772705 582
2.5379443168640137 583
2.5445852279663086 583
2.5513250827789307 583
2.558009624481201 583
2.5646209716796875 583
2.575241804122925 583
2.581209182739258 583
2.591923236846924 583
2.5996956825256348 583
2.6063315868377686 583
2.6121795177459717 583
2.6189029216766357 582
2.6256766319274902 582
2.631314516067505 583
2.637962818145752 583
2.6446306705474854 583
2.6518688201904297 583
2.6582133769989014 583
2.664823532104492 583
2.6708645820617676 583
2.677231550216675 583
2.684072256088257 582
2.690051555633545 582
2.696589469909668 583
2.7042245864868164 583
2.71040678024292 583
2.7168099880218506 583
2.7237114906311035 583
2.7295265197753906 583
2.7360544204711914 583
2.741952419281006 583
2.748373031616211 583
2.7561228275299072 583
2.7620205879211426 582
2.7687201499938965 582
2.7751340866088867 583
2.781049966812134 583
2.788971424102783 583
2.796116590499878 583
2.803790807723999 583
2.8096401691436768 583
2.816167116165161 583
2.822051763534546 582
2.8288681507110596 583
2.8356845378875732 583
2.84132719039917 583
2.8480212688446045 583
2.855790853500366 583
2.861604928970337 583
2.86803936958313 583
2.874671459197998 583
2.8806300163269043 583
2.887284755706787 582
2.89418888092041 583
2.900151014328003 583
2.907560348510742 583
2.9142677783966064 583
2.92025089263916 583
2.926635980606079 583
2.9332516193389893 583
2.9390218257904053 583
2.9459574222564697 583
2.951779842376709 582
2.9595789909362793 582
2.966130256652832 583
2.9720001220703125 583
2.9785773754119873 583
2.9885756969451904 583
2.9950268268585205 583
3.001070737838745 583
3.0090222358703613 583
3.0158815383911133 583
3.0217740535736084 583
3.0281221866607666 583
3.03472638130188 582
3.040688991546631 582
3.047065496444702 582
3.053884983062744 583
3.0606613159179688 583
3.0671706199645996 583
3.0740485191345215 583
3.0800623893737793 583
3.08659291267395 583
3.0931451320648193 583
3.0989644527435303 583
3.1057286262512207 582
3.113140106201172 582
3.1189868450164795 582
3.125809669494629 583
3.131748914718628 583
3.1381328105926514 583
3.144759178161621 583
3.150688409805298 583
3.1570518016815186 582
3.164616823196411 582
3.170614242553711 582
3.17698073387146 583
3.183823347091675 583
3.1899750232696533 583
3.1963775157928467 583
3.202221632003784 583
3.209993839263916 583
3.2165510654449463 583
3.223132371902466 582
3.228942394256592 582
3.2357945442199707 582
3.241652011871338 583
3.2482097148895264 583
3.254840135574341 583
3.2618517875671387 583
3.268359422683716 583
3.2748806476593018 583
3.280799627304077 583
3.287194013595581 583
3.294041395187378 583
3.3000032901763916 583
3.306562900543213 582
3.3142356872558594 583
3.320195436477661 583
3.326667308807373 583
3.333317756652832 583
3.340261697769165 583
3.3467836380004883 583
3.353640079498291 583
3.3593273162841797 583
3.366931438446045 582
3.3738789558410645 582
3.379739284515381 583
3.390472412109375 583
3.3969573974609375 582
3.4039113521575928 582
3.40997314453125 582
3.41727614402771 582
3.424138069152832 582
3.430280923843384 582
3.4366509914398193 581
3.4432525634765625 581
3.4490697383880615 582
3.4558773040771484 582
3.4617528915405273 582
3.469083070755005 582
3.475945234298706 581
3.481771945953369 581
3.488330602645874 581
3.494845151901245 582
3.5008366107940674 582
3.507603883743286 582
3.5149645805358887 582
3.520928144454956 582
3.527282953262329 581
3.534118413925171 581
3.5407369136810303 581
3.5472447872161865 582
3.5541365146636963 582
3.5601346492767334 582
3.5675878524780273 582
3.574202299118042 581
3.580303430557251 581
3.586665391921997 582
3.5935516357421875 582
3.599278688430786 582
3.606267213821411 582
3.612133026123047 582
3.6198644638061523 581
3.626225233078003 581
3.632141590118408 581
3.6388251781463623 582
3.6457126140594482 582
3.6513078212738037 582
3.657942056655884 582
3.6645474433898926 582
3.6716527938842773 582
3.6780154705047607 582
3.684612512588501 581
3.690499782562256 581
3.696876049041748 582
3.7037854194641113 582
3.709686279296875 582
3.7161788940429688 582
3.723820686340332 582
3.7297325134277344 581
3.7363357543945312 581
3.742187023162842 582
3.748778820037842 582
3.7551867961883545 582
3.761162281036377 582
3.7688663005828857 582
3.776519298553467 581
3.7837038040161133 582
3.79423451423645 582
3.800339698791504 583
3.806877374649048 583
3.813767194747925 582
3.820610761642456 582
3.82702374458313 582
3.8338751792907715 582
3.839667320251465 582
3.8463292121887207 582
3.8521692752838135 582
3.858759880065918 582
3.865091323852539 581
3.87221622467041 581
3.8788039684295654 582
3.885176420211792 582
3.8911776542663574 582
3.8978426456451416 582
3.9045004844665527 581
3.9105358123779297 581
3.9169256687164307 581
3.9245901107788086 582
3.930490732192993 582
3.9368906021118164 582
3.9437813758850098 582
3.9495644569396973 582
3.9560649394989014 582
3.961923122406006 582
3.9685118198394775 581
3.9762051105499268 581
3.9821321964263916 582
3.9887936115264893 582
3.995859146118164 582
4.001750230789185 582
4.008086919784546 582
4.014688014984131 582
4.020561456680298 582
4.028160333633423 581
4.034814357757568 582
4.0407798290252686 582
4.047234535217285 582
4.054101943969727 582
4.060070514678955 581
4.066489934921265 581
4.074143648147583 581
4.080155372619629 582
4.086778163909912 582
4.093687534332275 582
4.099323511123657 582
4.106025695800781 582
4.111870050430298 582
4.118186712265015 581
4.126030206680298 582
4.131952285766602 582
4.13847279548645 582
4.14496374130249 582
4.151015996932983 582
4.157656192779541 581
4.164228439331055 581
4.170332431793213 582
4.177757024765015 582
4.184439659118652 582
4.194667339324951 581
4.200655460357666 581
4.207561731338501 581
4.214215993881226 581
4.220306634902954 582
4.227703809738159 582
4.234387636184692 582
4.240356206893921 582
4.246685266494751 582
4.253291368484497 582
4.2592933177948 582
4.266083002090454 581
4.271949052810669 581
4.279294967651367 582
4.286001682281494 582
4.291949987411499 582
4.2984514236450195 582
4.3048622608184814 582
4.31083083152771 582
4.317178726196289 581
4.324044227600098 581
4.330944061279297 581
4.338383913040161 582
4.344970226287842 582
4.3509252071380615 582
4.357310771942139 582
4.36411714553833 581
4.370075225830078 581
4.3764731884002686 582
4.384136199951172 582
4.39032769203186 582
4.39669132232666 582
4.403278350830078 582
4.409088134765625 582
4.4158384799957275 581
4.421716690063477 582
4.430605173110962 582
4.4369800090789795 582
4.4438536167144775 582
4.449885368347168 582
4.456296443939209 582
4.462136745452881 581
4.468829154968262 581
4.4752631187438965 582
4.482744216918945 582
4.489006042480469 581
4.495810508728027 581
4.501669645309448 581
4.508309841156006 582
4.5148515701293945 582
4.521011114120483 582
4.527699947357178 582
4.535104513168335 582
4.541003704071045 581
4.547623634338379 581
4.554272890090942 581
4.560229301452637 582
4.566712379455566 582
4.573567152023315 582
4.579572677612305 582
4.591160774230957 582
4.597915172576904 581
4.604591131210327 581
4.61065936088562 582
4.617160320281982 582
4.624052286148071 582
4.630140542984009 582
4.637279510498047 582
4.644138336181641 581
4.650271654129028 581
4.656676530838013 581
4.663256645202637 582
4.669048070907593 582
4.675860404968262 582
4.683189153671265 582
4.689261198043823 582
4.695948600769043 581
4.701749563217163 581
4.7081005573272705 581
4.714742660522461 582
4.720685005187988 582
4.72709321975708 582
4.7346930503845215 582
4.740651607513428 582
4.74712347984314 582
4.75402569770813 581
4.759950637817383 581
4.766312837600708 581
4.77222752571106 582
4.7789788246154785 582
4.78656268119812 582
4.793121099472046 582
4.798952341079712 581
4.8066534996032715 582
4.813892364501953 582
4.819868326187134 582
4.826236009597778 582
4.832121133804321 582
4.839889287948608 581
4.846278667449951 581
4.852167129516602 582
