00
0.009025335311889648 0
0.025020837783813477 1
0.031885623931884766 1
0.03833127021789551 2
0.04519391059875488 4
0.05144619941711426 5
0.05774354934692383 7
0.0635519027709961 11
0.07026219367980957 13
0.07658147811889648 17
0.0836029052734375 21
0.09023213386535645 25
0.09669184684753418 28
0.10263347625732422 32
0.1094048023223877 37
0.11603426933288574 41
0.12204122543334961 46
0.1283886432647705 52
0.1360642910003662 56
0.14201021194458008 61
0.1483926773071289 65
0.1553201675415039 70
0.1612694263458252 75
0.16780352592468262 80
0.17365622520446777 87
0.18145298957824707 93
0.18790817260742188 97
0.19413995742797852 103
0.20049786567687988 109
0.2073192596435547 113
0.21317672729492188 119
0.21953558921813965 126
0.22613930702209473 131
0.23326420783996582 136
0.2396388053894043 143
0.24627280235290527 149
0.2522730827331543 154
0.25869226455688477 159
0.2655658721923828 165
0.27158045768737793 172
0.2780025005340576 177
0.28571128845214844 183
0.29172849655151367 190
0.29812073707580566 195
0.30498743057250977 200
0.31067895889282227 206
0.3174445629119873 211
0.3233664035797119 219
0.3302180767059326 224
0.3377680778503418 229
0.34360742568969727 237
0.3503396511077881 242
0.357149600982666 247
0.36272287368774414 253
0.3693733215332031 260
0.37602758407592773 266
0.3819727897644043 271
0.38927793502807617 279
0.3959846496582031 284
0.4019324779510498 289
0.408400297164917 295
0.4152960777282715 302
0.42543911933898926 309
0.4315054416656494 317
0.4387331008911133 322
0.4456005096435547 328
0.4517049789428711 335
0.45823025703430176 341
0.4651296138763428 346
0.47112345695495605 352
0.47760772705078125 357
0.4835388660430908 365
0.49132776260375977 370
0.4977090358734131 375
0.5035758018493652 383
0.5100340843200684 388
0.516493558883667 394
0.522423505783081 399
0.5291721820831299 407
0.5365815162658691 412
0.5425400733947754 417
0.5492615699768066 425
0.5559611320495605 430
0.5618867874145508 436
0.5682451725006104 441
0.5751497745513916 447
0.5809903144836426 454
0.5884478092193604 460
0.5953824520111084 465
0.6013145446777344 471
0.607712984085083 476
0.6135623455047607 483
0.6201579570770264 489
0.6265420913696289 495
0.6325128078460693 502
0.6401937007904053 507
0.6465346813201904 513
0.6526346206665039 519
0.659276008605957 526
0.6659395694732666 531
0.6719319820404053 537
0.6783463954925537 542
0.6853418350219727 549
0.692112922668457 553
0.6985321044921875 557
0.7054400444030762 561
0.7116103172302246 565
0.7182042598724365 568
0.7251710891723633 570
0.7310216426849365 572
0.737553596496582 573
0.7451958656311035 575
0.7511348724365234 575
0.7576189041137695 576
0.7635414600372314 577
0.7704994678497314 577
0.7773308753967285 577
0.7832472324371338 577
0.7905488014221191 578
0.7974357604980469 578
0.8034796714782715 579
0.8100273609161377 578
0.8165600299835205 578
0.8282601833343506 579
0.835198163986206 579
0.8420748710632324 580
0.8490118980407715 580
0.8556742668151855 580
0.8622565269470215 580
0.8686246871948242 579
0.8754627704620361 579
0.8815085887908936 579
0.8880469799041748 580
0.89571213722229 580
0.9016809463500977 581
0.9081346988677979 580
0.9153406620025635 580
0.9224069118499756 579
0.9291226863861084 580
0.9358274936676025 580
0.9417519569396973 581
0.9493663311004639 580
0.9560282230377197 580
0.9620232582092285 580
0.9683578014373779 580
0.9752054214477539 580
0.9811298847198486 581
0.9875612258911133 581
0.9952929019927979 580
1.001283884048462 580
1.0078251361846924 580
1.0136351585388184 580
1.0202059745788574 580
1.0265092849731445 580
1.0324184894561768 580
1.039001703262329 580
1.0463104248046875 580
1.0522615909576416 581
1.0586013793945312 581
1.065476894378662 580
1.0716884136199951 580
1.0781221389770508 580
1.085071325302124 580
1.0906670093536377 580
1.0981738567352295 580
1.105029821395874 580
1.110748291015625 580
1.1174321174621582 581
1.1232199668884277 581
1.1300148963928223 580
1.1365129947662354 580
1.1425235271453857 580
1.1502180099487305 580
1.1565706729888916 580
1.1624293327331543 580
1.168738842010498 581
1.175668478012085 581
1.1816511154174805 580
1.1881837844848633 580
1.1950201988220215 580
1.2017812728881836 580
1.2081429958343506 580
1.2150025367736816 581
1.2205302715301514 581
1.231708288192749 580
1.2383615970611572 580
1.2452826499938965 579
1.253434181213379 580
1.259941816329956 581
1.2663929462432861 581
1.2723729610443115 581
1.2790193557739258 581
1.2856545448303223 580
1.291611909866333 580
1.299072504043579 580
1.305769443511963 580
1.3117821216583252 580
1.3181023597717285 581
1.3246829509735107 581
1.3304965496063232 581
1.3373537063598633 580
1.3432514667510986 580
1.3507087230682373 580
1.3573811054229736 580
1.363157033920288 580
1.3695993423461914 581
1.3761491775512695 581
1.3821179866790771 580
1.3885080814361572 580
1.395411491394043 580
1.4022164344787598 580
1.408552885055542 580
1.4153437614440918 580
1.4211082458496094 580
1.4277567863464355 580
1.43359375 581
1.4400222301483154 581
1.4464948177337646 580
1.4535298347473145 580
1.4601197242736816 580
1.4665403366088867 580
1.472459316253662 580
1.4792394638061523 580
1.4858083724975586 580
1.4918549060821533 580
1.4983317852020264 580
1.5059373378753662 581
1.5118377208709717 581
1.518254041671753 580
1.525176763534546 580
1.531064510345459 580
1.5375359058380127 580
1.5433359146118164 580
1.5500335693359375 580
1.5576708316802979 580
1.5635066032409668 580
1.5699734687805176 580
1.576366662979126 581
1.5822546482086182 581
1.5887234210968018 580
1.5956144332885742 580
1.601670265197754 580
1.6092054843902588 580
1.6158015727996826 580
1.621690273284912 581
1.6322836875915527 581
1.6391305923461914 580
1.6458215713500977 580
1.6518909931182861 580
1.6592810153961182 580
1.6659445762634277 580
1.6719460487365723 581
1.6782724857330322 581
1.6852107048034668 580
1.6910958290100098 580
1.6976242065429688 580
1.703505516052246 580
1.7109951972961426 580
1.717491865158081 580
1.723290205001831 580
1.7299134731292725 581
1.736335277557373 581
1.7423155307769775 580
1.7487249374389648 580
1.7563674449920654 580
1.7624938488006592 580
1.7690503597259521 580
1.7756378650665283 580
1.7815477848052979 581
1.7880265712738037 581
1.7947056293487549 580
1.8005421161651611 580
1.8081021308898926 580
1.815073013305664 580
1.8206884860992432 580
1.8273193836212158 581
1.8331339359283447 581
1.839524269104004 580
1.8461670875549316 580
1.8523902893066406 580
1.8606808185577393 580
1.8673644065856934 580
1.8731193542480469 580
1.8794472217559814 580
1.885986328125 580
1.891972541809082 581
1.8983266353607178 581
1.9052345752716064 580
1.9121220111846924 580
1.918487310409546 580
1.9256458282470703 580
1.9326651096343994 580
1.9392526149749756 580
1.945824146270752 580
1.9517114162445068 580
1.9580833911895752 580
1.9656929969787598 580
1.971682071685791 580
1.9780306816101074 580
1.984579086303711 580
1.9903907775878906 580
1.9970910549163818 580
2.002652168273926 580
2.0116965770721436 580
2.018200397491455 580
2.0285162925720215 580
2.03541898727417 580
2.0414059162139893 580
2.0478250980377197 580
2.054044246673584 580
2.06148624420166 580
2.067854404449463 580
2.073637008666992 580
2.0801761150360107 580
2.0865659713745117 580
2.097543478012085 580
2.103391647338867 580
2.109794855117798 580
2.117438793182373 580
2.1231980323791504 580
2.129492998123169 580
2.136042833328247 580
2.141918420791626 580
2.1485114097595215 580
2.1553189754486084 580
2.161254644393921 580
2.1683881282806396 580
2.175229787826538 580
2.1810433864593506 580
2.1874759197235107 580
2.193267345428467 580
2.199566602706909 580
2.2061216831207275 580
2.2121260166168213 580
2.2195241451263428 580
2.2261269092559814 580
2.2320380210876465 580
2.238342523574829 580
2.2451958656311035 580
2.251044511795044 580
2.257488250732422 580
2.264669179916382 580
2.2706756591796875 580
2.277435302734375 580
2.283285140991211 580
2.2895708084106445 580
2.296100616455078 580
2.3020031452178955 580
2.308265209197998 580
2.315840482711792 580
2.321758985519409 580
2.328230142593384 580
2.335057258605957 580
2.340684413909912 580
2.3473739624023438 580
2.3532280921936035 580
2.3595359325408936 580
2.3672831058502197 580
2.3730759620666504 580
2.379417657852173 580
2.3917698860168457 580
2.3981289863586426 580
2.4047422409057617 580
2.4106955528259277 580
2.4181454181671143 580
2.4250128269195557 580
2.4352972507476807 580
2.4412970542907715 580
2.4478824138641357 580
2.454113006591797 580
2.4603826999664307 580
2.4666950702667236 580
2.4741241931915283 580
2.4802987575531006 580
2.486638307571411 580
2.4925131797790527 580
2.4990456104278564 580
2.505671262741089 580
2.511713743209839 580
2.5190963745117188 580
2.5257697105407715 580
2.531670331954956 580
2.5381503105163574 580
2.544975996017456 580
2.5505142211914062 580
2.5572619438171387 580
2.5630900859832764 580
2.570554733276367 580
2.5773072242736816 580
2.583083152770996 580
2.589416027069092 580
2.595956563949585 580
2.601832866668701 580
2.6081392765045166 580
2.614689588546753 580
2.6216366291046143 580
2.628170967102051 580
2.6349895000457764 580
2.6405162811279297 580
2.6473026275634766 580
2.6530637741088867 580
2.659400463104248 580
2.6659631729125977 580
2.6727170944213867 580
2.6793339252471924 580
2.685929536819458 580
2.6919243335723877 580
2.698255777359009 580
2.7050862312316895 580
2.7107186317443848 580
2.7173781394958496 580
2.7247002124786377 580
2.7304465770721436 580
2.7371256351470947 580
2.7426295280456543 580
2.7493655681610107 580
2.7559502124786377 580
2.7618346214294434 580
2.768157720565796 580
2.7758231163024902 580
2.781721353530884 580
2.7880585193634033 580
2.794619560241699 580
2.8004848957061768 580
2.807337760925293 580
2.8131370544433594 580
2.819443702697754 580
2.8305578231811523 580
2.8374431133270264 580
2.8432745933532715 580
2.849752426147461 580
2.8561861515045166 580
2.8631601333618164 580
2.8695788383483887 580
2.877279281616211 580
2.8830409049987793 580
2.889374256134033 580
2.89593243598938 580
2.9018359184265137 580
2.908254623413086 580
2.9150888919830322 580
2.9213039875030518 580
2.929546594619751 580
2.9361071586608887 580
2.941972017288208 580
2.948284149169922 580
2.955085039138794 580
2.9606823921203613 580
2.9673523902893066 580
2.9731640815734863 580
2.980487585067749 580
2.987332820892334 580
2.9931161403656006 580
2.9994282722473145 580
3.0060062408447266 580
3.011883497238159 580
3.018209457397461 580
3.0250496864318848 580
3.0316898822784424 580
3.0380654335021973 580
3.0445845127105713 580
3.0504767894744873 580
3.057310104370117 580
3.063124895095825 580
3.0694475173950195 580
3.0760116577148438 580
3.0825541019439697 580
3.089137554168701 580
3.095752000808716 580
3.101776123046875 580
3.1082069873809814 580
3.115028142929077 580
3.120535135269165 580
3.1272647380828857 580
3.1346771717071533 580
3.1404173374176025 580
3.1470961570739746 580
3.152616024017334 580
3.159188747406006 580
3.1657824516296387 580
3.1718385219573975 580
3.1781623363494873 580
3.185824155807495 580
3.1918370723724365 580
3.198139190673828 580
3.204712390899658 580
3.2104506492614746 580
3.2171592712402344 580
3.2227072715759277 580
3.2345633506774902 580
3.24045729637146 580
3.2473504543304443 580
3.253133773803711 580
3.2595298290252686 580
3.266124725341797 580
3.272016763687134 580
3.2783048152923584 580
3.2859432697296143 580
3.291949510574341 580
3.2982938289642334 580
3.305100917816162 580
3.3106722831726074 580
3.3174309730529785 580
3.32326340675354 580
3.3295607566833496 580
3.3373422622680664 580
3.34323787689209 580
3.3497519493103027 580
3.3562166690826416 580
3.3621249198913574 580
3.3684916496276855 580
3.3753116130828857 580
3.3810956478118896 580
3.3882837295532227 580
3.395099639892578 580
3.4006996154785156 580
3.407520055770874 580
3.413362741470337 580
3.419628858566284 580
3.4261550903320312 580
3.4330787658691406 580
3.439469814300537 580
3.446035146713257 580
3.452047824859619 580
3.4583375453948975 580
3.465195894241333 580
3.471113681793213 580
3.4775657653808594 580
3.4851458072662354 580
3.490741014480591 580
3.4974119663238525 580
3.5031912326812744 580
3.509488821029663 580
3.5160419940948486 580
3.5219709873199463 580
3.5283937454223633 580
3.5359230041503906 580
3.541849374771118 580
3.548154830932617 580
3.5547146797180176 580
3.560483694076538 580
3.5672385692596436 580
3.572739601135254 580
3.579455852508545 580
3.587282419204712 580
3.59306001663208 580
3.599414587020874 580
3.605952501296997 580
3.6118407249450684 580
3.618175506591797 580
3.6250078678131104 580
3.6350741386413574 580
3.64190673828125 580
3.6484413146972656 580
3.6552481651306152 580
3.6612586975097656 580
3.6676173210144043 580
3.6734378337860107 580
3.680011749267578 580
3.6875317096710205 580
3.693441152572632 580
3.699934482574463 580
3.7063684463500977 580
3.712418556213379 580
3.71874737739563 580
3.7255613803863525 580
3.7314929962158203 580
3.738610029220581 580
3.7454707622528076 580
3.7513763904571533 580
3.757978916168213 580
3.7652721405029297 580
3.7712714672088623 580
3.777629852294922 580
3.783463716506958 580
3.7912588119506836 580
3.797602891921997 580
3.803436756134033 580
3.8098697662353516 580
3.816260576248169 580
3.822117567062378 580
3.828568935394287 580
3.8354101181030273 580
3.8422322273254395 580
3.8485755920410156 580
3.855431079864502 580
3.8620364665985107 580
3.868333578109741 580
3.87514328956604 580
3.8807125091552734 580
3.887514352798462 580
3.8951961994171143 580
3.9009549617767334 580
3.907432794570923 580
3.913224220275879 580
3.919511079788208 580
3.9261021614074707 580
3.9331767559051514 580
3.939969062805176 580
3.9477009773254395 580
3.9535624980926514 580
3.959995985031128 580
3.9663753509521484 580
3.972414016723633 580
3.978750705718994 580
3.985583782196045 580
3.992196798324585 580
3.998598098754883 580
4.005433082580566 580
4.0114359855651855 580
4.017784357070923 580
4.0235595703125 580
4.033458471298218 580
4.040156602859497 580
4.047797918319702 580
4.053573131561279 580
4.060198545455933 580
4.066497325897217 580
4.072500467300415 580
4.079054117202759 580
4.085677146911621 580
4.091555118560791 580
4.099114418029785 580
4.1056506633758545 580
4.11152195930481 580
4.117881536483765 580
4.123671770095825 580
4.1302995681762695 580
4.136577606201172 580
4.142479658126831 580
4.149991035461426 580
4.156351804733276 580
4.162222862243652 580
4.168585538864136 580
4.175429344177246 580
4.181351184844971 580
4.187772035598755 580
4.193561792373657 580
4.201025724411011 580
4.207475900650024 580
4.213299751281738 580
4.219595670700073 580
4.226113319396973 580
4.232082843780518 580
4.238353729248047 580
4.2451698780059814 580
4.252015113830566 580
4.258306503295898 580
4.265117406845093 580
4.270718574523926 580
4.277367830276489 580
4.283177852630615 580
4.289450168609619 580
4.295996904373169 580
4.30264139175415 580
4.309337377548218 580
4.315945148468018 580
4.321881055831909 580
4.328200817108154 580
4.3350207805633545 580
4.340548515319824 580
4.347922325134277 580
4.354175329208374 580
4.360436677932739 580
4.367202043533325 580
4.372725486755371 580
4.379287958145142 580
4.385951042175293 580
4.393274784088135 580
4.400683879852295 580
4.407386541366577 580
4.413198471069336 580
4.419475793838501 580
4.426005840301514 580
4.4362099170684814 580
4.442222595214844 580
4.448705196380615 580
4.456168174743652 580
4.4621734619140625 580
4.468497037887573 580
4.475272178649902 580
4.4810943603515625 580
4.487701416015625 580
4.493546724319458 580
4.501148223876953 580
4.5075976848602295 580
4.513451814651489 580
4.519932270050049 580
4.526286602020264 580
4.532176971435547 580
4.538475036621094 580
4.545290470123291 580
4.552061557769775 580
4.5583624839782715 580
4.565200567245483 580
4.57101845741272 580
4.577454566955566 580
4.5832600593566895 580
4.589547157287598 580
4.596112489700317 580
4.6030402183532715 580
4.609495401382446 580
4.616093873977661 580
4.6220786571502686 580
4.628402233123779 580
4.635226488113403 580
4.641005754470825 580
4.64762282371521 580
4.65524697303772 580
4.661027908325195 580
4.6675896644592285 580
4.673439264297485 580
4.679949045181274 580
4.686299085617065 580
4.692195177078247 580
4.698546886444092 580
4.706124305725098 580
4.712028503417969 580
4.718343734741211 580
4.725159406661987 580
4.7310826778411865 580
4.737523078918457 580
4.7433180809021 580
4.750002384185791 580
4.757593154907227 580
4.7634172439575195 580
4.775772571563721 580
4.781742334365845 580
4.788192987442017 580
4.794986724853516 580
4.800504684448242 580
4.808011531829834 580
4.814589023590088 580
4.820363759994507 580
4.826667308807373 580
4.832581520080566 580
4.843424558639526 580
4.850167274475098 580
4.857791423797607 580
4.865288734436035 580
4.8712756633758545 580
4.877745628356934 580
4.883558750152588 580
4.890040159225464 580
4.896474838256836 580
4.902385950088501 580
4.910158157348633 580
4.916498422622681 580
4.92238450050354 580
4.928706884384155 580
4.9355199337005615 580
4.941451072692871 580
4.949264049530029 580
4.95582389831543 580
4.962438344955444 580
4.969130516052246 580
4.975714683532715 580
4.9816224575042725 580
4.987977981567383 580
4.994143009185791 580
5.000312805175781 580
5.006653785705566 580
5.0145509243011475 580
5.020349979400635 580
5.026660680770874 580
5.032660722732544 580
5.0392374992370605 580
5.045818567276001 580
5.051680564880371 580
5.058056831359863 580
5.065652370452881 580
5.071556806564331 580
5.077885866165161 580
5.0840864181518555 580
5.09036660194397 580
5.097156524658203 580
5.1027302742004395 580
5.110227346420288 580
5.116531848907471 580
5.122393369674683 580
5.1286962032318115 580
5.135544776916504 580
5.141556262969971 580
5.147998809814453 580
5.154542446136475 580
5.161566734313965 580
5.1679441928863525 580
5.17413854598999 580
5.180265426635742 580
5.1865410804748535 580
5.192439079284668 580
5.198744535446167 580
5.205591440200806 580
5.212386846542358 580
5.218984365463257 580
5.225548505783081 580
5.231482267379761 580
5.241579055786133 580
5.248040676116943 580
5.254575729370117 580
5.260474920272827 580
5.268272638320923 580
5.2750725746154785 580
5.2806665897369385 580
5.289480924606323 580
5.299540042877197 580
5.306119680404663 580
5.313051462173462 580
5.319413423538208 580
5.325997591018677 580
5.332004070281982 580
5.338301181793213 580
5.345109939575195 580
5.350714206695557 580
5.357370376586914 580
5.364999055862427 580
5.371037244796753 580
5.377486705780029 580
5.383289575576782 580
5.38979959487915 580
5.396287202835083 580
5.402293682098389 580
5.4086408615112305 580
5.416179180145264 580
5.422084331512451 580
5.428429841995239 580
5.435240983963013 580
5.441019296646118 580
5.4476025104522705 580
5.453455924987793 580
5.460032939910889 580
5.467587471008301 580
5.473414182662964 580
5.479896068572998 580
5.486292123794556 580
5.492169618606567 580
5.498498439788818 580
5.505302906036377 580
5.511313438415527 580
5.518446922302246 580
5.525270700454712 580
5.531258583068848 580
5.537592887878418 580
5.543405771255493 580
5.549898147583008 580
5.556264162063599 580
5.5621936321258545 580
5.569931268692017 580
5.5762999057769775 580
5.582191705703735 580
5.588538885116577 580
5.5953733921051025 580
5.601262331008911 580
5.607646465301514 580
5.613476276397705 580
5.62125301361084 580
5.627712965011597 580
5.633538007736206 580
5.643673419952393 580
5.650290012359619 580
5.656600713729858 580
5.662712335586548 580
5.670432806015015 580
5.677086591720581 580
5.682614803314209 580
5.689334869384766 580
5.695968389511108 580
5.701852798461914 580
5.7081685066223145 580
5.714742422103882 580
5.721604347229004 580
5.727985382080078 580
5.734541416168213 580
5.740331172943115 580
5.746665000915527 580
5.75273323059082 580
5.759338617324829 580
5.7659313678741455 580
5.772624254226685 580
5.779188871383667 580
5.785790681838989 580
5.791843891143799 580
5.79818058013916 580
5.80496883392334 580
5.810705184936523 580
5.81735372543335 580
5.825019359588623 580
5.830542325973511 580
5.837255001068115 580
5.842732906341553 580
5.849310398101807 580
5.855945825576782 580
5.8625078201293945 580
5.869170904159546 580
5.876479148864746 580
5.8823864459991455 580
5.888744115829468 580
5.895592451095581 580
5.901495456695557 580
5.907865762710571 580
5.914102554321289 580
5.920384883880615 580
5.928143501281738 580
5.935399293899536 580
5.942320823669434 580
5.948641061782837 580
5.955461263656616 580
5.961386203765869 580
5.967695713043213 580
5.975336313247681 580
5.981272459030151 580
5.98773980140686 580
5.993546485900879 580
5.999981880187988 580
6.006360292434692 580
6.012259244918823 580
6.018634796142578 580
6.026160717010498 580
6.032071828842163 580
6.0421226024627686 580
6.048713445663452 580
6.05553126335144 580
6.061570644378662 580
6.067994832992554 580
6.074538946151733 580
6.08137321472168 580
6.0876898765563965 580
6.093543529510498 580
6.100200176239014 580
6.106494903564453 580
6.112534999847412 580
6.1190712451934814 580
6.126408338546753 580
6.132309198379517 580
6.138644218444824 580
6.145472526550293 580
6.151359796524048 580
6.157687664031982 580
6.163536310195923 580
6.170185327529907 580
6.1777544021606445 580
6.183596134185791 580
6.190143585205078 580
6.196471214294434 580
6.20235276222229 580
6.2086968421936035 580
6.215545415878296 580
6.221463918685913 580
6.228566646575928 580
6.235408782958984 580
6.241296052932739 580
6.247679710388184 580
6.253520488739014 580
6.259957313537598 580
6.266586542129517 580
6.273123264312744 580
6.2804834842681885 580
6.287328720092773 580
6.293122053146362 580
6.299422979354858 580
6.305990695953369 580
6.312023162841797 580
6.318301439285278 580
6.325154542922974 580
6.331888437271118 580
6.33820104598999 580
6.345066070556641 580
6.350988149642944 580
6.357447624206543 580
6.3632118701934814 580
6.3694775104522705 580
6.376070022583008 580
6.382739305496216 580
6.389341592788696 581
6.395932912826538 580
6.401874780654907 580
6.40844202041626 580
6.415329217910767 580
6.421114206314087 581
6.427599668502808 581
6.435284376144409 580
6.445951461791992 580
6.45201849937439 580
6.458468675613403 580
6.465286016464233 580
6.471389532089233 580
6.477719306945801 580
6.485347032546997 580
6.491132736206055 580
6.497582674026489 580
6.503398180007935 581
6.509876251220703 581
6.516347885131836 580
6.522302150726318 580
6.5290937423706055 580
6.53652286529541 580
6.5424652099609375 581
6.5490195751190186 581
6.555681467056274 581
6.56167197227478 580
6.568225145339966 580
6.5751731395721436 580
6.581009149551392 580
6.588329553604126 580
6.595130681991577 581
6.600733518600464 581
6.607510089874268 581
6.613416433334351 580
6.619959354400635 580
6.626380681991577 580
6.632278203964233 580
6.639483690261841 581
6.646185398101807 581
6.652350902557373 580
6.658994197845459 580
6.665611028671265 580
6.671503305435181 581
6.6778693199157715 581
6.68550968170166 581
6.691551446914673 580
6.698215484619141 580
6.70508885383606 580
6.710991859436035 580
6.717433452606201 580
6.7232160568237305 580
6.729546785354614 580
6.73725152015686 581
6.743165731430054 581
6.7495434284210205 580
6.756183385848999 580
6.762112379074097 580
6.768507957458496 581
6.776537656784058 581
6.782526731491089 580
6.790372848510742 580
6.797093152999878 580
6.802651643753052 580
6.809256553649902 580
6.8158063888549805 581
6.82168436050415 581
6.828256130218506 581
6.835230112075806 580
6.84639310836792 580
6.852432727813721 581
6.859990119934082 581
6.8664891719818115 581
6.872620344161987 581
6.879275798797607 581
6.885950565338135 580
6.893078088760376 580
6.899499177932739 580
6.906142950057983 580
6.912039756774902 580
6.918347358703613 580
6.925154209136963 580
6.931432485580444 581
6.940264701843262 580
6.947246789932251 580
6.953167200088501 580
6.959604263305664 580
6.9661688804626465 580
6.972073554992676 580
6.978370189666748 580
6.985191345214844 581
6.991885185241699 581
6.998321771621704 581
7.005214214324951 580
7.0113184452056885 580
7.017693996429443 580
7.023509502410889 581
7.029975175857544 581
7.0364556312561035 581
7.043557405471802 580
7.0501158237457275 580
7.056464433670044 580
7.062366008758545 580
7.069083213806152 581
7.0756676197052 581
7.081687688827515 580
7.092529296875 580
7.099316358566284 580
7.105980157852173 579
7.111863374710083 579
7.118252277374268 580
7.125236511230469 580
7.131383895874023 581
7.137732028961182 581
7.1454644203186035 580
7.151492357254028 580
7.1579132080078125 580
7.164150238037109 580
7.170253038406372 580
7.176525354385376 580
7.18242073059082 580
7.189110279083252 580
7.196530818939209 580
7.202430248260498 580
7.208736896514893 581
7.221155643463135 581
7.227748870849609 581
7.233596563339233 580
7.2402260303497314 581
7.252140760421753 581
7.25873875617981 581
7.265624284744263 581
7.271690845489502 581
7.2781078815460205 581
7.284990310668945 581
7.290709018707275 581
7.298184633255005 581
7.305046319961548 580
7.311053276062012 580
7.317559003829956 580
7.323479175567627 580
7.329952955245972 581
7.3363869190216064 581
7.342400789260864 581
7.350155830383301 580
7.356568336486816 580
7.362530946731567 580
7.369402647018433 580
7.375974416732788 580
7.381855010986328 580
7.388211250305176 580
7.395089149475098 580
7.401821851730347 581
7.408130884170532 581
7.414995193481445 581
7.420714855194092 580
7.427593946456909 580
7.433457851409912 580
7.439931869506836 581
7.447457551956177 581
7.453396320343018 581
7.459964752197266 580
7.4663941860198975 580
7.472380876541138 580
7.479131698608398 580
7.485717058181763 581
7.491831302642822 581
7.499130725860596 581
7.505807638168335 580
7.5117645263671875 580
7.518190145492554 580
7.525073766708374 580
7.530718564987183 580
7.53738808631897 580
7.543150186538696 581
7.551025867462158 581
7.557567834854126 580
7.563456773757935 580
7.569960832595825 580
7.5763609409332275 580
7.5822601318359375 581
7.588690519332886 581
7.595593214035034 580
7.602338075637817 580
7.609112977981567 581
7.615670680999756 581
7.621638059616089 581
7.628122091293335 580
7.634989976882935 580
7.640689849853516 580
7.652132749557495 581
7.658571243286133 581
7.665477991104126 581
7.671747922897339 581
7.678125619888306 581
7.685009002685547 580
7.690725088119507 580
7.6974146366119385 580
7.705101251602173 580
7.710697889328003 581
7.717434406280518 581
7.723343133926392 580
7.729997396469116 580
7.7364182472229 580
7.742421627044678 581
7.748995065689087 581
7.75653338432312 581
7.762514352798462 580
7.769145727157593 580
7.775767803192139 580
7.781641960144043 580
7.790518283843994 581
7.797408819198608 580
7.805116415023804 580
7.8111412525177 580
7.817739009857178 580
7.823592901229858 581
7.8300461769104 581
7.836542844772339 581
7.842526912689209 580
7.849394798278809 580
7.857213020324707 580
7.864151477813721 581
7.8705103397369385 581
7.877333641052246 580
7.8831586837768555 580
7.889551162719727 580
7.896151781082153 580
7.902076959609985 581
7.909544229507446 581
7.9162116050720215 581
7.922203779220581 580
7.928683280944824 580
7.935557126998901 580
7.941892862319946 580
7.949259519577026 580
7.9566240310668945 581
7.962509632110596 581
7.969316244125366 581
7.975979328155518 580
7.9819724559783936 580
7.988353490829468 580
7.995206356048584 580
8.00114107131958 580
8.00835657119751 580
8.0151948928833 581
8.020999908447266 581
8.027663946151733 581
8.033580303192139 580
8.040162086486816 580
8.0512855052948 580
8.058518648147583 581
8.065425157546997 581
8.071515560150146 580
8.078033924102783 580
8.084621667861938 580
8.090481042861938 581
8.097318172454834 581
8.103192329406738 581
8.111111402511597 580
8.117630004882812 580
8.123499393463135 580
8.130164623260498 580
8.136505842208862 580
8.142422199249268 580
8.149190187454224 580
8.155778408050537 580
8.162468671798706 581
8.169137477874756 580
8.175840139389038 580
8.181825160980225 580
8.188185691833496 580
8.195011138916016 581
8.200730323791504 581
8.207571268081665 580
8.215308666229248 580
8.221272945404053 580
8.227628946304321 580
8.233447551727295 580
8.23989987373352 581
8.246341228485107 581
8.252342462539673 581
8.260130167007446 580
8.266554594039917 580
8.272663354873657 580
8.279241561889648 580
8.28581976890564 580
8.291711807250977 581
8.298048496246338 581
8.30469036102295 580
8.311877965927124 580
8.318281888961792 580
8.325154781341553 580
8.331086874008179 580
8.337540864944458 580
8.343405723571777 580
8.349797010421753 581
8.356241941452026 581
8.363252401351929 580
8.369762182235718 580
8.37632155418396 580
8.382347583770752 580
8.389021873474121 580
8.395598888397217 581
8.401493310928345 581
8.407908916473389 581
8.415565490722656 580
8.421547651290894 580
8.427913665771484 580
8.434116840362549 580
8.440277576446533 581
8.451436996459961 580
8.457956314086914 579
8.465638160705566 579
8.47174596786499 579
8.478249311447144 580
8.485198736190796 580
8.491085529327393 581
8.497604131698608 581
8.50353217124939 580
8.510551691055298 580
8.518238544464111 580
8.525064945220947 580
8.530675649642944 581
8.537306308746338 581
8.54320740699768 581
8.549574613571167 580
8.556210994720459 580
8.56217336654663 580
8.569795370101929 580
8.576272010803223 580
8.582121849060059 581
8.588428258895874 581
8.5953209400177 581
8.601269721984863 580
8.607707262039185 580
8.61360239982605 580
8.621264219284058 580
8.627797365188599 580
8.6335768699646 581
8.640247344970703 581
8.646612405776978 580
8.652645111083984 580
8.65933346748352 580
8.667078495025635 580
8.672666072845459 581
8.679237842559814 581
8.68592619895935 581
8.692007541656494 580
8.698356866836548 580
8.705252885818481 580
8.7110595703125 580
8.718248844146729 580
8.725070476531982 581
8.73069167137146 581
8.737429857254028 581
8.74333119392395 580
8.749944925308228 580
8.756370067596436 580
8.762288570404053 581
8.769552230834961 581
8.776241064071655 581
8.783304691314697 580
8.789777040481567 580
8.7962646484375 580
8.802123308181763 580
8.808563947677612 581
8.815411567687988 581
8.822220087051392 581
8.82864499092102 580
8.835547685623169 580
8.841503143310547 580
8.852388143539429 581
8.859884262084961 581
8.866389751434326 581
8.874114036560059 580
8.88045048713684 580
8.88718032836914 580
8.892707586288452 580
8.89931607246399 580
8.905937194824219 580
8.911948919296265 580
8.918266534805298 580
8.92578411102295 580
8.931777000427246 581
8.938092231750488 581
8.945690631866455 580
8.952002763748169 580
8.958356142044067 580
8.96522307395935 580
8.971911191940308 580
8.978251457214355 580
8.98506760597229 580
8.990746259689331 580
8.997397422790527 581
9.00322699546814 581
9.009591579437256 580
9.016236066818237 580
9.023266792297363 580
9.029584646224976 580
9.036144495010376 581
9.042176723480225 581
9.04899525642395 581
9.055651903152466 580
9.061657667160034 580
9.068102836608887 580
9.075777053833008 580
9.08165693283081 580
9.087982654571533 580
9.094554901123047 581
9.10042691230774 581
9.107332706451416 581
9.113207817077637 580
9.119560956954956 580
9.127439022064209 580
9.133225440979004 581
9.139523029327393 581
9.146177768707275 581
9.152164220809937 580
9.158563375473022 580
9.16547155380249 580
9.171541929244995 580
9.178660154342651 580
9.185463428497314 581
9.191388368606567 581
9.197815895080566 581
9.203673601150513 580
9.210281372070312 580
9.216639995574951 580
9.225794315338135 581
9.231860160827637 581
9.23827075958252 580
9.245192289352417 580
9.2554771900177 580
9.261507987976074 580
9.267983198165894 580
9.27453899383545 581
9.281736373901367 581
9.288357496261597 580
9.295237302780151 580
9.301253080368042 580
9.307613849639893 580
9.313436031341553 581
9.319965124130249 581
9.327659606933594 580
9.333574533462524 580
9.340025901794434 580
9.346405267715454 581
9.352433443069458 581
9.359124422073364 581
9.36579966545105 580
9.371750354766846 580
9.37917160987854 580
9.385805130004883 580
9.391706228256226 581
9.39803671836853 581
9.404652833938599 581
9.410687446594238 580
9.417407035827637 580
9.423315525054932 580
9.431145906448364 580
9.437578201293945 580
9.443389892578125 581
9.449628591537476 581
9.456294536590576 580
9.462249279022217 580
9.469111442565918 580
9.475769996643066 580
9.48244595527649 580
9.48897910118103 580
9.495558738708496 581
9.50154733657837 580
9.508094310760498 580
9.514971494674683 580
9.520560026168823 580
9.52742600440979 580
9.534669399261475 580
9.540388584136963 580
9.547107696533203 581
9.552711248397827 580
9.559550046920776 580
9.5661940574646 580
9.572118520736694 580
9.578403234481812 580
9.58602261543274 581
9.592042446136475 581
9.598443984985352 580
9.605353593826294 580
9.611313819885254 580
9.617672204971313 580
9.623516082763672 580
9.629966259002686 580
9.637584686279297 580
9.643409252166748 581
9.654154300689697 581
9.6604905128479 580
9.667413234710693 580
9.67332124710083 580
9.679929971694946 580
9.687611103057861 580
9.699305057525635 581
9.706069946289062 581
9.712164878845215 580
9.718513250350952 580
9.725453615188599 580
9.731438159942627 580
9.738538026809692 580
9.745360612869263 581
9.75126338005066 581
9.757720708847046 581
9.763612508773804 580
9.770477533340454 580
9.777218580245972 580
9.782714128494263 580
9.790346622467041 580
9.79666543006897 580
9.802538633346558 580
9.809133052825928 580
9.815757036209106 580
9.821784973144531 580
9.828207969665527 580
9.835054874420166 580
9.841766357421875 580
9.848094463348389 580
9.85468077659607 580
9.8615243434906 580
9.86790919303894 580
9.874073266983032 580
9.880206823348999 580
9.887913942337036 580
9.894127130508423 580
9.90025520324707 580
9.906548976898193 580
9.91243577003479 580
9.919008255004883 580
9.925597667694092 580
9.931518793106079 580
9.938669681549072 580
9.945878982543945 580
9.9532790184021 580
9.959550142288208 580
9.966111660003662 580
9.972006559371948 580
9.978317260742188 580
9.985182762145996 580
9.99190354347229 580
9.998218297958374 580
10.005078315734863 580
10.011041402816772 580
10.01749324798584 580
10.023290157318115 580
10.029584646224976 580
10.036122560501099 580
10.043090343475342 580
10.052233934402466 580
10.059629678726196 580
10.066170930862427 580
10.072298765182495 580
10.079121828079224 580
10.08571481704712 580
10.092408895492554 580
10.099092960357666 580
10.105712890625 580
10.111636877059937 580
10.117984056472778 580
10.124555110931396 580
10.130529165267944 580
10.137264728546143 580
10.14466381072998 580
10.15042233467102 580
10.157108306884766 580
10.162638902664185 580
10.169228792190552 580
10.175846338272095 580
10.181720495223999 580
10.188191652297974 580
10.195828199386597 580
10.201721906661987 580
10.208213329315186 580
10.215062379837036 580
10.220677137374878 580
10.227311611175537 580
10.233076572418213 580
10.239410877227783 580
10.247331380844116 580
10.253121137619019 581
10.259440898895264 580
10.26608681678772 580
10.272069692611694 580
10.27844786643982 580
10.2852463722229 581
10.291139841079712 581
10.298441410064697 580
10.305363416671753 580
10.311472177505493 580
10.317831993103027 580
10.323615312576294 581
10.330275535583496 581
10.3372642993927 580
10.34474229812622 580
10.350645303726196 580
10.357265949249268 581
10.36306381225586 581
10.369598865509033 581
10.376276731491089 580
10.382219076156616 580
10.388650894165039 580
10.39626145362854 580
10.40215539932251 580
10.408727407455444 580
10.415568351745605 581
10.42149806022644 581
10.428093433380127 581
10.435001134872437 580
10.44074034690857 580
10.44819450378418 580
10.458312034606934 580
10.465132236480713 581
10.471293449401855 581
10.47780966758728 581
10.483667850494385 580
10.490391731262207 580
10.49795126914978 580
10.50412917137146 580
10.510260105133057 581
10.516539335250854 581
10.522529602050781 581
10.5292329788208 580
10.535923719406128 580
10.54188323020935 580
10.549381971359253 581
10.55596113204956 581
10.561930179595947 581
10.56833291053772 580
10.575235605239868 580
10.581050872802734 580
10.587490320205688 581
10.593292236328125 581
10.601259708404541 581
10.607825994491577 580
10.614109516143799 580
10.620280981063843 580
10.626544952392578 580
10.632447242736816 580
10.639007568359375 581
10.645661354064941 580
10.652451276779175 580
10.659080743789673 580
10.665673017501831 580
10.671708822250366 580
10.678067684173584 581
10.684572696685791 581
10.69040846824646 581
10.697256088256836 580
10.704673051834106 580
10.71045470237732 580
10.717144250869751 581
10.722643375396729 581
10.729444026947021 581
10.736063957214355 580
10.742006063461304 580
10.748373985290527 580
10.756054878234863 580
10.761934041976929 580
10.768246412277222 581
10.775194883346558 581
10.781080961227417 581
10.787702798843384 580
10.793581008911133 580
10.800180435180664 580
10.807739734649658 580
10.813545227050781 581
10.82027554512024 581
10.826653718948364 581
10.832712650299072 580
10.839398384094238 580
10.84603500366211 580
10.85733699798584 581
10.864619731903076 581
10.87068247795105 581
10.877528429031372 581
10.883434057235718 580
10.890002727508545 580
10.896409749984741 580
10.903451442718506 580
10.910020589828491 581
10.916408061981201 581
10.922419786453247 581
10.929089307785034 580
10.93578839302063 580
10.941689491271973 580
10.94924783706665 580
10.957479238510132 581
10.963434934616089 581
10.970205545425415 580
10.976570844650269 580
10.982477188110352 581
10.989169836044312 581
10.99586534500122 581
11.00187611579895 580
11.00930142402649 580
11.015984773635864 580
11.021961212158203 580
11.028486967086792 580
11.035298585891724 581
11.041098594665527 581
11.047644138336182 581
11.05355978012085 580
11.061237335205078 580
11.067615270614624 580
11.073421955108643 580
11.07991909980774 581
11.086270093917847 581
11.092355966567993 581
11.099160194396973 580
11.106605052947998 580
11.112550973892212 580
11.119255781173706 581
11.125853776931763 581
11.131847381591797 581
11.138224363327026 580
11.145132541656494 580
11.151315689086914 580
11.158461093902588 580
11.165301322937012 580
11.171082735061646 580
11.177541017532349 580
11.183395862579346 581
11.18993091583252 581
11.19643259048462 580
11.202397584915161 580
11.209969282150269 581
11.216359615325928 581
11.222344398498535 581
11.229073286056519 580
11.235743761062622 580
11.241717100143433 580
11.248206377029419 580
11.259459733963013 581
11.26614260673523 581
11.27240777015686 581
11.27913784980774 580
11.286142110824585 580
11.292728900909424 581
11.299329996109009 581
11.306016683578491 581
11.313075065612793 580
11.319445371627808 580
11.326102256774902 580
11.332119941711426 580
11.33844542503357 580
11.345240831375122 580
11.3510422706604 581
11.357521295547485 581
11.365260362625122 581
11.371145486831665 580
11.377745628356934 580
11.38364863395691 580
11.39038896560669 580
11.396689653396606 580
11.402587413787842 580
11.409186363220215 581
11.416540145874023 581
11.422552347183228 581
11.429222345352173 580
11.43585991859436 580
11.441845655441284 580
11.448416233062744 580
11.455261945724487 580
11.461922645568848 580
11.468300819396973 581
11.475234508514404 581
11.48112440109253 580
11.487627267837524 580
11.493576049804688 580
11.50004267692566 580
11.506412506103516 581
11.513531923294067 581
11.52012038230896 581
11.526561737060547 580
11.5325288772583 580
11.539179563522339 580
11.545819997787476 580
11.551684141159058 581
11.558099508285522 581
11.565810203552246 581
11.571889162063599 580
11.578258752822876 580
11.58517074584961 580
11.591031789779663 580
11.59749174118042 580
11.603285551071167 580
11.60959005355835 581
11.61723804473877 581
11.623140096664429 581
11.629774570465088 580
11.636261701583862 580
11.642345905303955 580
11.6487135887146 580
11.658123254776001 581
11.666384220123291 581
11.672494888305664 581
11.679251432418823 580
11.68595552444458 580
11.692127466201782 580
11.70022177696228 580
11.70652461051941 581
11.712538719177246 581
11.720263481140137 580
11.726622581481934 580
11.732588768005371 580
11.73921275138855 580
11.74582052230835 580
11.751871585845947 581
11.758213758468628 581
11.765138387680054 581
11.772043228149414 580
11.778402090072632 580
11.785333156585693 580
11.791279792785645 580
11.797644853591919 580
11.803467273712158 580
11.810234546661377 580
11.816553115844727 580
11.823589324951172 580
11.830029726028442 580
11.836431741714478 580
11.842355966567993 580
11.848678827285767 581
11.855504035949707 581
11.862224578857422 580
11.870021343231201 580
11.876513481140137 580
11.882473707199097 580
11.889039039611816 580
11.89564824104309 580
11.901688575744629 581
11.908047437667847 581
11.914667844772339 581
11.921719551086426 580
11.928258180618286 580
11.935136318206787 580
11.940750360488892 580
11.947430849075317 581
11.953255891799927 581
11.961244106292725 580
11.96810531616211 580
11.975842475891113 580
11.981749296188354 580
11.988260269165039 580
11.995101690292358 580
12.00068974494934 580
12.007344484329224 580
12.013176441192627 580
12.019474744796753 580
12.027360916137695 580
12.033159255981445 580
12.039490938186646 580
12.04610276222229 580
12.052165031433105 580
12.062295913696289 580
12.06898546218872 580
12.082026243209839 580
12.09160566329956 580
12.099349975585938 580
12.10596776008606 580
12.111955165863037 580
12.118306636810303 580
12.12597942352295 580
12.131867170333862 580
12.138241052627563 580
12.145122528076172 580
12.150731563568115 580
12.157527923583984 580
12.16339635848999 580
12.16996693611145 580
12.177578926086426 580
12.183407306671143 580
12.189866304397583 580
12.196306467056274 580
12.202286720275879 580
12.208653450012207 580
12.215457201004028 580
12.221357107162476 580
12.22858452796936 580
12.235432147979736 580
12.241387367248535 580
12.24770712852478 580
12.253592252731323 580
12.260129690170288 580
12.266474723815918 580
12.2723867893219 580
12.27980923652649 580
12.286254167556763 580
12.292344331741333 580
12.298676252365112 580
12.305490255355835 580
12.311405181884766 580
12.31774616241455 580
12.32355785369873 580
12.331254482269287 580
12.337643146514893 580
12.343462705612183 580
12.350163459777832 580
12.356481075286865 580
12.362388372421265 580
12.368727207183838 580
12.375569581985474 580
12.38225507736206 580
12.388617515563965 580
12.395431756973267 580
12.40132188796997 580
12.407792091369629 580
12.413580894470215 580
12.42021918296814 580
12.426513671875 580
12.433547258377075 580
12.44001293182373 580
12.446394205093384 580
12.452289819717407 580
12.462361812591553 580
12.469188928604126 580
12.475794792175293 580
12.482563495635986 580
12.489276885986328 580
12.495849609375 580
12.501748085021973 580
12.50807785987854 580
12.514597654342651 580
12.52037239074707 580
12.52668023109436 580
12.534539937973022 580
12.540359497070312 580
12.54668378829956 580
12.552706956863403 580
12.559319972991943 580
12.565940618515015 580
12.571866989135742 580
12.578206300735474 580
12.58580231666565 580
12.591877698898315 580
12.598219871520996 580
12.605072021484375 580
12.610678911209106 580
12.617300748825073 580
12.623067378997803 580
12.629420518875122 580
12.637152433395386 580
12.642663478851318 580
12.649372816085815 580
12.655940055847168 580
12.66185712814331 580
12.668201684951782 580
12.675049304962158 580
12.681878566741943 580
12.688251972198486 580
12.695059061050415 580
12.700679063796997 580
12.707430839538574 580
12.713264465332031 580
12.719549894332886 580
12.726106643676758 580
12.73274302482605 580
12.73937726020813 580
12.74594259262085 580
12.751832246780396 580
12.75814151763916 580
12.764670372009277 580
12.77055048942566 580
12.777324199676514 580
12.784692525863647 580
12.790438652038574 580
12.797104597091675 580
12.802655458450317 580
12.809387683868408 580
12.815958261489868 580
12.821844339370728 580
12.828261137008667 580
12.835822343826294 580
12.841704368591309 580
12.848058462142944 580
12.854591608047485 580
12.86577296257019 580
12.871781587600708 580
12.878194570541382 580
12.885765314102173 580
12.891881704330444 580
12.898249626159668 580
12.905097723007202 580
12.910711765289307 580
12.917364120483398 580
12.92321515083313 580
12.929519891738892 580
12.937335729598999 580
12.943214416503906 580
12.949627161026001 580
12.957892894744873 580
12.96408224105835 580
12.97022533416748 580
12.976526021957397 580
12.98245120048523 580
12.99001955986023 580
12.996411800384521 580
13.002325534820557 580
13.008981466293335 580
13.015578508377075 580
13.02150583267212 580
13.02790117263794 580
13.034050941467285 580
13.041389226913452 580
13.047714471817017 580
13.053572177886963 580
13.060026168823242 580
13.06640338897705 580
13.072435140609741 580
13.078981399536133 580
13.085566282272339 580
13.092278242111206 580
13.098979234695435 580
13.105567455291748 580
13.111501216888428 580
13.117849111557007 580
13.123675346374512 580
13.130345106124878 580
13.136674165725708 580
13.144054651260376 580
13.150212049484253 580
13.156550884246826 580
13.162444353103638 580
13.168995380401611 580
13.175580024719238 580
13.181493759155273 580
13.18798041343689 580
13.195643663406372 580
13.201687335968018 580
13.208096027374268 580
13.214697360992432 580
13.220441579818726 580
13.227165699005127 580
13.232691049575806 580
13.239283084869385 580
13.246688604354858 580
13.25272536277771 580
13.259342908859253 580
13.269774436950684 580
13.276240825653076 580
13.282246351242065 580
13.288731336593628 580
13.296356201171875 580
13.302260637283325 580
13.308722972869873 580
13.31554102897644 580
13.321537733078003 580
13.328011989593506 580
13.334549903869629 580
13.340373039245605 580
13.347866535186768 580
13.353670597076416 580
13.360189199447632 580
13.366496324539185 580
13.372517347335815 580
13.379080772399902 580
13.38567590713501 580
13.391621589660645 580
13.399043083190918 580
13.405635833740234 580
13.411524057388306 580
13.417862176895142 580
13.424072742462158 580
13.430345058441162 580
13.436674118041992 580
13.443620920181274 580
13.450217723846436 580
13.456555366516113 580
13.462590456008911 580
13.469224691390991 580
13.475820302963257 580
13.481712579727173 580
13.48819899559021 580
13.49572229385376 580
13.501617193222046 580
13.508034706115723 580
13.514544486999512 580
13.520389795303345 580
13.526689529418945 580
13.532601594924927 580
13.539182424545288 580
13.546476364135742 580
13.552505254745483 580
13.559070825576782 580
13.56562352180481 580
13.571523427963257 580
13.577862739562988 580
13.58366060256958 580
13.590364694595337 580
13.597874402999878 580
13.604047060012817 580
13.616413593292236 580
13.624592065811157 580
13.63052749633789 580
13.637259006500244 580
13.643041133880615 580
13.650412321090698 580
13.657112836837769 580
13.66751742362976 580
13.673330783843994 580
13.679912567138672 580
13.68629264831543 580
13.692295551300049 580
13.699533224105835 580
13.706115245819092 580
13.711977243423462 580
13.718433380126953 580
13.725282907485962 580
13.73130989074707 580
13.737642526626587 580
13.743484735488892 580
13.75127100944519 580
13.757603406906128 580
13.763430118560791 580
13.769899845123291 580
13.776272058486938 580
13.782184600830078 580
13.788634061813354 580
13.796024084091187 580
13.802716493606567 580
13.809285640716553 580
13.815904378890991 580
13.821804285049438 580
13.82811450958252 580
13.834686756134033 580
13.84044623374939 580
13.847366333007812 580
13.854722499847412 580
13.861582040786743 580
13.867936849594116 580
13.87413477897644 580
13.880310297012329 580
13.886634826660156 580
13.892523765563965 580
13.899063348770142 580
13.906412124633789 580
13.912489891052246 580
13.919053792953491 580
13.925634860992432 580
13.931546449661255 580
13.937909603118896 580
13.944138050079346 580
13.95029616355896 580
13.959068536758423 580
13.965942859649658 580
13.97199821472168 580
13.978402376174927 580
13.98519492149353 580
13.991005897521973 580
13.997444868087769 580
14.005057573318481 580
14.010668992996216 580
14.017317771911621 580
14.023132562637329 580
14.029545068740845 580
14.036151647567749 580
14.042038202285767 580
14.04834771156311 580
14.055957794189453 580
14.066034078598022 580
14.072083711624146 580
14.078550338745117 580
14.08654260635376 580
14.092668294906616 580
14.099396467208862 580
14.106595277786255 580
14.1126549243927 580
14.119178533554077 580
14.125816583633423 580
14.131730079650879 580
14.1380774974823 580
14.144616603851318 580
14.15049934387207 580
14.158005237579346 580
14.164567232131958 580
14.170379877090454 580
14.176698923110962 580
14.182613849639893 580
14.18917727470398 580
14.195782899856567 580
14.201701641082764 580
14.20918345451355 580
14.215789318084717 580
14.221677541732788 580
14.228027582168579 580
14.23459005355835 580
14.24050259590149 580
14.247249841690063 580
14.252742052078247 580
14.260396242141724 580
14.26726746559143 580
14.273057222366333 580
14.27938723564148 580
14.285945653915405 580
14.291834831237793 580
14.298155307769775 580
14.304992437362671 580
14.311731815338135 580
14.318081378936768 580
14.324652910232544 580
14.33051061630249 580
14.337281942367554 580
14.343071699142456 580
14.349438667297363 580
14.35600471496582 580
14.36268162727356 580
14.369407176971436 580
14.375972986221313 580
14.381864309310913 580
14.388330221176147 580
14.39517617225647 580
14.40103530883789 580
14.407470226287842 580
14.415134906768799 580
14.420743227005005 580
14.427417516708374 580
14.439137697219849 580
14.445807456970215 580
14.451827049255371 580
14.45812177658081 580
14.469385862350464 580
14.475975036621094 580
14.481956958770752 580
14.488382577896118 580
14.495235919952393 580
14.501384258270264 580
14.507858514785767 580
14.51547122001648 580
14.52137804031372 580
14.5276939868927 580
14.533525943756104 580
14.53996467590332 580
14.54634690284729 580
14.552292585372925 580
14.558643579483032 580
14.566201210021973 580
14.57236123085022 580
14.578673362731934 580
14.58547306060791 580
14.591382026672363 581
14.59772777557373 581
14.603608846664429 581
14.610296487808228 580
14.617941617965698 580
14.624158382415771 580
14.630645751953125 581
14.637271404266357 581
14.643164873123169 581
14.649548768997192 580
14.656148672103882 580
14.662153482437134 580
14.669581413269043 581
14.676183938980103 581
14.68220043182373 581
14.688989400863647 581
14.695663452148438 581
14.701618909835815 580
14.7080397605896 580
14.715593099594116 581
14.721515893936157 581
14.727946281433105 581
14.73462438583374 581
14.74042797088623 580
14.74738621711731 580
14.753253698348999 580
14.759887456893921 581
14.767455816268921 581
14.77335786819458 581
14.779808044433594 580
14.786324739456177 580
14.79234528541565 581
14.798736810684204 581
14.805625677108765 581
14.811758995056152 581
14.819206714630127 581
14.825871467590332 581
14.831856489181519 580
14.83823537826538 580
14.845149517059326 581
14.85105037689209 581
14.857577323913574 581
14.868449449539185 581
14.876037120819092 581
14.882103681564331 581
14.888729095458984 581
14.895636320114136 581
14.901708602905273 581
14.908103942871094 581
14.914994239807129 581
14.92170262336731 581
14.928251504898071 581
14.935191631317139 581
14.941035032272339 581
14.94753909111023 581
14.953433275222778 581
14.959997415542603 581
14.968598127365112 581
14.975518703460693 581
14.981489419937134 581
14.988017320632935 581
14.994654893875122 581
15.00044059753418 581
15.007202625274658 581
15.01303482055664 581
15.020689487457275 581
15.02748417854309 581
15.033389329910278 581
15.039916276931763 581
15.04638409614563 581
15.052495002746582 581
15.059139728546143 581
15.065805673599243 581
15.072517395019531 581
15.079243421554565 581
15.085922241210938 581
15.091895818710327 581
15.098365783691406 581
15.105250597000122 581
15.111313581466675 581
15.117706775665283 581
15.125351190567017 581
15.131307363510132 581
15.137711763381958 581
15.143634557723999 581
15.150369644165039 581
15.157253503799438 581
15.163116216659546 581
15.169604063034058 581
15.177313327789307 581
15.183167457580566 581
15.189552545547485 581
15.196195125579834 581
15.202260732650757 581
15.20870327949524 581
15.215564012527466 581
15.222264289855957 581
15.22922420501709 581
15.235933303833008 581
15.241871118545532 581
15.248246192932129 581
15.255245685577393 581
15.261093139648438 581
15.271396160125732 581
15.279069423675537 581
15.285788536071777 581
15.291971445083618 581
15.298439025878906 581
15.305320024490356 581
15.311257362365723 581
15.317690372467041 581
15.325223445892334 581
15.331092596054077 581
15.33759617805481 581
15.343491077423096 581
15.350231885910034 581
15.356598377227783 581
15.36255145072937 581
15.36920714378357 581
15.376564502716064 581
15.382514238357544 581
15.389182806015015 580
15.395865201950073 581
15.401823997497559 581
15.408438682556152 581
15.415358781814575 581
15.421344518661499 580
15.4285147190094 580
15.435441970825195 580
15.441378831863403 580
15.447908878326416 581
15.454550981521606 581
15.460405826568604 580
15.467393398284912 580
15.473291397094727 580
15.480742692947388 580
15.487401247024536 581
15.493287086486816 581
15.499739170074463 580
15.506255388259888 580
15.512359142303467 580
15.519028663635254 580
15.525618314743042 581
15.532421588897705 581
15.539220094680786 581
15.545934200286865 580
15.551911354064941 580
15.558290004730225 580
15.565192699432373 580
15.570955991744995 580
15.577430248260498 581
15.585363388061523 581
15.591495275497437 580
15.597886800765991 580
15.6041419506073 580
15.610362529754639 580
15.61668086051941 581
15.62261700630188 581
15.630341529846191 581
15.637107610702515 580
15.64268159866333 580
15.649441957473755 580
15.656085014343262 580
15.661945104598999 580
15.67226266860962 581
15.679870128631592 581
15.686455726623535 580
15.692516565322876 580
15.699291706085205 580
15.705942153930664 581
15.711936473846436 581
15.718370914459229 581
15.725275754928589 580
15.732045888900757 580
15.738442659378052 580
15.745307683944702 580
15.751154899597168 580
15.757591724395752 581
15.763521432876587 581
15.770286083221436 580
15.777287244796753 580
15.784672498703003 580
15.790418148040771 579
15.79737114906311 579
15.803274393081665 580
15.809604406356812 580
15.816293001174927 580
15.82218885421753 580
15.828695058822632 580
15.836288213729858 580
15.842190504074097 580
15.848556518554688 580
15.855437278747559 580
15.862060785293579 580
15.868371963500977 580
15.875204801559448 580
15.88104510307312 579
15.888505220413208 579
15.895447731018066 580
15.901521921157837 580
15.907901287078857 579
15.914135456085205 579
15.920394897460938 579
15.927302122116089 579
15.934746503829956 579
15.940669298171997 579
15.947518587112427 579
15.953424215316772 579
15.959942817687988 579
15.966379165649414 579
15.973580598831177 579
15.980533838272095 579
15.98806619644165 579
15.994638681411743 579
16.000449895858765 579
16.007377862930298 579
16.01325011253357 579
16.01959800720215 579
16.026169061660767 579
16.032097578048706 579
16.03940176963806 579
16.046038150787354 579
16.051962852478027 579
16.05843997001648 579
16.065298080444336 579
16.075860500335693 579
16.081912517547607 579
16.08950185775757 579
16.096112966537476 579
16.10226798057556 579
16.108677864074707 579
16.115490913391113 579
16.12146019935608 579
16.12794589996338 579
16.134546279907227 579
16.141650915145874 579
16.148061990737915 579
16.1546573638916 579
16.1604483127594 579
16.16721796989441 579
16.173062801361084 579
16.179445505142212 579
16.18605375289917 579
16.19306468963623 579
16.199436902999878 579
16.206055402755737 579
16.21202254295349 579
16.218371152877808 579
16.225220441818237 579
16.231079578399658 579
16.237613439559937 579
16.245314598083496 579
16.25147771835327 579
16.25789189338684 579
16.26407742500305 579
16.27031445503235 579
16.276695489883423 579
16.28264594078064 579
16.290315628051758 579
16.29710364341736 579
16.302675247192383 579
16.310396432876587 579
16.3172447681427 579
16.32307720184326 579
16.32947564125061 579
16.336111783981323 579
16.343106269836426 579
16.349472522735596 579
16.356099128723145 579
16.362035036087036 579
16.368551015853882 579
16.375421047210693 579
16.381385803222656 579
16.3877432346344 579
16.395326375961304 579
16.401289701461792 579
16.407692670822144 579
16.413547039031982 579
16.420008897781372 579
16.426440954208374 579
16.432541131973267 579
16.441760540008545 579
16.448319911956787 579
16.45520043373108 579
16.461018085479736 579
16.467548608779907 579
16.477749586105347 579
16.483628749847412 579
16.490525245666504 579
16.49824547767639 579
16.505086421966553 579
16.51094937324524 579
16.517452001571655 579
16.523282289505005 579
16.52961492538452 580
16.53623676300049 580
16.543196201324463 579
16.549808979034424 579
16.556366443634033 579
16.562315940856934 579
16.568709135055542 579
16.57558584213257 579
16.581655263900757 579
16.58808398246765 580
16.595653295516968 580
16.601686716079712 580
16.608178853988647 580
16.614994287490845 580
16.62051010131836 580
16.62725019454956 580
16.633060932159424 579
16.639514446258545 580
16.64725160598755 580
16.65312433242798 580
16.659446954727173 580
16.666013479232788 580
16.672030687332153 580
16.678332567214966 580
16.685123682022095 580
16.690712213516235 580
16.69817042350769 580
16.704986810684204 580
16.71074676513672 580
16.717439889907837 580
16.723235607147217 581
16.72991442680359 580
16.736419200897217 580
16.742395639419556 580
16.750003576278687 581
16.756423473358154 581
16.762404918670654 581
16.769126415252686 580
16.775811910629272 580
16.78183078765869 580
16.78832173347473 580
16.795153617858887 581
16.80197548866272 581
16.80836844444275 581
16.820393562316895 580
16.827226638793945 580
16.833088636398315 580
16.83952498435974 580
16.84610867500305 580
16.853248834609985 580
16.860498189926147 580
16.867310047149658 580
16.877591848373413 581
16.88358449935913 581
16.890397548675537 580
16.89732336997986 580
16.905000925064087 581
16.911004066467285 581
16.917579650878906 581
16.92348575592041 580
16.930028676986694 580
16.936540365219116 580
16.942503452301025 580
16.949079751968384 581
16.956475257873535 581
16.96250009536743 581
16.96931028366089 580
16.97596025466919 580
16.98233675956726 580
16.989794731140137 580
16.996330738067627 581
17.003397226333618 581
17.009924173355103 580
17.01636290550232 580
17.022399187088013 580
17.0291268825531 580
17.035769939422607 581
17.041651725769043 581
17.048108100891113 581
17.05581760406494 580
17.061752557754517 580
17.06817603111267 580
17.075039625167847 580
17.08066964149475 580
17.091458559036255 580
17.09814476966858 581
17.105651378631592 581
17.111660480499268 581
17.118127822875977 580
17.124751806259155 580
17.131006002426147 580
17.137537956237793 580
17.14336919784546 580
17.149921655654907 580
17.15751314163208 580
17.16332983970642 580
17.169613361358643 580
17.17615795135498 581
17.182055711746216 581
17.18850350379944 581
17.19539737701416 580
17.20137882232666 580
17.208629846572876 580
17.21549701690674 580
17.221404552459717 581
17.227831840515137 581
17.234086513519287 580
17.240336418151855 580
17.24712872505188 580
17.25271439552307 580
17.26038146018982 580
17.2671856880188 581
17.27743363380432 581
17.283400535583496 580
17.290158987045288 580
17.29653763771057 580
17.302561044692993 580
17.310270071029663 581
17.316590547561646 581
17.322550773620605 581
17.329359531402588 580
17.336023807525635 580
17.341960668563843 580
17.348294973373413 580
17.355113983154297 581
17.361936569213867 581
17.368369817733765 581
17.375271558761597 580
17.38127589225769 580
17.387776851654053 580
17.393558263778687 580
17.399993181228638 580
17.406404733657837 581
17.41361975669861 580
17.420241355895996 580
17.426634073257446 580
17.432578086853027 580
17.43919563293457 580
17.445783853530884 581
17.45183300971985 581
17.458250522613525 580
17.465959548950195 580
17.471921682357788 580
17.478268146514893 580
17.48511266708374 580
17.4909987449646 581
17.497437477111816 581
17.503334045410156 581
17.51116132736206 580
17.517720699310303 580
17.5235698223114 580
17.53004217147827 580
17.536414861679077 581
17.542296409606934 581
17.549071311950684 580
17.555769681930542 580
17.562530755996704 580
17.56929922103882 581
17.5759596824646 581
17.581974029541016 581
17.58838701248169 580
17.595264196395874 580
17.601159811019897 580
17.607640981674194 580
17.615275144577026 580
17.621288537979126 581
17.627821445465088 581
17.634077310562134 581
17.6403067111969 580
17.64669132232666 580
17.652690172195435 580
17.659313917160034 580
17.667120933532715 581
17.67615532875061 581
17.683215856552124 580
17.689936637878418 580
17.696406841278076 580
17.702465057373047 580
17.70910406112671 580
17.71655797958374 581
17.722519874572754 581
17.729154348373413 580
17.735791444778442 580
17.74171805381775 580
17.74828839302063 580
17.755136251449585 581
17.761019945144653 580
17.76828098297119 580
17.77518630027771 580
17.781036376953125 580
17.78749656677246 580
17.793285608291626 580
17.79957127571106 581
17.80615544319153 581
17.812278032302856 580
17.819788455963135 580
17.826300382614136 580
17.83236336708069 580
17.83867335319519 580
17.845484733581543 580
17.851402044296265 581
17.857712745666504 581
17.86530876159668 580
17.872175455093384 580
17.878981113433838 580
17.885612964630127 580
17.891552448272705 580
17.89789628982544 580
17.90406632423401 580
17.91021156311035 580
17.917685747146606 580
17.923544883728027 580
17.930189609527588 580
17.936508893966675 580
17.942403554916382 580
17.9489848613739 580
17.955551862716675 580
17.961483001708984 580
17.968562841415405 580
17.975465536117554 579
17.98142170906067 579
17.988077878952026 579
17.995076417922974 579
18.002070426940918 579
18.00908064842224 579
18.01575779914856 579
18.02244234085083 579
18.029069900512695 579
18.03570294380188 579
18.041653871536255 579
18.048187494277954 578
18.055084466934204 578
18.060978174209595 578
18.06754446029663 578
18.07780385017395 577
18.085423469543457 577
18.091521978378296 577
18.09814429283142 577
18.105055332183838 577
18.111263513565063 577
18.117652416229248 577
18.125216960906982 577
18.131048917770386 577
18.13769507408142 577
18.14358615875244 577
18.15023684501648 577
18.156616926193237 577
18.16254496574402 577
18.169314861297607 577
18.177152156829834 577
18.182735204696655 577
18.189380884170532 577
18.196011304855347 577
18.20198655128479 577
18.208327054977417 577
18.215203762054443 577
18.22193741798401 577
18.228437900543213 577
18.235332489013672 577
18.24127173423767 577
18.247660636901855 577
18.25358271598816 577
18.260130167007446 577
18.266549110412598 577
18.274161338806152 577
18.280382871627808 577
18.287256956100464 577
18.29313087463379 577
18.299497365951538 577
18.306110382080078 577
18.31207776069641 577
18.318455457687378 577
18.326152801513672 577
18.33211040496826 577
18.338493824005127 577
18.345383405685425 577
18.3515043258667 577
18.357908964157104 577
18.36417245864868 577
18.370418787002563 577
18.3779239654541 577
18.3841392993927 577
18.390344381332397 577
18.397213459014893 577
18.403077602386475 577
18.40962243080139 577
18.41622042655945 577
18.42215061187744 577
18.429471731185913 577
18.436113357543945 578
18.442035913467407 578
18.44844937324524 578
18.455341339111328 577
18.461270809173584 577
18.467870950698853 578
18.474589109420776 578
18.48631978034973 578
18.49237298965454 577
18.499138593673706 578
18.50583791732788 578
18.511913537979126 578
18.518266677856445 579
18.525157928466797 579
18.532196521759033 579
18.53863000869751 579
18.545464754104614 579
18.55145001411438 579
18.55784249305725 580
18.564093112945557 580
18.570303201675415 580
18.5766384601593 580
18.584052801132202 581
18.59037184715271 581
18.5971896648407 581
18.60311484336853 581
18.609504222869873 581
18.61615824699402 581
18.622113943099976 581
18.62949848175049 581
18.6361882686615 582
18.642157316207886 582
18.648680686950684 582
18.655567169189453 582
18.661707162857056 582
18.668156385421753 582
18.675015449523926 582
18.681783437728882 582
18.688171863555908 582
18.695070028305054 582
18.700979471206665 582
18.70764470100403 582
18.71355628967285 582
18.720118284225464 582
18.726541996002197 582
18.7336208820343 582
18.740273237228394 582
18.747104167938232 582
18.752726793289185 582
18.75941276550293 582
18.7660813331604 582
18.77217435836792 582
18.778574228286743 582
18.786271810531616 582
18.79235577583313 582
18.799031496047974 582
18.8057062625885 582
18.811667680740356 583
18.818110704421997 583
18.82721757888794 583
18.834702968597412 583
18.840526819229126 583
18.847321033477783 584
18.85320210456848 584
18.860514163970947 584
18.867358446121216 585
18.873258352279663 585
18.88596510887146 585
18.8921160697937 585
18.898607969284058 585
18.905523538589478 585
18.91163659095764 585
18.918198347091675 585
18.92514967918396 585
18.931036233901978 585
18.938260316848755 585
18.945194721221924 585
18.951281785964966 585
18.95771598815918 585
18.963597536087036 585
18.97023892402649 585
18.976627349853516 585
18.982601642608643 585
18.99201488494873 585
18.998406648635864 585
19.005293130874634 585
19.0113422870636 585
19.01775813102722 585
19.023617029190063 585
19.030240535736084 584
19.03780436515808 584
19.044076681137085 584
19.0504789352417 584
19.057289838790894 584
19.063174724578857 584
19.069753885269165 584
19.07628631591797 584
19.08223247528076 583
19.090009927749634 583
19.096624612808228 582
19.102615356445312 582
19.10931134223938 581
19.116056442260742 581
19.12205934524536 581
19.128618240356445 582
19.135528802871704 582
19.14232325553894 581
19.149040699005127 581
19.155797719955444 581
19.16170859336853 581
19.168161869049072 581
19.175058126449585 581
19.181049346923828 580
19.18849015235901 580
19.195438861846924 579
19.20142364501953 579
19.207828044891357 579
19.214035511016846 579
19.226173639297485 579
19.232186794281006 579
19.23861598968506 578
19.24617290496826 578
19.252285957336426 578
19.25873589515686 578
19.265597820281982 577
19.271589040756226 577
19.282174825668335 577
19.28931736946106 578
19.297327041625977 577
19.303226470947266 577
19.309995651245117 577
19.316465377807617 576
19.322405576705933 576
19.329039573669434 576
19.335724592208862 576
19.342451095581055 576
19.349159479141235 575
19.355807304382324 575
19.361716747283936 575
19.368258953094482 575
19.375179767608643 575
19.38106107711792 575
19.387547492980957 575
19.395219564437866 575
19.401103734970093 575
19.40763020515442 575
19.41351628303528 575
19.420036792755127 575
19.42651867866516 575
19.432600498199463 575
19.43940234184265 575
19.44731903076172 575
19.45316171646118 575
19.4595308303833 575
19.466203212738037 575
19.47217631340027 575
19.478545665740967 575
19.4854679107666 575
19.49154496192932 575
19.49873185157776 575
19.505608797073364 575
19.51157808303833 575
19.517986297607422 575
19.524590730667114 575
19.530397653579712 575
19.53720259666443 575
19.54302978515625 575
19.55051827430725 575
19.557303190231323 575
19.563124656677246 575
19.56960415840149 575
19.576200008392334 575
19.582167863845825 575
19.588555097579956 575
19.596086025238037 575
19.60204029083252 575
19.60849094390869 575
19.615389585494995 575
19.621331214904785 576
19.62778067588806 576
19.633644819259644 576
19.640241861343384 576
19.6478054523468 577
19.653648853302002 577
19.660287618637085 578
19.667362689971924 578
19.67329978942871 578
19.682422637939453 578
19.69129252433777 579
19.69863796234131 579
19.70556378364563 579
19.71174192428589 579
19.71810817718506 579
19.72470474243164 579
19.730724096298218 579
19.7374370098114 580
19.74331021308899 580
19.75067138671875 580
19.757315397262573 580
19.763084173202515 580
19.769429683685303 580
19.775989770889282 580
19.78188419342041 580
19.788336515426636 580
19.795189380645752 580
19.801927089691162 580
19.808247327804565 580
19.815159559249878 581
19.820959091186523 581
19.827662706375122 581
19.833580255508423 580
19.840186834335327 580
19.846611261367798 580
19.854549646377563 581
19.86151623725891 581
19.867943048477173 581
19.8746554851532 581
19.880491256713867 581
19.88732886314392 581
19.893174171447754 581
19.90064001083374 581
19.907515287399292 581
19.913485050201416 581
19.920028924942017 581
19.926526069641113 581
19.932552814483643 581
19.93921995162964 581
19.945961236953735 581
19.95264720916748 581
19.959424018859863 581
19.96605372428894 581
19.972106456756592 581
19.97850227355957 581
19.985422611236572 581
19.99138331413269 581
19.998204469680786 581
20.00725531578064 581
20.013224601745605 581
20.01959228515625 581
20.026243925094604 581
20.03232455253601 581
20.038989305496216 581
20.04564118385315 581
20.0523841381073 581
20.059085845947266 581
20.06577730178833 581
20.0717716217041 581
20.078120470046997 581
20.088500499725342 581
20.095390558242798 581
20.101649522781372 581
20.109181880950928 581
20.115827083587646 581
20.121780157089233 581
20.128173112869263 581
20.13509225845337 581
20.140734910964966 581
20.147594451904297 581
20.155237913131714 581
20.161139249801636 581
20.16762351989746 581
20.173518896102905 581
20.180023193359375 581
20.18646502494812 581
20.192429065704346 581
20.199090003967285 581
20.2065007686615 581
20.212664127349854 581
20.219452142715454 581
20.226088523864746 581
20.232019901275635 581
20.23841643333435 581
20.24529528617859 581
20.251267671585083 581
20.258480072021484 581
20.265352249145508 581
20.27146816253662 581
20.277859449386597 581
20.28410029411316 581
20.290382385253906 581
20.297125816345215 581
20.302724838256836 581
20.310426235198975 581
20.31723380088806 581
20.323090314865112 581
20.32975745201111 581
20.336328983306885 581
20.342318296432495 581
20.349109649658203 581
20.35578989982605 581
20.362574100494385 581
20.369302988052368 581
20.37603211402893 580
20.382020950317383 580
20.388549327850342 580
20.395438194274902 581
20.401461601257324 581
20.4087073802948 580
20.415651321411133 580
20.421653985977173 580
20.428072690963745 580
20.434645891189575 581
20.44040036201477 581
20.447327375411987 581
20.45320200920105 580
20.460676670074463 580
20.46744728088379 580
20.473291635513306 580
20.479881286621094 581
20.49034023284912 581
20.497276067733765 581
20.503182888031006 580
20.51109743118286 580
20.5176362991333 580
20.52349543571472 580
20.529959440231323 580
20.536378860473633 581
20.542274236679077 581
20.548747062683105 581
20.555643320083618 580
20.562462329864502 580
20.56927227973938 580
20.575822830200195 580
20.581703424453735 581
20.58803963661194 581
20.594659090042114 580
20.60052800178528 580
20.607434511184692 580
20.615071058273315 580
20.62069344520569 580
20.627448320388794 580
20.633298873901367 581
20.63958716392517 581
20.64622187614441 580
20.657490491867065 579
20.66518545150757 579
20.6711163520813 579
20.677592754364014 579
20.683493614196777 579
20.690265655517578 579
20.696600437164307 580
20.70255398750305 580
20.709166288375854 580
20.716553926467896 579
20.722473621368408 579
20.72918462753296 580
20.73582887649536 580
20.741944551467896 580
20.74842643737793 580
20.75524139404297 580
20.76106882095337 580
20.768282413482666 580
20.775118112564087 580
20.780733823776245 580
20.787419319152832 580
20.793235778808594 580
20.799541473388672 580
20.806110858917236 580
20.81208086013794 580
20.819398164749146 580
20.82597589492798 580
20.831902027130127 580
20.838231325149536 580
20.845093250274658 580
20.850688457489014 580
20.857394456863403 580
20.865572214126587 580
20.87173342704773 580
20.878098726272583 580
20.88819694519043 580
20.89510226249695 580
20.901025533676147 580
20.907573461532593 580
20.91340970993042 580
20.921109437942505 580
20.927711248397827 580
20.933547973632812 580
20.939982414245605 580
20.946376085281372 580
20.952316522598267 580
20.9586923122406 580
20.965511798858643 580
20.972185134887695 580
20.978551626205444 580
20.985357522964478 580
20.991400241851807 580
20.997841596603394 580
21.003653049468994 580
21.011945486068726 580
21.019216299057007 580
21.025833129882812 580
21.031699419021606 580
21.03805947303772 580
21.04460859298706 580
21.05055570602417 580
21.057271242141724 580
21.063037872314453 580
21.070416688919067 580
21.077112197875977 580
21.082631587982178 580
21.0892391204834 580
21.09581971168518 580
21.101818084716797 580
21.108230590820312 580
21.115062952041626 580
21.12182641029358 580
21.128281831741333 580
21.135103464126587 580
21.140735626220703 580
21.147396326065063 580
21.153196096420288 580
21.15948796272278 580
21.166062831878662 580
21.17322015762329 580
21.179523229599 580
21.186134576797485 580
21.19203233718872 580
21.198349714279175 580
21.20519208908081 580
21.210970878601074 580
21.217459201812744 580
21.226205110549927 580
21.232255935668945 580
21.238609790802002 580
21.245452165603638 580
21.251377820968628 580
21.257819652557373 580
21.26363253593445 580
21.27020764350891 580
21.277690172195435 580
21.283568620681763 580
21.294554948806763 580
21.300416946411133 580
21.307222604751587 580
21.31273317337036 580
21.31945514678955 580
21.327216863632202 580
21.33465838432312 580
21.340420484542847 580
21.347238540649414 580
21.353041648864746 580
21.35935354232788 580
21.365936994552612 580
21.37184476852417 580
21.37923312187195 580
21.385827779769897 580
21.391852378845215 580
21.398202180862427 580
21.405028104782104 580
21.410985231399536 580
21.417445182800293 580
21.42468762397766 580
21.430463552474976 580
21.4371817111969 580
21.44271230697632 580
21.449374437332153 580
21.455947637557983 580
21.461843252182007 580
21.468260526657104 580
21.475818872451782 580
21.481763124465942 580
21.48808765411377 580
21.49465250968933 580
21.500404596328735 580
21.507113695144653 580
21.512670516967773 580
21.51939630508423 580
21.527210474014282 580
21.5327410697937 580
21.539325952529907 580
21.54595947265625 580
21.551849365234375 580
21.558218002319336 580
21.565062284469604 580
21.570679187774658 580
21.57815384864807 580
21.584723949432373 580
21.59069061279297 580
21.597331285476685 580
21.603128671646118 580
21.609473943710327 580
