00
0.013911247253417969 0
0.027944087982177734 0
0.03690743446350098 1
0.044937849044799805 4
0.05750894546508789 8
0.06625723838806152 11
0.07420468330383301 14
0.0810081958770752 19
0.09029698371887207 24
0.09935355186462402 27
0.10524988174438477 34
0.11397838592529297 39
0.12162446975708008 45
0.13028407096862793 51
0.13959145545959473 55
0.1462411880493164 63
0.1542491912841797 69
0.16188263893127441 74
0.17127704620361328 82
0.17897582054138184 87
0.18619728088378906 94
0.19204449653625488 102
0.20168828964233398 109
0.21030235290527344 114
0.21741223335266113 120
0.22570204734802246 129
0.23433732986450195 134
0.24100494384765625 141
0.24961209297180176 150
0.2587730884552002 155
0.26621198654174805 162
0.27207255363464355 168
0.27931880950927734 176
0.28774070739746094 182
0.2937009334564209 187
0.30007266998291016 194
0.309206485748291 200
0.3150923252105713 207
0.32163190841674805 212
0.3292365074157715 221
0.3379547595977783 226
0.3440406322479248 232
0.3506941795349121 239
0.3580474853515625 244
0.36407995223999023 252
0.3716604709625244 259
0.3800532817840576 264
0.386915922164917 270
0.39273738861083984 275
0.39936017990112305 280
0.4052610397338867 288
0.4119737148284912 293
0.4183504581451416 298
0.4257926940917969 306
0.43202996253967285 311
0.4388082027435303 316
0.4443855285644531 328
0.45671868324279785 333
0.46291089057922363 338
0.4694652557373047 344
0.47707176208496094 351
0.48317956924438477 358
0.48958897590637207 362
0.49620771408081055 369
0.5021622180938721 374
0.5089445114135742 380
0.5147609710693359 386
0.5212228298187256 392
0.5288734436035156 398
0.5347490310668945 404
0.5412509441375732 410
0.547832727432251 416
0.5538158416748047 422
0.5601742267608643 427
0.567072868347168 432
0.573030948638916 440
0.5803091526031494 445
0.587134599685669 450
0.593052864074707 456
0.5994305610656738 461
0.6052424907684326 468
0.6119000911712646 474
0.6182544231414795 480
0.6241934299468994 487
0.6319091320037842 492
0.63822340965271 498
0.6443033218383789 503
0.6509630680084229 510
0.6576309204101562 516
0.6635425090789795 521
0.670060396194458 527
0.6769585609436035 534
0.683600902557373 539
0.6899943351745605 544
0.6969337463378906 548
0.7030556201934814 552
0.709489107131958 556
0.7157533168792725 561
0.721970796585083 564
0.728355884552002 567
0.7363247871398926 569
0.7421438694000244 570
0.7489690780639648 572
0.7548375129699707 573
0.7614011764526367 574
0.7680177688598633 575
0.7740311622619629 576
0.7816064357757568 576
0.7880878448486328 576
0.7940196990966797 577
0.8008708953857422 578
0.8076229095458984 578
0.8136107921600342 578
0.820122241973877 579
0.8269903659820557 579
0.8336868286132812 580
0.8400607109069824 580
0.8469498157501221 579
0.85758376121521 579
0.8636808395385742 578
0.8701555728912354 579
0.8770475387573242 579
0.8841943740844727 580
0.8908741474151611 580
0.897557258605957 580
0.9035077095031738 580
0.9098851680755615 580
0.9167654514312744 580
0.9226055145263672 580
0.929229736328125 580
0.9369323253631592 580
0.9429891109466553 580
0.9493486881256104 581
0.955223798751831 581
0.9626719951629639 581
0.969998836517334 581
0.9768638610839844 581
0.9827046394348145 581
0.990009069442749 581
0.9968845844268799 581
1.0029644966125488 581
1.0093491077423096 581
1.0152218341827393 581
1.0218443870544434 581
1.0282142162322998 581
1.035252332687378 581
1.0418658256530762 581
1.048210859298706 581
1.0541932582855225 582
1.061016321182251 582
1.067683219909668 581
1.073632001876831 581
1.0800118446350098 581
1.0876612663269043 582
1.0935752391815186 582
1.100013017654419 582
1.1068754196166992 581
1.1127543449401855 581
1.1193840503692627 581
1.1252963542938232 582
1.1318697929382324 582
1.1394517421722412 582
1.145312786102295 581
1.1519043445587158 581
1.1588404178619385 581
1.1646959781646729 581
1.1710789203643799 581
1.1776938438415527 581
1.1837482452392578 581
1.191396951675415 582
1.1978988647460938 582
1.204002857208252 582
1.2106361389160156 581
1.2173175811767578 581
1.2233366966247559 581
1.229743242263794 582
1.2363405227661133 582
1.2435071468353271 582
1.249894380569458 581
1.261918544769287 581
1.2688989639282227 581
1.2747507095336914 581
1.281224012374878 581
1.2878267765045166 581
1.294889211654663 581
1.3015720844268799 581
1.3080267906188965 580
1.313976764678955 580
1.3207671642303467 581
1.3274376392364502 581
1.3334641456604004 581
1.3409063816070557 581
1.3475992679595947 581
1.3535420894622803 581
1.3600881099700928 581
1.3669376373291016 582
1.3728017807006836 582
1.3793370723724365 582
1.3852667808532715 581
1.3931138515472412 581
1.3995161056518555 582
1.4057528972625732 582
1.41202712059021 582
1.4189629554748535 582
1.4248323440551758 581
1.4311659336090088 581
1.437837839126587 581
1.4448847770690918 582
1.4514374732971191 582
1.4579665660858154 582
1.4639484882354736 582
1.470353126525879 581
1.4772257804870605 581
1.4833698272705078 581
1.4897730350494385 581
1.4974558353424072 582
1.5034754276275635 582
1.509882926940918 582
1.5168178081512451 582
1.522660255432129 581
1.5292093753814697 581
1.5350823402404785 582
1.5416758060455322 582
1.5495171546936035 582
1.5558130741119385 581
1.5620343685150146 581
1.5688345432281494 581
1.5746967792510986 582
1.5811622142791748 582
1.587890386581421 582
1.5948429107666016 581
1.6012911796569824 581
1.6079351902008057 581
1.613980770111084 582
1.6203765869140625 582
1.6272985935211182 582
1.6333067417144775 582
1.6397440433502197 581
1.6474721431732178 581
1.6580753326416016 581
1.6649260520935059 582
1.6716182231903076 582
1.678072214126587 582
1.6841750144958496 582
1.6907992362976074 582
1.698274850845337 582
1.704228401184082 581
1.711073637008667 581
1.7177016735076904 582
1.7237558364868164 582
1.7301685810089111 582
1.737088680267334 582
1.7430391311645508 581
1.7502713203430176 581
1.757133960723877 581
1.7630970478057861 582
1.7695412635803223 582
1.776193380355835 582
1.7822027206420898 581
1.7889752388000488 581
1.7948737144470215 581
1.8021538257598877 581
1.8089268207550049 582
1.8147830963134766 582
1.8212144374847412 582
1.82783842086792 582
1.8337740898132324 581
1.8402650356292725 581
1.8479139804840088 581
1.8539912700653076 581
1.860353946685791 582
1.867222547531128 582
1.8732390403747559 582
1.8796603679656982 582
1.8862855434417725 581
1.8921196460723877 581
1.899956226348877 581
1.906813144683838 582
1.91263747215271 582
1.9192333221435547 582
1.9251320362091064 581
1.9350602626800537 582
1.9468157291412354 582
1.9535231590270996 583
1.9600870609283447 583
1.9669888019561768 583
1.9741613864898682 582
1.9811534881591797 582
1.9878430366516113 582
1.9939007759094238 582
2.0015528202056885 582
2.0097193717956543 582
2.0166475772857666 582
2.0226473808288574 582
2.0291688442230225 581
2.0350887775421143 581
2.04162859916687 582
2.048064947128296 582
2.0595591068267822 582
2.0662198066711426 581
2.0723299980163574 581
2.0792901515960693 581
2.085221767425537 581
2.091688871383667 581
2.0981647968292236 580
2.1057305335998535 580
2.111941337585449 581
2.118781089782715 581
2.1246790885925293 581
2.131146192550659 582
2.137843608856201 581
2.14400577545166 581
2.150689125061035 581
2.1581027507781982 581
2.164032459259033 582
2.1706783771514893 582
2.1774024963378906 582
2.1833627223968506 581
2.1897664070129395 581
2.19667387008667 581
2.2038705348968506 582
2.2109456062316895 582
2.2176308631896973 582
2.223623037338257 582
2.2302467823028564 581
2.237182855606079 581
2.243150472640991 582
2.2495486736297607 582
2.257265090942383 582
2.2640907764434814 581
2.270737409591675 581
2.2774481773376465 581
2.283374547958374 582
2.2897450923919678 582
2.296675682067871 582
2.3023650646209717 581
2.309824228286743 581
2.316751480102539 581
2.32270884513855 581
2.3291807174682617 582
2.335063934326172 582
2.3416218757629395 582
2.3480639457702637 581
2.353997230529785 581
2.3616788387298584 581
2.3681814670562744 581
2.374103546142578 582
2.3809049129486084 582
2.3876123428344727 582
2.3935704231262207 581
2.3999533653259277 581
2.4076108932495117 581
2.4136178493499756 581
2.4199516773223877 582
2.426914691925049 582
2.4329311847686768 582
2.439441680908203 581
2.445310354232788 581
2.451908826828003 582
2.4637675285339355 582
