0 0 0
0.007986 0 -3
0.014443 0 -3
0.021182 -1 -7
0.028399 -1 -7
0.035134 -1 -16
0.042556 -2 -44
0.048130 -3 -71
0.058464 -3 -91
0.064941 -4 -69
0.071877 -5 -85
0.077223 -6 -108
0.083884 -6 -115
0.091378 -7 -123
0.097057 -8 -128
0.103466 -9 -130
0.110107 -10 -137
0.115489 -11 -139
0.122256 -11 -142
0.127771 -13 -145
0.134050 -13 -148
0.141400 -15 -148
0.147095 -15 -152
0.153494 -17 -153
0.160068 -17 -155
0.165740 -19 -155
0.172272 -19 -155
0.177764 -21 -156
0.184014 -21 -157
0.190503 -23 -159
0.196995 -23 -158
0.203271 -24 -159
0.209815 -25 -160
0.215421 -27 -158
0.222166 -27 -160
0.227740 -29 -160
0.234174 -29 -160
0.240746 -31 -161
0.247229 -31 -161
0.253455 -32 -161
0.260062 -33 -161
0.265459 -35 -161
0.272363 -35 -161
0.277919 -37 -163
0.284192 -37 -165
0.290762 -39 -164
0.297304 -39 -165
0.303807 -41 -165
0.310141 -41 -164
0.315814 -43 -164
0.322292 -43 -164
0.327832 -45 -164
0.334209 -46 -165
0.340772 -47 -166
0.347271 -48 -165
0.353752 -49 -164
0.360116 -50 -165
0.365953 -51 -164
0.372497 -52 -163
0.378033 -53 -164
0.384306 -54 -163
0.390997 -55 -164
0.397372 -56 -163
0.403876 -57 -162
0.410378 -58 -162
0.415870 -59 -162
0.422352 -60 -163
0.427942 -61 -164
0.434200 -62 -164
0.440747 -63 -163
0.447251 -65 -162
0.457842 -66 -162
0.464302 -67 -163
0.471008 -68 -163
0.476688 -69 -164
0.483066 -70 -163
0.488986 -71 -162
0.496273 -73 -163
0.502644 -73 -162
0.508170 -74 -163
0.514600 -75 -165
0.521138 -76 -163
0.526870 -77 -165
0.533111 -78 -163
0.539421 -79 -163
0.545086 -81 -165
0.552630 -81 -162
0.558197 -83 -165
0.564443 -83 -164
0.571200 -85 -165
0.576885 -85 -164
0.583114 -87 -165
0.589406 -87 -165
0.594985 -89 -164
0.602558 -90 -166
0.608146 -91 -165
0.614382 -92 -166
0.621092 -93 -165
0.626804 -94 -163
0.633240 -95 -163
0.639770 -96 -162
0.645219 -97 -163
0.652719 -98 -164
0.658311 -99 -163
0.664549 -100 -162
0.671108 -101 -162
0.676843 -102 -162
0.683091 -103 -162
0.689391 -104 -162
0.695234 -105 -162
0.702712 -106 -162
0.708220 -107 -163
0.714478 -109 -162
0.722089 -109 -162
0.727391 -111 -162
0.733849 -111 -163
0.740184 -112 -164
0.745930 -113 -164
0.753176 -115 -165
0.759764 -115 -162
0.765169 -116 -164
0.771821 -117 -163
0.777210 -118 -164
0.783439 -119 -165
0.790022 -120 -165
0.795472 -121 -165
0.802951 -123 -164
0.808489 -123 -163
0.815141 -125 -162
0.821484 -125 -163
0.827246 -127 -163
0.833764 -127 -165
0.840129 -129 -165
0.845800 -130 -164
0.853083 -131 -163
0.863357 -133 -163
0.869922 -133 -163
0.875860 -135 -163
0.882584 -136 -164
0.888155 -137 -164
0.894420 -138 -164
0.901082 -139 -164
0.907490 -140 -163
0.914011 -141 -164
0.920557 -142 -163
0.926080 -143 -163
0.932672 -144 -163
0.938182 -145 -164
0.944448 -146 -161
0.951015 -147 -161
0.957499 -148 -161
0.963995 -149 -162
0.970526 -150 -163
0.976069 -151 -163
0.982524 -152 -164
0.988058 -153 -162
0.994445 -154 -162
1.001014 -155 -162
1.007738 -156 -163
1.014170 -157 -166
1.020716 -158 -165
1.026306 -159 -166
1.032648 -160 -166
1.038145 -161 -164
1.044379 -162 -165
1.051046 -163 -163
1.057774 -165 -164
1.064031 -165 -165
1.070554 -167 -165
1.076074 -167 -165
1.082532 -169 -163
1.088143 -169 -164
1.094371 -171 -162
1.100889 -171 -163
1.107351 -173 -163
1.113989 -173 -164
1.120546 -175 -163
1.126088 -176 -162
1.132510 -177 -162
1.138038 -178 -162
1.144451 -179 -162
1.151016 -179 -163
1.157496 -181 -162
1.164019 -181 -163
1.170661 -183 -163
1.176193 -184 -163
1.182576 -185 -163
1.188139 -186 -162
1.194370 -187 -163
1.200901 -188 -163
1.207328 -189 -164
1.213831 -190 -164
1.220162 -191 -164
1.225811 -192 -163
1.232502 -193 -163
1.238040 -194 -162
1.244271 -195 -165
1.250767 -196 -163
1.261880 -197 -164
1.267264 -199 -164
1.274036 -199 -164
1.280769 -201 -163
1.286412 -202 -163
1.292944 -203 -164
1.298462 -204 -164
1.304669 -205 -166
1.312331 -206 -166
1.317911 -207 -163
1.324151 -208 -162
1.330680 -209 -162
1.336271 -210 -166
1.342663 -211 -166
1.348155 -212 -165
1.354519 -213 -163
1.362122 -214 -162
1.367398 -215 -162
1.373889 -216 -161
1.380181 -217 -163
1.385819 -218 -163
1.392276 -219 -161
1.397778 -220 -162
1.404188 -221 -161
1.412700 -223 -162
1.418241 -223 -161
1.424507 -225 -162
1.431081 -225 -163
1.436740 -226 -163
1.442983 -227 -164
1.448860 -228 -162
1.454753 -229 -163
1.462441 -231 -162
1.467998 -231 -163
1.474427 -233 -166
1.481019 -233 -165
1.486738 -235 -166
1.492940 -235 -164
1.498469 -237 -162
1.504644 -237 -165
1.511181 -239 -163
1.517861 -240 -165
1.524099 -241 -165
1.530841 -242 -164
1.536409 -243 -165
1.542737 -244 -163
1.548291 -245 -163
1.554477 -246 -162
1.561016 -247 -162
1.567496 -248 -164
1.573996 -249 -164
1.580499 -250 -165
1.585916 -251 -164
1.592525 -252 -163
1.598036 -253 -163
1.604298 -254 -161
1.610822 -255 -164
1.617350 -256 -164
1.623821 -257 -163
1.630161 -258 -164
1.635804 -259 -163
1.642566 -260 -162
1.648126 -261 -162
1.654506 -263 -163
1.665904 -264 -163
1.672562 -265 -164
1.678125 -266 -162
1.698463 -269 -162
1.704704 -270 -164
1.711449 -271 -163
1.719908 -273 -163
1.725353 -274 -163
1.732097 -275 -163
1.737398 -276 -162
1.743903 -277 -164
1.750390 -277 -164
1.755899 -279 -164
1.762416 -280 -165
1.769794 -281 -164
1.775426 -282 -165
1.782148 -283 -165
1.787450 -284 -163
1.794081 -285 -165
1.800634 -286 -164
1.806269 -287 -165
1.812632 -288 -165
1.820032 -289 -163
1.825458 -290 -163
1.832394 -291 -162
1.837937 -292 -161
1.844199 -293 -162
1.850759 -294 -162
1.856415 -295 -162
1.862755 -296 -161
1.870120 -297 -162
1.875732 -299 -161
1.882247 -299 -162
1.887777 -301 -163
1.894203 -301 -163
1.900746 -302 -164
1.906364 -303 -162
1.912677 -304 -162
1.919895 -305 -162
1.925727 -307 -163
1.932240 -307 -164
1.937757 -309 -164
1.944062 -309 -165
1.950779 -311 -163
1.956396 -311 -162
1.962732 -313 -163
1.970009 -313 -163
1.975476 -315 -163
1.982198 -315 -165
1.987467 -317 -162
1.993995 -317 -163
2.000554 -319 -163
2.006091 -320 -164
2.012665 -321 -164
2.018178 -322 -164
2.025422 -323 -165
2.032195 -324 -164
2.037498 -325 -165
2.043999 -325 -164
2.050680 -327 -162
2.056181 -328 -162
2.066324 -330 -163
2.073897 -331 -166
2.080556 -332 -163
2.086126 -333 -165
2.092667 -334 -163
2.098197 -335 -162
2.104435 -336 -162
2.110997 -337 -161
2.116691 -338 -163
2.124007 -339 -162
2.130681 -340 -162
2.136184 -341 -160
2.142571 -342 -161
2.148128 -343 -161
2.154374 -344 -161
2.160894 -345 -161
2.166449 -346 -162
2.173800 -347 -162
2.180148 -348 -163
2.186060 -349 -162
2.192631 -350 -164
2.198255 -351 -163
2.204537 -352 -164
2.211103 -353 -165
2.216780 -354 -166
2.223985 -355 -164
2.230598 -356 -164
2.236142 -357 -165
2.242522 -358 -163
2.248056 -359 -165
2.254435 -360 -165
2.261029 -361 -164
2.266717 -362 -164
2.272942 -363 -162
2.280381 -364 -162
2.285875 -365 -161
2.292336 -366 -162
2.297875 -367 -164
2.304150 -368 -164
2.310867 -369 -163
2.316524 -371 -163
2.322858 -371 -161
2.330463 -373 -162
2.335892 -374 -163
2.342414 -375 -163
2.347983 -376 -164
2.354213 -377 -163
2.360762 -377 -164
2.366363 -379 -162
2.372913 -379 -162
2.380406 -381 -163
2.385870 -382 -162
2.392331 -383 -164
2.397878 -384 -163
2.404168 -385 -163
2.410743 -386 -162
2.416318 -387 -161
2.422633 -388 -161
2.429976 -389 -162
2.435815 -390 -164
2.442437 -391 -164
2.447971 -392 -165
2.454199 -393 -162
2.463202 -395 -164
2.471191 -395 -163
2.477818 -397 -162
2.484233 -398 -164
2.491043 -399 -164
2.496742 -400 -166
2.502978 -401 -165
2.508872 -402 -163
2.514725 -403 -164
2.521274 -404 -164
2.526964 -405 -164
2.534231 -406 -164
2.540776 -407 -164
2.546413 -408 -163
2.552904 -409 -161
2.558433 -410 -162
2.564658 -411 -162
2.571401 -412 -161
2.577096 -413 -163
2.584359 -414 -163
2.590865 -415 -163
2.596426 -416 -161
2.602767 -417 -161
2.608290 -418 -161
2.614743 -419 -162
2.621277 -420 -164
2.626939 -421 -163
2.634117 -422 -164
2.640684 -423 -164
2.646271 -424 -161
2.652583 -425 -163
2.658174 -426 -162
2.664394 -427 -163
2.671062 -428 -165
2.676723 -429 -164
2.683923 -430 -165
2.690433 -431 -163
2.695865 -433 -162
2.702527 -433 -164
2.708050 -435 -162
2.714264 -435 -163
2.721496 -437 -164
2.727132 -438 -164
2.734623 -439 -164
2.741180 -440 -165
2.746884 -441 -163
2.753122 -442 -163
2.759417 -443 -163
2.764997 -444 -163
2.771439 -445 -165
2.777165 -446 -164
2.784371 -447 -162
2.791028 -448 -163
2.796744 -449 -163
2.802986 -450 -164
2.808494 -451 -163
2.814734 -452 -165
2.821275 -453 -164
2.827006 -454 -162
2.834502 -455 -162
2.841114 -456 -162
2.846837 -457 -162
2.853244 -458 -163
2.859825 -460 -162
2.870053 -461 -162
2.875843 -462 -162
2.882511 -463 -160
2.889914 -464 -162
2.895473 -465 -162
2.902194 -466 -163
2.907504 -467 -162
2.914158 -468 -164
2.920749 -469 -164
2.926318 -470 -164
2.932638 -471 -164
2.940093 -472 -165
2.945731 -473 -166
2.952227 -474 -165
2.957751 -475 -165
2.964186 -477 -165
2.970895 -477 -163
2.976554 -479 -164
2.982908 -479 -164
2.990504 -481 -164
2.995937 -482 -164
