0 0 0
0.007491 0 0
0.014209 -1 -2
0.020928 -1 -7
0.028181 -3 -13
0.034670 -4 -84
0.041261 -5 -174
0.046999 -6 -159
0.053272 -8 -209
0.059563 -9 -245
0.065150 -11 -269
0.071588 -13 -288
0.078377 -15 -302
0.084609 -17 -318
0.091385 -20 -332
0.097076 -22 -343
0.103400 -24 -353
0.109956 -26 -363
0.115402 -29 -374
0.122150 -32 -382
0.128503 -34 -390
0.134768 -37 -396
0.141344 -39 -401
0.147022 -41 -406
0.153451 -44 -410
0.160077 -47 -415
0.165504 -50 -419
0.172330 -53 -424
0.179101 -55 -428
0.185048 -57 -431
0.191540 -60 -432
0.197226 -63 -435
0.203467 -65 -434
0.210053 -68 -435
0.215907 -71 -434
0.222611 -74 -435
0.229994 -77 -437
0.235473 -80 -441
0.242194 -82 -441
0.247514 -86 -444
0.253986 -87 -446
0.260298 -90 -444
0.265934 -94 -447
0.275405 -99 -447
0.283967 -101 -449
0.290320 -105 -450
0.296295 -107 -448
0.302870 -110 -449
0.308424 -113 -447
0.314651 -115 -445
0.321209 -118 -445
0.326931 -121 -445
0.334343 -124 -449
0.340909 -127 -447
0.346510 -129 -451
0.352993 -133 -452
0.358552 -135 -451
0.364790 -138 -452
0.371364 -141 -451
0.377076 -144 -450
0.384228 -147 -450
0.390994 -149 -450
0.396571 -152 -450
0.402921 -155 -450
0.408441 -157 -449
0.414709 -160 -449
0.421361 -163 -448
0.427063 -167 -448
0.434327 -169 -449
0.440882 -172 -452
0.446544 -175 -452
0.453050 -177 -455
0.458602 -180 -455
0.464818 -183 -454
0.471385 -185 -451
0.477132 -189 -448
0.484576 -192 -449
0.491147 -195 -448
0.496847 -197 -449
0.503099 -200 -449
0.509040 -203 -449
0.515251 -205 -449
0.521871 -208 -451
0.527331 -212 -449
0.534615 -215 -452
0.541194 -217 -451
0.546876 -220 -452
0.553114 -223 -453
0.559088 -225 -453
0.565045 -228 -453
0.571998 -231 -451
0.577391 -234 -449
0.584664 -237 -448
0.591287 -239 -448
0.597007 -242 -448
0.603287 -245 -450
0.609551 -248 -449
0.615389 -251 -452
0.622149 -253 -454
0.627473 -257 -453
0.635073 -259 -452
0.641523 -262 -451
0.647227 -265 -452
0.653477 -268 -451
0.660053 -271 -451
0.665500 -274 -451
0.672301 -279 -450
0.682696 -281 -450
0.690038 -284 -448
0.696004 -287 -448
0.702683 -290 -449
0.708265 -293 -449
0.714510 -296 -454
0.721033 -299 -455
0.726622 -301 -454
0.732986 -304 -453
0.740282 -307 -451
0.746198 -310 -450
0.752790 -313 -449
0.758346 -315 -448
0.764594 -318 -450
0.771153 -321 -450
0.776849 -325 -450
0.784017 -327 -451
0.791417 -330 -449
0.797107 -333 -450
0.803381 -335 -450
0.809925 -338 -451
0.815537 -342 -452
0.822290 -343 -454
0.827595 -347 -454
0.834070 -350 -455
0.841366 -353 -452
0.847062 -355 -449
0.853333 -358 -448
0.859858 -361 -447
0.865308 -363 -448
0.872311 -366 -448
0.877619 -370 -451
0.884122 -373 -451
0.891471 -375 -451
0.897161 -378 -453
0.903443 -381 -452
0.910006 -383 -452
0.915461 -387 -451
0.922168 -389 -451
0.927496 -392 -451
0.934195 -395 -451
0.941522 -398 -451
0.947228 -400 -450
0.953492 -403 -447
0.960106 -406 -448
0.965540 -409 -448
0.972279 -411 -448
0.977592 -415 -449
0.984102 -417 -454
0.991627 -420 -452
0.997385 -424 -453
1.004011 -426 -452
1.010571 -429 -451
1.016008 -432 -451
1.022515 -435 -449
1.028068 -437 -448
1.034328 -440 -450
1.041625 -443 -449
1.047412 -447 -450
1.054019 -448 -451
1.060571 -452 -449
1.066005 -455 -450
1.072490 -459 -450
1.082585 -462 -452
1.088137 -465 -452
1.095409 -467 -454
1.102354 -470 -455
1.107871 -473 -451
1.114308 -476 -450
1.120894 -479 -449
1.126485 -481 -447
1.132983 -484 -448
1.138503 -487 -449
1.145616 -491 -451
1.152359 -493 -450
1.157865 -496 -451
1.164142 -498 -451
1.170857 -501 -451
1.176433 -504 -450
1.182809 -507 -452
1.188320 -509 -450
1.195626 -513 -452
1.202390 -515 -451
1.207910 -519 -451
1.214157 -521 -450
1.220765 -524 -448
1.226319 -527 -446
1.232869 -529 -447
1.238423 -532 -447
1.245535 -536 -450
1.252301 -537 -451
1.257591 -541 -453
1.264267 -544 -452
1.270814 -547 -452
1.276501 -549 -450
1.282817 -552 -452
1.288342 -555 -449
1.295998 -558 -452
1.302473 -561 -452
1.308083 -564 -450
1.314329 -566 -450
1.320870 -569 -451
1.326462 -572 -447
1.332830 -575 -448
1.338386 -577 -447
1.345862 -581 -450
1.352530 -583 -451
1.358104 -586 -454
1.364372 -589 -456
1.370908 -591 -454
1.376508 -594 -451
1.382831 -597 -451
1.388338 -600 -449
1.395998 -603 -449
1.402491 -605 -450
1.408050 -609 -450
1.415406 -611 -451
1.422056 -614 -450
1.427436 -617 -449
1.433878 -619 -451
1.440240 -622 -450
1.446921 -626 -452
1.453155 -629 -453
1.459015 -631 -453
1.464869 -634 -453
1.471575 -638 -451
1.482341 -641 -451
1.487892 -645 -449
1.494304 -647 -447
1.502190 -650 -447
1.507503 -654 -446
1.513968 -655 -449
1.520311 -659 -451
1.526205 -662 -451
1.532805 -665 -454
1.538328 -667 -451
1.544566 -671 -453
1.552373 -673 -452
1.557937 -677 -452
1.564182 -678 -452
1.570742 -682 -450
1.576294 -685 -450
1.582907 -687 -450
1.588502 -690 -447
1.594900 -693 -447
1.602561 -696 -449
1.608130 -699 -447
1.614505 -701 -451
1.621059 -705 -452
1.626652 -707 -454
1.632978 -710 -456
1.638492 -713 -454
1.644716 -716 -451
1.652584 -719 -452
1.658135 -721 -449
1.664357 -724 -450
1.670911 -727 -448
1.676545 -730 -449
1.696248 -739 -449
1.703597 -741 -450
1.710169 -745 -449
1.716019 -748 -451
1.722521 -751 -451
1.728161 -753 -454
1.734409 -756 -455
1.740930 -759 -454
1.746543 -761 -452
1.753597 -764 -449
1.760204 -767 -449
1.765637 -770 -448
1.772537 -773 -450
1.783358 -779 -451
1.792980 -782 -450
1.802860 -787 -450
1.811468 -790 -451
1.817207 -795 -453
1.827160 -797 -451
1.833605 -800 -452
1.840205 -803 -452
1.848108 -807 -452
1.855452 -810 -448
1.862363 -813 -447
1.870973 -817 -447
1.881133 -821 -450
1.886910 -824 -451
1.895620 -829 -452
1.903295 -831 -453
1.909936 -834 -451
1.915555 -839 -452
1.924152 -841 -449
1.930775 -844 -451
1.936312 -847 -450
1.943580 -849 -450
1.951408 -854 -449
1.960081 -857 -450
1.965525 -861 -447
1.974833 -865 -448
1.983273 -869 -450
1.991534 -872 -452
2.000151 -875 -453
2.009512 -879 -455
2.015427 -883 -451
2.023015 -886 -449
2.032914 -890 -449
2.038460 -894 -449
2.046613 -897 -450
2.052936 -901 -449
2.062200 -903 -451
2.067507 -907 -450
2.076461 -910 -450
2.082837 -913 -451
2.088395 -915 -450
2.094683 -919 -455
2.103479 -923 -453
2.113048 -926 -453
2.118582 -929 -450
2.124802 -933 -448
2.133561 -935 -447
2.140178 -938 -446
2.145621 -943 -448
2.158296 -947 -452
2.167064 -951 -451
2.173612 -953 -451
2.180201 -957 -451
2.196084 -964 -453
2.202667 -967 -452
2.210081 -969 -451
2.221008 -975 -451
2.226575 -977 -449
2.233079 -981 -447
2.242196 -985 -448
2.250907 -989 -450
2.256552 -992 -451
2.266019 -996 -454
2.275990 -1001 -455
2.288365 -1005 -450
2.294796 -1008 -451
2.303021 -1012 -448
2.311497 -1017 -450
2.320123 -1019 -450
2.325560 -1023 -450
2.332341 -1025 -449
2.342599 -1030 -449
2.348179 -1033 -450
2.354434 -1036 -451
2.363039 -1039 -454
2.370823 -1043 -454
2.376467 -1045 -452
2.383193 -1048 -454
2.389499 -1051 -450
2.395075 -1053 -450
2.401521 -1056 -448
2.407218 -1059 -447
2.414521 -1063 -450
2.422965 -1066 -449
2.428514 -1069 -451
2.435048 -1071 -451
2.441498 -1074 -450
2.447206 -1077 -450
2.453487 -1079 -450
2.460091 -1083 -453
2.466831 -1086 -451
2.473143 -1089 -452
2.479038 -1091 -453
2.484907 -1094 -452
2.491635 -1097 -450
2.497325 -1099 -449
2.503602 -1102 -447
2.510196 -1106 -447
2.516904 -1109 -448
2.523134 -1111 -450
2.529082 -1114 -454
2.535017 -1117 -453
2.541431 -1119 -451
2.547112 -1122 -453
2.553534 -1125 -452
2.562170 -1129 -451
2.568491 -1132 -451
2.574740 -1135 -452
2.581310 -1137 -451
2.587041 -1140 -450
2.593306 -1143 -450
2.599623 -1145 -450
2.605262 -1148 -448
2.612142 -1152 -448
2.618568 -1155 -448
2.624791 -1157 -451
2.631383 -1160 -453
2.637058 -1163 -454
2.643297 -1165 -454
2.649625 -1168 -454
2.655307 -1171 -451
2.661872 -1173 -451
2.668394 -1177 -447
2.674830 -1180 -449
2.684363 -1184 -449
2.692299 -1187 -450
2.697602 -1191 -451
2.704296 -1193 -448
2.710986 -1196 -449
2.717366 -1199 -449
2.723626 -1201 -450
2.730215 -1205 -454
2.736008 -1208 -451
2.742513 -1211 -455
2.748099 -1213 -455
2.754325 -1216 -453
2.760907 -1219 -451
2.766538 -1221 -448
2.773879 -1225 -447
2.781100 -1227 -448
2.786787 -1230 -447
2.793190 -1233 -449
2.799498 -1235 -451
2.805065 -1238 -451
2.811540 -1241 -453
2.817240 -1245 -452
2.824579 -1247 -452
2.831165 -1250 -450
2.836859 -1253 -451
2.843100 -1255 -452
2.849024 -1258 -451
2.855241 -1261 -451
2.861603 -1263 -451
2.867265 -1267 -446
2.874626 -1270 -446
2.881177 -1273 -447
2.886901 -1275 -448
2.893166 -1278 -450
2.899099 -1281 -452
2.905079 -1283 -452
2.911990 -1286 -453
2.917387 -1290 -452
2.924703 -1293 -452
2.931278 -1295 -451
2.936987 -1298 -449
2.943282 -1301 -449
2.949578 -1303 -449
2.955423 -1307 -449
2.962186 -1309 -450
2.967512 -1312 -449
2.975067 -1315 -450
2.981497 -1317 -449
2.987202 -1320 -449
2.993491 -1323 -451
