0 0 0
0.008309 0 0
0.016301 0 -8
0.021985 -1 -92
0.029459 -3 -43
0.036200 -4 -169
0.044149 -6 -147
0.049702 -8 -229
0.056144 -10 -270
0.061703 -12 -282
0.067979 -14 -322
0.074865 -16 -361
0.084856 -20 -383
0.091575 -23 -399
0.098041 -26 -411
0.104771 -28 -427
0.110495 -31 -438
0.116746 -34 -452
0.123038 -37 -464
0.128693 -40 -473
0.135589 -42 -478
0.141923 -46 -484
0.148147 -50 -488
0.154919 -52 -494
0.160627 -56 -497
0.166921 -58 -503
0.173520 -62 -506
0.178974 -66 -512
0.185739 -68 -516
0.192497 -72 -521
0.198697 -75 -523
0.205033 -78 -524
0.210704 -82 -528
0.216980 -85 -528
0.223607 -88 -531
0.229046 -92 -533
0.235801 -94 -530
0.242925 -98 -531
0.248509 -102 -530
0.255434 -105 -534
0.260792 -108 -536
0.267023 -112 -539
0.273604 -115 -540
0.279029 -119 -542
0.285933 -121 -542
0.293022 -126 -542
0.298772 -129 -543
0.305477 -132 -541
0.310823 -136 -542
0.317562 -138 -540
0.324131 -143 -543
0.329681 -146 -540
0.336092 -150 -542
0.341685 -153 -542
0.348828 -156 -546
0.355468 -159 -547
0.360858 -162 -550
0.367311 -166 -548
0.373716 -170 -545
0.379616 -174 -545
0.386049 -177 -543
0.391613 -180 -546
0.398863 -183 -543
0.405571 -186 -545
0.410902 -191 -544
0.417643 -193 -544
0.424220 -198 -545
0.429746 -201 -546
0.436311 -204 -549
0.441883 -207 -547
0.449432 -212 -549
0.455924 -215 -547
0.461520 -218 -547
0.467762 -222 -542
0.474368 -225 -541
0.484374 -230 -543
0.490003 -234 -547
0.497584 -237 -546
0.504323 -241 -548
0.509935 -244 -548
0.516268 -248 -547
0.521833 -251 -548
0.528046 -254 -547
0.534656 -258 -548
0.540355 -261 -546
0.547846 -265 -543
0.554572 -268 -544
0.560297 -272 -543
0.566590 -275 -545
0.572539 -278 -548
0.578483 -282 -548
0.584923 -285 -551
0.590645 -288 -548
0.597978 -292 -548
0.604573 -296 -545
0.610277 -299 -546
0.616734 -302 -546
0.623282 -306 -547
0.628702 -309 -547
0.635059 -312 -545
0.640762 -316 -545
0.647021 -320 -547
0.654608 -323 -549
0.660295 -326 -549
0.666513 -330 -552
0.672442 -333 -550
0.678723 -336 -547
0.685374 -340 -546
0.690769 -343 -545
0.697011 -347 -543
0.704667 -350 -546
0.710375 -354 -546
0.716622 -357 -547
0.722558 -360 -547
0.728504 -364 -545
0.735451 -367 -547
0.740860 -370 -547
0.747331 -375 -548
0.754704 -378 -548
0.760464 -381 -548
0.766716 -384 -543
0.772988 -388 -544
0.778544 -391 -543
0.784963 -394 -544
0.790661 -398 -545
0.797306 -405 -550
0.810523 -408 -547
0.817007 -412 -549
0.824157 -417 -546
0.831852 -420 -548
0.838320 -424 -545
0.845060 -427 -546
0.856799 -434 -542
0.864355 -440 -545
0.875485 -444 -548
0.880865 -449 -551
0.890990 -454 -551
0.899934 -459 -550
0.909478 -463 -546
0.916507 -466 -545
0.922430 -470 -545
0.928330 -474 -546
0.936992 -478 -546
0.943584 -481 -545
0.949029 -486 -544
0.957595 -488 -547
0.965484 -493 -549
0.970866 -497 -550
0.978667 -502 -550
0.986459 -505 -547
0.992031 -508 -543
1.001037 -514 -544
1.008678 -517 -545
1.015036 -520 -546
1.023632 -524 -547
1.029042 -529 -546
1.035970 -532 -549
1.043351 -536 -548
1.048845 -540 -550
1.057470 -543 -546
1.065043 -548 -548
1.070766 -553 -544
1.081446 -557 -544
1.089980 -563 -544
1.100033 -567 -548
1.107519 -570 -549
1.114042 -575 -549
1.129657 -584 -547
1.138237 -589 -545
1.146127 -592 -548
1.153556 -596 -546
1.160499 -601 -542
1.170354 -605 -543
1.176656 -608 -544
1.182971 -612 -549
1.190836 -618 -550
1.197541 -620 -550
1.204087 -624 -548
1.210494 -630 -545
1.221517 -634 -544
1.227803 -637 -546
1.234326 -640 -544
1.241860 -645 -546
1.248107 -648 -546
1.254678 -651 -546
1.261438 -656 -546
1.274206 -662 -548
1.280470 -667 -550
1.293027 -672 -545
1.301311 -678 -543
1.307758 -681 -542
1.315601 -684 -548
1.331012 -694 -548
1.337725 -698 -549
1.348772 -703 -548
1.355704 -706 -547
1.362451 -712 -549
1.372476 -716 -547
1.378656 -721 -545
1.387449 -724 -542
1.395786 -730 -544
1.404505 -734 -547
1.414305 -739 -548
1.419932 -743 -551
1.428096 -748 -548
1.438984 -753 -546
1.445950 -756 -544
1.451528 -763 -545
1.465595 -766 -546
1.470924 -770 -546
1.478692 -775 -545
1.488233 -779 -548
1.498321 -786 -551
1.509489 -792 -547
1.517413 -794 -544
1.526906 -802 -544
1.538784 -806 -544
1.545471 -810 -545
1.550872 -813 -546
1.559367 -819 -546
1.566742 -822 -548
1.573335 -825 -550
1.578985 -830 -548
1.586707 -833 -548
1.594350 -837 -548
1.599954 -842 -546
1.607399 -844 -542
1.615876 -848 -543
1.623013 -852 -546
1.628679 -857 -547
1.635812 -859 -550
1.641329 -864 -549
1.647610 -866 -548
1.654231 -870 -549
1.659760 -874 -547
1.666996 -877 -547
1.673599 -880 -545
1.679024 -886 -546
1.688981 -890 -543
1.695972 -893 -543
1.701535 -896 -544
1.707934 -900 -548
1.714696 -903 -549
1.721380 -907 -551
1.727633 -910 -549
1.734221 -914 -548
1.739734 -917 -547
1.746158 -920 -544
1.751717 -924 -545
1.758126 -927 -545
1.764649 -930 -545
1.771435 -934 -544
1.777714 -938 -545
1.784256 -941 -546
1.789861 -944 -546
1.796191 -948 -548
1.803569 -951 -549
1.809023 -956 -550
1.815923 -959 -547
1.824076 -963 -545
1.829649 -966 -544
1.836089 -970 -543
1.841693 -973 -544
1.848108 -976 -546
1.854670 -980 -546
1.860454 -983 -546
1.866703 -987 -548
1.874474 -990 -549
1.880069 -994 -547
1.886409 -997 -550
1.898054 -1004 -547
1.904708 -1007 -545
1.910393 -1010 -543
1.916639 -1014 -542
1.924281 -1018 -544
1.929926 -1021 -547
1.936426 -1024 -547
1.941966 -1028 -552
1.948220 -1031 -548
1.954843 -1034 -549
1.960514 -1038 -547
1.966765 -1042 -547
1.974482 -1045 -546
1.980212 -1048 -547
1.986449 -1052 -546
1.992010 -1055 -545
1.998502 -1058 -545
2.005007 -1062 -545
2.010707 -1065 -545
2.016957 -1069 -550
2.024487 -1072 -550
2.030130 -1076 -549
2.036467 -1079 -548
2.042004 -1082 -546
2.048240 -1086 -545
2.054997 -1089 -544
2.060703 -1092 -545
2.066984 -1096 -545
2.074606 -1100 -545
2.080288 -1105 -545
2.090451 -1108 -548
2.096851 -1112 -548
2.103379 -1115 -547
2.109311 -1120 -548
2.116093 -1123 -548
2.121718 -1126 -546
2.128965 -1130 -543
2.135764 -1132 -543
2.141302 -1137 -542
2.147611 -1139 -544
2.154210 -1144 -545
2.159748 -1147 -547
2.166130 -1150 -550
2.171714 -1154 -548
2.179358 -1158 -546
2.185844 -1160 -547
2.191407 -1164 -545
2.197762 -1168 -546
2.204358 -1171 -548
2.209992 -1174 -545
2.216308 -1178 -543
2.221876 -1181 -541
2.229331 -1185 -543
2.236063 -1188 -546
2.241602 -1192 -550
2.247842 -1195 -551
2.254387 -1198 -551
2.259990 -1202 -549
2.266351 -1205 -546
2.271912 -1208 -545
2.279419 -1212 -546
2.285915 -1214 -546
2.291528 -1219 -544
2.298007 -1222 -546
2.304546 -1226 -543
2.310263 -1229 -546
2.316508 -1232 -545
2.322052 -1236 -549
2.329477 -1240 -551
2.335977 -1243 -549
2.341563 -1246 -550
2.347856 -1250 -546
2.354578 -1253 -545
2.360317 -1256 -542
2.366759 -1260 -543
2.373304 -1264 -544
2.380011 -1267 -546
2.386325 -1270 -545
2.391886 -1274 -546
2.398114 -1277 -547
2.404665 -1280 -548
2.410410 -1284 -548
2.416835 -1287 -547
2.423396 -1290 -549
2.429923 -1294 -546
2.436276 -1298 -545
2.441864 -1301 -541
2.448250 -1304 -542
2.454805 -1308 -543
2.460524 -1311 -547
2.466854 -1314 -547
2.473405 -1317 -548
2.480328 -1322 -546
2.490488 -1327 -548
2.496994 -1330 -546
2.503599 -1334 -548
2.509419 -1338 -545
2.516097 -1341 -546
2.521713 -1344 -543
2.527981 -1349 -544
2.535839 -1351 -543
2.541355 -1356 -546
2.547626 -1358 -548
2.554190 -1362 -548
2.559742 -1366 -550
2.566128 -1369 -547
2.571709 -1372 -547
2.578000 -1376 -544
2.585718 -1378 -544
2.591043 -1383 -546
2.597737 -1386 -546
2.604280 -1390 -546
2.609931 -1393 -545
2.616277 -1396 -545
2.621857 -1399 -547
2.628254 -1404 -547
2.636000 -1407 -548
2.641544 -1410 -551
2.647810 -1414 -547
2.654501 -1417 -546
2.660114 -1420 -543
2.666461 -1423 -543
2.671984 -1426 -542
2.678223 -1431 -546
2.685946 -1434 -547
2.691523 -1438 -546
2.697778 -1441 -547
2.704375 -1444 -546
2.709969 -1448 -549
2.716452 -1451 -547
2.722033 -1454 -549
2.728251 -1458 -546
2.735922 -1460 -546
2.741467 -1465 -544
2.747736 -1468 -542
2.754467 -1471 -543
2.760068 -1475 -545
2.766399 -1478 -547
2.771933 -1481 -549
2.778322 -1484 -551
2.785910 -1489 -548
2.791496 -1492 -549
2.797758 -1496 -546
2.804973 -1499 -545
2.810686 -1502 -545
2.816926 -1505 -546
2.823510 -1508 -546
2.828926 -1513 -545
2.836617 -1516 -544
2.842959 -1520 -546
2.848711 -1523 -547
2.855056 -1526 -548
2.860732 -1530 -550
2.867020 -1533 -550
2.873606 -1536 -547
2.879026 -1540 -544
2.886706 -1547 -544
2.897399 -1549 -543
2.903752 -1554 -547
2.909655 -1556 -544
2.916225 -1560 -546
2.921798 -1563 -544
2.928046 -1566 -546
2.934633 -1570 -547
2.941062 -1574 -549
2.947561 -1576 -548
2.954295 -1581 -548
2.959918 -1584 -544
2.966231 -1587 -542
2.971756 -1590 -543
2.977992 -1594 -542
2.984606 -1597 -545
2.991358 -1602 -546
2.997613 -1604 -548
