0 0 0
0.007868 0 0
0.014085 0 0
0.020950 0 0
0.028787 0 0
0.034323 0 0
0.041035 0 -3
0.046304 0 -3
0.053053 -1 -7
0.059612 -1 -18
0.065203 -1 -18
0.071543 -2 -47
0.078821 -2 -47
0.084378 -2 -43
0.091103 -2 -43
0.096392 -3 -50
0.102928 -3 -50
0.109644 -4 -53
0.115252 -4 -53
0.121557 -4 -58
0.128931 -5 -59
0.134349 -5 -61
0.141061 -6 -61
0.146358 -6 -61
0.152842 -6 -64
0.159405 -7 -65
0.164959 -7 -65
0.171569 -8 -65
0.178864 -8 -65
0.184324 -8 -65
0.191060 -9 -67
0.196337 -9 -67
0.202782 -10 -65
0.209477 -10 -65
0.215046 -10 -66
0.221480 -11 -66
0.228872 -11 -67
0.234701 -12 -67
0.241185 -12 -67
0.251270 -13 -67
0.256830 -14 -68
0.263208 -14 -68
0.269904 -14 -68
0.275614 -15 -68
0.282925 -15 -69
0.289637 -16 -68
0.295271 -16 -68
0.301650 -16 -69
0.307186 -17 -67
0.313427 -17 -67
0.319987 -18 -67
0.325677 -18 -67
0.332788 -18 -67
0.339479 -19 -68
0.345035 -20 -68
0.351575 -20 -68
0.357148 -20 -69
0.363365 -21 -69
0.369952 -21 -70
0.375626 -22 -70
0.382811 -22 -70
0.389394 -22 -69
0.394829 -23 -69
0.401296 -23 -69
0.406873 -24 -68
0.413333 -24 -68
0.419924 -24 -68
0.425609 -25 -68
0.432920 -25 -68
0.439534 -26 -68
0.445090 -26 -69
0.451502 -27 -69
0.457068 -27 -68
0.463378 -28 -69
0.470163 -28 -69
0.475904 -28 -69
0.483124 -29 -70
0.489689 -30 -69
0.495299 -30 -69
0.501655 -30 -69
0.507208 -31 -69
0.513430 -31 -68
0.519987 -32 -69
0.525656 -32 -69
0.533145 -32 -67
0.539685 -33 -67
0.545279 -33 -68
0.551598 -34 -67
0.557158 -34 -67
0.563407 -34 -68
0.570003 -35 -68
0.575690 -35 -68
0.582907 -36 -68
0.589754 -36 -69
0.595346 -37 -69
0.601827 -37 -68
0.607332 -38 -68
0.613600 -38 -68
0.620162 -38 -67
0.625827 -39 -68
0.632088 -39 -67
0.639681 -40 -67
0.645311 -40 -68
0.655425 -41 -67
0.661874 -41 -67
0.667762 -42 -68
0.674027 -42 -68
0.680901 -42 -67
0.687273 -43 -68
0.693505 -44 -69
0.701158 -44 -69
0.706684 -44 -68
0.713074 -45 -68
0.719635 -45 -68
0.725251 -46 -67
0.731749 -46 -67
0.739082 -46 -68
0.744758 -47 -67
0.751234 -47 -67
0.756813 -48 -67
0.763061 -48 -67
0.769763 -48 -67
0.775334 -49 -68
0.781654 -49 -67
0.789279 -50 -67
0.794766 -50 -68
0.801309 -51 -69
0.806879 -51 -69
0.813104 -52 -70
0.819654 -52 -70
0.825255 -52 -69
0.831742 -53 -68
0.839081 -53 -68
0.844765 -54 -68
0.851243 -54 -68
0.856774 -54 -67
0.863188 -55 -68
0.869705 -56 -69
0.875305 -56 -69
0.881616 -56 -69
0.888936 -56 -69
0.894816 -57 -68
0.901323 -58 -69
0.906878 -58 -69
0.913124 -58 -69
0.919665 -59 -70
0.925260 -59 -69
0.931589 -60 -69
0.937165 -60 -69
0.944264 -61 -68
0.951187 -61 -68
0.956712 -62 -68
0.963057 -62 -68
0.969576 -62 -67
0.975093 -63 -68
0.981483 -63 -68
0.987037 -64 -68
0.994617 -64 -68
1.001088 -64 -68
1.006373 -65 -68
1.013041 -65 -68
1.019603 -66 -68
1.025102 -66 -69
1.031472 -66 -69
1.037048 -67 -68
1.044275 -68 -69
1.053782 -68 -67
1.061475 -68 -67
1.067035 -69 -68
1.073522 -70 -67
1.080210 -70 -67
1.085886 -70 -67
1.093117 -71 -67
1.099709 -71 -67
1.105304 -72 -68
1.111613 -72 -68
1.117145 -72 -67
1.123547 -73 -67
1.130285 -73 -68
1.135939 -74 -68
1.143260 -74 -68
1.149777 -74 -68
1.155347 -75 -68
1.161668 -76 -67
1.167192 -76 -67
1.173425 -76 -68
1.179995 -76 -67
1.185630 -77 -67
1.193086 -78 -67
1.199662 -78 -67
1.205237 -78 -67
1.211546 -79 -68
1.217092 -79 -68
1.223313 -80 -68
1.229854 -80 -68
1.235422 -80 -68
1.241742 -81 -69
1.249486 -82 -70
1.255053 -82 -70
1.261461 -82 -68
1.267017 -83 -68
1.273325 -83 -67
1.279887 -84 -67
1.285557 -84 -67
1.291782 -84 -67
1.299367 -85 -67
1.304935 -85 -67
1.311512 -86 -67
1.317045 -86 -67
1.323314 -86 -68
1.329965 -87 -68
1.335638 -87 -68
1.341899 -88 -68
1.349459 -88 -69
1.355019 -89 -70
1.361449 -89 -69
1.367041 -90 -68
1.373430 -90 -68
1.380139 -90 -68
1.385821 -91 -67
1.392076 -91 -69
1.399850 -92 -69
1.405928 -92 -67
1.412189 -92 -68
1.418755 -93 -68
1.424172 -93 -67
1.431052 -94 -67
1.436342 -94 -68
1.442807 -95 -69
1.453521 -96 -68
1.460272 -96 -68
1.465945 -96 -69
1.472633 -97 -69
1.479026 -97 -68
1.484829 -98 -69
1.491544 -98 -69
1.498779 -98 -67
1.504233 -99 -68
1.511187 -99 -67
1.516748 -100 -67
1.522984 -100 -68
1.529572 -100 -68
1.535086 -101 -68
1.541475 -102 -68
1.547036 -102 -68
1.554381 -102 -68
1.561118 -103 -69
1.566672 -103 -68
1.572912 -104 -69
1.579432 -104 -69
1.584971 -104 -69
1.591397 -105 -68
1.596951 -105 -68
1.604190 -106 -68
1.611125 -106 -67
1.616671 -107 -67
1.622930 -107 -67
1.629466 -108 -67
1.635009 -108 -67
1.641592 -108 -67
1.647173 -109 -68
1.654392 -109 -67
1.662005 -110 -67
1.668320 -110 -67
1.674210 -110 -68
1.680905 -111 -69
1.686202 -111 -69
1.692672 -112 -69
1.699905 -112 -68
1.706655 -113 -68
1.712946 -113 -67
1.719508 -114 -67
1.725053 -114 -67
1.731618 -114 -66
2.698389 -180 -67
2.705335 -181 -67
2.711654 -182 -68
2.717251 -182 -68
2.724395 -182 -67
2.732026 -183 -67
2.739804 -184 -67
2.745420 -184 -67
2.751926 -184 -68
2.758293 -185 -67
2.763833 -185 -68
2.770240 -186 -68
2.775940 -186 -68
2.782251 -186 -68
2.789829 -187 -68
2.795425 -187 -68
2.801752 -188 -68
2.807305 -188 -68
2.813852 -188 -66
2.820295 -189 -67
2.825987 -189 -66
2.832390 -190 -66
2.840026 -190 -67
2.845753 -190 -67
2.852002 -191 -67
2.858294 -192 -68
2.864026 -192 -68
2.870947 -192 -68
2.876260 -193 -68
2.882741 -193 -68
2.890080 -194 -69
2.895766 -194 -69
2.902033 -194 -68
2.908333 -195 -68
2.913994 -195 -68
2.920321 -196 -68
2.926043 -196 -69
2.932708 -196 -67
2.940063 -197 -67
2.945751 -198 -68
2.952030 -198 -68
2.958322 -198 -68
2.964142 -199 -69
2.970799 -199 -69
2.976166 -200 -68
2.982378 -200 -69
2.990122 -200 -69
2.995856 -201 -70
