0 0 0
0.007760 0 0
0.013292 0 -3
0.019790 -1 -83
0.028106 -2 -43
0.034693 -4 -24
0.041215 -6 -253
0.047771 -8 -273
0.053357 -11 -336
0.059569 -14 -386
0.066148 -16 -407
0.071828 -19 -435
0.078134 -22 -471
0.084690 -25 -493
0.091363 -29 -522
0.097709 -35 -559
0.108632 -38 -577
0.115030 -44 -591
0.120966 -47 -601
0.127648 -51 -609
0.133182 -55 -621
0.139407 -60 -633
0.147101 -62 -646
0.152610 -68 -654
0.158899 -70 -662
0.165684 -76 -671
0.171287 -80 -677
0.177656 -84 -680
0.183228 -88 -687
0.189463 -94 -690
0.197181 -96 -691
0.202751 -102 -696
0.209039 -106 -700
0.215592 -111 -704
0.221215 -115 -712
0.227721 -119 -714
0.233295 -124 -713
0.239515 -129 -715
0.247203 -132 -714
0.252782 -138 -717
0.259229 -142 -717
0.265803 -146 -718
0.271425 -151 -721
0.277748 -155 -724
0.283280 -160 -729
0.289804 -166 -727
0.297575 -170 -727
0.303146 -174 -725
0.309409 -178 -726
0.315949 -183 -726
0.321684 -187 -728
0.328042 -192 -730
0.334590 -196 -730
0.340037 -202 -732
0.347713 -206 -734
0.353292 -211 -732
0.359527 -215 -731
0.366091 -220 -728
0.371809 -224 -727
0.378114 -228 -732
0.384671 -233 -732
0.390300 -238 -735
0.397672 -243 -733
0.403246 -248 -735
0.409791 -252 -737
0.416251 -256 -735
0.421951 -261 -733
0.428218 -265 -730
0.434809 -270 -730
0.440246 -275 -733
0.447708 -280 -736
0.453263 -284 -737
0.459498 -288 -736
0.466258 -293 -736
0.471946 -298 -735
0.478207 -302 -733
0.484792 -306 -732
0.490227 -312 -731
0.497780 -316 -733
0.507781 -324 -737
0.513349 -328 -740
0.520084 -333 -737
0.527064 -337 -736
0.532604 -343 -733
0.539039 -348 -731
0.545600 -352 -733
0.552015 -356 -735
0.558251 -360 -735
0.564861 -365 -736
0.570340 -371 -737
0.577104 -374 -739
0.582629 -380 -738
0.589056 -384 -733
0.595623 -388 -732
0.602193 -394 -733
0.608699 -398 -734
0.615044 -402 -737
0.620732 -408 -738
0.627237 -412 -740
0.632814 -416 -736
0.639096 -421 -736
0.645826 -426 -736
0.652339 -431 -733
0.658862 -434 -732
0.665430 -440 -731
0.670980 -444 -735
0.677429 -449 -738
0.683004 -453 -739
0.689265 -458 -736
0.695858 -462 -735
0.702347 -468 -733
0.709009 -472 -733
0.715575 -477 -733
0.721206 -481 -731
0.727531 -486 -733
0.733075 -490 -736
0.739336 -494 -738
0.745911 -499 -739
0.752673 -505 -736
0.758922 -508 -733
0.765650 -514 -730
0.771276 -518 -733
0.777757 -522 -733
0.783347 -527 -736
0.789612 -531 -737
0.796146 -536 -737
0.802957 -542 -740
0.809267 -546 -737
0.815947 -550 -735
0.821630 -555 -731
0.828050 -559 -732
0.834624 -564 -733
0.840108 -568 -736
0.846758 -572 -737
0.854645 -578 -737
0.860112 -583 -737
0.866879 -587 -738
0.872214 -593 -736
0.878691 -596 -734
0.885043 -602 -732
0.890941 -606 -732
0.897402 -611 -732
0.907808 -620 -741
0.915983 -624 -738
0.921757 -628 -737
0.928178 -633 -736
0.934732 -637 -734
0.940339 -643 -734
0.947277 -648 -733
0.954588 -652 -733
0.960014 -656 -734
0.966364 -661 -739
0.972089 -667 -739
0.978716 -670 -739
0.985049 -676 -734
0.990754 -680 -732
0.997254 -684 -732
1.002818 -689 -735
1.010166 -693 -735
1.016800 -698 -737
1.022171 -702 -738
1.028645 -710 -738
1.037319 -714 -739
1.042901 -718 -737
1.049130 -722 -734
1.056787 -727 -733
1.062166 -733 -732
1.068848 -736 -736
1.075386 -742 -738
1.080914 -746 -738
1.087326 -750 -738
1.092887 -755 -736
1.099149 -760 -737
1.106805 -764 -735
1.112221 -770 -734
1.118677 -773 -731
1.125050 -778 -732
1.130951 -783 -739
1.137344 -788 -740
1.142876 -792 -738
1.149131 -796 -736
1.155700 -801 -734
1.162123 -806 -734
1.168747 -810 -734
1.175254 -816 -735
1.180743 -820 -733
1.187435 -824 -738
1.192998 -829 -739
1.199239 -833 -741
1.205761 -838 -738
1.212329 -843 -734
1.218870 -846 -732
1.225466 -852 -734
1.231042 -856 -734
1.237473 -861 -737
1.243029 -866 -736
1.249412 -870 -737
1.255953 -874 -739
1.262750 -880 -738
1.269058 -884 -737
1.275632 -889 -734
1.281262 -894 -731
1.287579 -898 -732
1.293135 -902 -735
1.299588 -907 -738
1.311181 -916 -738
1.317691 -920 -737
1.323279 -924 -736
1.329789 -929 -737
1.336338 -933 -733
1.342075 -938 -733
1.348315 -942 -732
1.354905 -946 -736
1.361660 -952 -740
1.368085 -957 -739
1.374652 -961 -738
1.380127 -966 -735
1.386791 -970 -735
1.392166 -974 -734
1.398626 -979 -734
1.404991 -983 -733
1.411765 -989 -735
1.418034 -994 -737
1.424314 -998 -741
1.430200 -1004 -739
1.436941 -1008 -737
1.443166 -1013 -735
1.449418 -1017 -732
1.455980 -1022 -734
1.462719 -1028 -737
1.469008 -1032 -738
1.475579 -1036 -736
1.481219 -1041 -736
1.487769 -1045 -740
1.493328 -1050 -737
1.499532 -1054 -735
1.506084 -1058 -733
1.511782 -1064 -731
1.519023 -1068 -737
1.525596 -1073 -738
1.531188 -1078 -739
1.537784 -1082 -738
1.543313 -1086 -736
1.549878 -1091 -737
1.556771 -1095 -735
1.562160 -1101 -735
1.569286 -1106 -733
1.575935 -1110 -732
1.581630 -1114 -736
1.587875 -1119 -739
1.593821 -1123 -741
1.599762 -1128 -740
1.606327 -1132 -734
1.612056 -1138 -734
1.619309 -1142 -734
1.625887 -1147 -735
1.631591 -1151 -733
1.637885 -1156 -736
1.643781 -1160 -737
1.649621 -1164 -740
1.656144 -1169 -739
1.661814 -1175 -737
1.669285 -1179 -732
1.675937 -1184 -732
1.681586 -1188 -733
1.688003 -1192 -735
1.694348 -1197 -735
1.699989 -1201 -737
1.706360 -1208 -739
1.717833 -1214 -737
1.723738 -1219 -736
1.730130 -1223 -735
1.737031 -1228 -732
1.748298 -1236 -736
1.754963 -1241 -737
1.760597 -1247 -740
1.767846 -1251 -738
1.773846 -1256 -735
1.779816 -1260 -736
1.786744 -1264 -736
1.792137 -1269 -733
1.798636 -1273 -732
1.805284 -1279 -734
1.810740 -1284 -735
1.817421 -1288 -741
1.824794 -1292 -739
1.830204 -1298 -737
1.836985 -1302 -736
1.842291 -1307 -734
1.848949 -1312 -734
1.856193 -1316 -733
1.861907 -1320 -734
1.869215 -1326 -735
1.875821 -1331 -739
1.881510 -1335 -741
1.887774 -1340 -739
1.893337 -1344 -736
1.899578 -1348 -735
1.906307 -1353 -733
1.912037 -1357 -732
1.918298 -1363 -737
1.925978 -1368 -737
1.931695 -1372 -738
1.938019 -1376 -738
1.944321 -1381 -738
1.950243 -1387 -736
1.957004 -1390 -733
1.962323 -1396 -732
1.969008 -1400 -732
1.976336 -1404 -735
1.982151 -1409 -738
1.988633 -1413 -738
1.995016 -1418 -738
2.000732 -1424 -736
2.007269 -1428 -734
2.012849 -1432 -735
2.019110 -1437 -734
2.026886 -1441 -731
2.032224 -1447 -734
2.038749 -1450 -736
2.045314 -1456 -739
2.050736 -1460 -739
2.057234 -1465 -738
2.062807 -1472 -732
2.075735 -1478 -734
2.081332 -1482 -735
2.087771 -1487 -735
2.093330 -1491 -735
2.099542 -1496 -738
2.106137 -1502 -739
2.116343 -1508 -739
2.123110 -1514 -734
2.129561 -1518 -732
2.136271 -1522 -733
2.141976 -1528 -734
2.148683 -1531 -736
2.155031 -1536 -739
2.160735 -1542 -735
2.167238 -1546 -737
2.172797 -1550 -739
2.180013 -1555 -737
2.186346 -1559 -733
2.192032 -1564 -730
2.198281 -1568 -732
2.204970 -1574 -736
2.210812 -1578 -738
2.217328 -1583 -740
2.222891 -1587 -737
2.229988 -1592 -735
2.236368 -1596 -737
2.242039 -1600 -734
2.248287 -1605 -734
2.254913 -1609 -733
2.260345 -1615 -734
2.267253 -1620 -739
2.272814 -1624 -741
2.280000 -1628 -740
2.286327 -1633 -737
2.292027 -1637 -731
2.298304 -1642 -732
2.304887 -1646 -734
2.310327 -1652 -735
2.317086 -1655 -735
2.322637 -1661 -736
2.330042 -1665 -738
2.336972 -1670 -740
2.342279 -1676 -738
2.348778 -1678 -736
2.355308 -1684 -732
2.360747 -1689 -731
2.367239 -1693 -734
2.372800 -1698 -738
2.379985 -1702 -738
2.386888 -1706 -737
2.392217 -1712 -738
2.398689 -1715 -740
2.405039 -1720 -738
2.410724 -1726 -736
2.417198 -1728 -734
2.422749 -1734 -732
2.430035 -1739 -735
2.436721 -1743 -740
2.442086 -1749 -741
2.448744 -1752 -740
2.455278 -1758 -737
2.460740 -1762 -735
2.467438 -1767 -737
2.473015 -1771 -735
2.480298 -1777 -734
2.487062 -1780 -733
2.492616 -1786 -735
2.498887 -1789 -738
2.505619 -1795 -738
2.515956 -1802 -736
2.521696 -1806 -733
2.528168 -1812 -735
2.535911 -1817 -733
2.541606 -1821 -736
2.547894 -1826 -736
2.553842 -1830 -736
2.559782 -1834 -738
2.566706 -1839 -740
2.572123 -1844 -738
2.578645 -1849 -736
2.586036 -1854 -733
2.591733 -1858 -732
2.598145 -1862 -735
2.604723 -1867 -737
2.610184 -1871 -738
2.616903 -1876 -738
2.622232 -1882 -739
2.628913 -1886 -739
2.636295 -1890 -738
2.641996 -1895 -734
2.648243 -1899 -733
2.654839 -1904 -732
2.660279 -1910 -737
2.667041 -1913 -739
2.672339 -1918 -740
2.678841 -1923 -738
2.686340 -1928 -737
2.692039 -1932 -737
2.698322 -1936 -735
2.704913 -1940 -734
2.710348 -1946 -732
2.717099 -1950 -733
2.722637 -1955 -735
2.729062 -1960 -738
2.736726 -1964 -740
2.742108 -1970 -738
2.748749 -1973 -737
2.755300 -1979 -735
2.760748 -1983 -734
2.767273 -1988 -735
2.772839 -1992 -735
2.779116 -1996 -736
2.786725 -2001 -739
2.792084 -2006 -742
2.798318 -2010 -739
2.804917 -2016 -737
2.810756 -2020 -734
2.817224 -2024 -734
2.822793 -2029 -733
2.829050 -2034 -735
2.836293 -2038 -737
2.841978 -2042 -738
2.848229 -2048 -738
2.855901 -2052 -740
2.861592 -2057 -735
2.868044 -2062 -735
2.874589 -2066 -732
2.880004 -2070 -732
2.887573 -2076 -731
2.893138 -2080 -739
2.899403 -2085 -740
2.906003 -2090 -736
2.916082 -2097 -738
2.921795 -2101 -736
2.928301 -2106 -737
2.934904 -2112 -733
2.941752 -2116 -733
2.948028 -2120 -736
2.954631 -2125 -737
2.960090 -2129 -741
2.966759 -2134 -738
2.972120 -2138 -736
2.978657 -2142 -734
2.985016 -2148 -736
2.991962 -2153 -734
2.998207 -2157 -735
