0 0 0
7.987022399902344e-05 -12341 0
0.007212162017822266 -12341 2
0.015390396118164062 -12340 7
0.02250051498413086 -12339 47
0.030892372131347656 -12338 20
0.03629112243652344 -12336 159
0.04393458366394043 -12335 196
0.05032610893249512 -12334 201
0.05600476264953613 -12332 225
0.06228375434875488 -12330 256
0.06883406639099121 -12329 282
0.07427525520324707 -12327 290
0.08118605613708496 -12325 309
0.08649682998657227 -12322 325
0.0936577320098877 -12320 345
0.10036873817443848 -12318 357
0.1060791015625 -12316 369
0.11233735084533691 -12313 380
0.11890101432800293 -12311 386
0.1243124008178711 -12308 393
0.13094305992126465 -12306 398
0.13629674911499023 -12303 403
0.14355754852294922 -12300 409
0.15014076232910156 -12298 412
0.1558208465576172 -12295 416
0.16227245330810547 -12292 422
0.16881847381591797 -12290 425
0.1742541790008545 -12287 430
0.18088936805725098 -12285 434
0.1862497329711914 -12281 434
0.1934986114501953 -12278 440
0.20007872581481934 -12276 441
0.20577216148376465 -12273 443
0.21217870712280273 -12270 446
0.21844816207885742 -12268 446
0.22430944442749023 -12265 448
0.2309398651123047 -12262 448
0.23636698722839355 -12259 448
0.24363207817077637 -12256 447
0.25017356872558594 -12254 448
0.25587010383605957 -12251 448
0.26218080520629883 -12248 450
0.2687561511993408 -12245 454
0.27414679527282715 -12242 454
0.28093433380126953 -12240 457
0.286299467086792 -12237 457
0.29361653327941895 -12234 458
0.30019521713256836 -12231 457
0.3059046268463135 -12228 457
0.3121342658996582 -12225 455
0.3184068202972412 -12222 455
0.32396888732910156 -12220 455
0.33039045333862305 -12217 457
0.3360750675201416 -12214 456
0.34360480308532715 -12209 456
0.3538074493408203 -12206 454
0.36048412322998047 -12203 455
0.3661665916442871 -12200 458
0.37282681465148926 -12198 458
0.379197359085083 -12195 460
0.3848564624786377 -12192 463
0.3913125991821289 -12188 461
0.3983945846557617 -12186 461
0.404221773147583 -12183 457
0.4109001159667969 -12180 458
0.4162435531616211 -12178 457
0.42247605323791504 -12175 457
0.42911410331726074 -12172 457
0.4345381259918213 -12168 457
0.4412801265716553 -12166 458
0.4480099678039551 -12163 458
0.45392537117004395 -12160 459
0.46050071716308594 -12158 458
0.4662003517150879 -12155 457
0.472928524017334 -12152 459
0.479449987411499 -12148 461
0.48490381240844727 -12146 462
0.491405725479126 -12143 462
0.49854159355163574 -12140 460
0.504173994064331 -12137 456
0.5105071067810059 -12134 458
0.5161826610565186 -12131 456
0.5228495597839355 -12129 457
0.5292015075683594 -12126 459
0.5348501205444336 -12122 457
0.5413331985473633 -12121 461
0.5484187602996826 -12117 460
0.5540237426757812 -12114 461
0.5604612827301025 -12112 461
0.5661225318908691 -12109 459
0.5723781585693359 -12106 459
0.5789611339569092 -12103 461
0.5845253467559814 -12100 460
0.591245174407959 -12098 463
0.5975167751312256 -12094 459
0.604203462600708 -12091 458
0.610541820526123 -12088 456
0.6162083148956299 -12086 455
0.6224312782287598 -12083 457
0.6289777755737305 -12080 457
0.6343948841094971 -12076 461
0.6413400173187256 -12075 460
0.6474928855895996 -12071 462
0.6537277698516846 -12068 464
0.6602730751037598 -12066 462
0.6659858226776123 -12063 460
0.6722626686096191 -12060 461
0.6788249015808105 -12057 459
0.6842780113220215 -12054 460
0.6908864974975586 -12052 461
0.6962695121765137 -12048 459
0.7036759853363037 -12044 460
0.7113316059112549 -12042 456
0.7168483734130859 -12039 455
0.7231106758117676 -12037 459
0.7298247814178467 -12033 458
0.7354390621185303 -12030 461
0.7418079376220703 -12026 463
0.7524991035461426 -12023 463
0.7590758800506592 -12020 463
0.7649731636047363 -12017 461
0.7716245651245117 -12014 459
0.7771744728088379 -12011 456
0.7835919857025146 -12008 458
0.7901291847229004 -12006 458
0.7957973480224609 -12002 458
0.803147554397583 -12000 460
0.8098292350769043 -11996 458
0.8154234886169434 -11994 459
0.8218951225280762 -11991 460
0.8274133205413818 -11988 460
0.8336181640625 -11986 461
0.8401885032653809 -11983 461
0.8458998203277588 -11980 462
0.8532204627990723 -11976 462
0.8599514961242676 -11974 462
0.86557936668396 -11971 459
0.8719394207000732 -11968 457
0.8774809837341309 -11965 455
0.8840146064758301 -11962 456
0.8904352188110352 -11960 457
0.896141529083252 -11957 458
0.903465747833252 -11953 461
0.9100909233093262 -11950 461
0.9157853126525879 -11948 462
0.9220385551452637 -11945 459
0.9279065132141113 -11942 460
0.9337625503540039 -11940 461
0.9405117034912109 -11937 461
0.946183443069458 -11934 461
0.9535214900970459 -11930 460
0.9601459503173828 -11928 459
0.9658489227294922 -11925 460
0.9720747470855713 -11922 456
0.977994441986084 -11919 456
0.9839749336242676 -11916 457
0.9908792972564697 -11914 455
0.9962441921234131 -11910 461
1.0035877227783203 -11907 460
1.0102295875549316 -11904 462
1.0159177780151367 -11902 464
1.0221407413482666 -11899 460
1.0284128189086914 -11896 460
1.0342564582824707 -11894 459
1.0408837795257568 -11891 460
1.0462567806243896 -11888 459
1.0524706840515137 -11884 459
1.0602757930755615 -11882 458
1.0659680366516113 -11879 459
1.0722055435180664 -11876 457
1.078486442565918 -11873 458
1.084120273590088 -11870 457
1.0904557704925537 -11868 457
1.0961754322052002 -11865 459
1.1024188995361328 -11861 461
1.1100475788116455 -11858 463
1.1157524585723877 -11856 462
1.1221396923065186 -11853 461
1.1284334659576416 -11850 462
1.13397216796875 -11848 458
1.1404025554656982 -11845 458
1.1460654735565186 -11840 456
1.1570935249328613 -11836 459
1.163482427597046 -11834 458
1.1702020168304443 -11831 458
1.1758899688720703 -11828 459
1.1824591159820557 -11826 459
1.1890783309936523 -11823 458
1.1944806575775146 -11819 461
1.2012312412261963 -11817 459
1.2075302600860596 -11814 461
1.2137565612792969 -11811 462
1.2203176021575928 -11808 461
1.2259695529937744 -11805 462
1.2322344779968262 -11802 460
1.2388012409210205 -11800 458
1.2443952560424805 -11796 458
1.2512900829315186 -11794 455
1.2574307918548584 -11790 458
1.2636768817901611 -11788 459
1.2702624797821045 -11785 460
1.2759621143341064 -11782 464
1.282195806503296 -11780 460
1.2884440422058105 -11777 460
1.2940008640289307 -11774 460
1.300938606262207 -11771 460
1.3063113689422607 -11768 461
1.3135557174682617 -11765 459
1.3201189041137695 -11762 459
1.3258461952209473 -11759 458
1.3320682048797607 -11756 458
1.3379788398742676 -11754 457
1.3438079357147217 -11751 457
1.350322961807251 -11748 455
1.356020450592041 -11744 458
1.3634209632873535 -11742 460
1.3699164390563965 -11739 461
1.3754971027374268 -11736 462
1.381972074508667 -11734 464
1.387495517730713 -11731 462
1.3937084674835205 -11728 460
1.4003052711486816 -11725 458
1.405968427658081 -11722 460
1.413245677947998 -11719 458
1.4199283123016357 -11716 458
1.4255435466766357 -11713 459
1.431847095489502 -11710 458
1.4373698234558105 -11708 458
1.44362473487854 -11705 457
1.4501445293426514 -11702 458
1.4558534622192383 -11700 461
1.4631626605987549 -11697 460
1.46974515914917 -11693 463
1.4753410816192627 -11690 463
1.4818456172943115 -11688 462
1.487384557723999 -11684 463
1.493598461151123 -11682 461
1.5001559257507324 -11679 458
1.5058624744415283 -11676 458
1.5133447647094727 -11673 457
1.51987886428833 -11670 458
1.5254859924316406 -11667 458
1.5318069458007812 -11664 458
1.537341594696045 -11662 460
1.5437123775482178 -11659 460
1.5539472103118896 -11654 460
1.5607821941375732 -11651 460
1.567286729812622 -11648 460
1.5736749172210693 -11645 460
1.5804355144500732 -11642 463
1.5860884189605713 -11640 463
1.5923535823822021 -11637 460
1.5989038944244385 -11634 459
1.6045050621032715 -11630 457
1.6112580299377441 -11628 456
1.617455244064331 -11625 457
1.623687505722046 -11622 457
1.6302499771118164 -11620 461
1.6359331607818604 -11616 461
1.642359733581543 -11614 462
1.6488726139068604 -11611 460
1.6543047428131104 -11608 463
1.6611919403076172 -11605 461
1.6679105758666992 -11602 460
1.6737415790557861 -11599 458
1.6802678108215332 -11596 461
1.685931921005249 -11594 462
1.6921544075012207 -11591 459
1.6984717845916748 -11588 458
1.7042393684387207 -11584 457
1.7116899490356445 -11582 456
1.7189669609069824 -11579 456
1.7245368957519531 -11575 457
1.731313943862915 -11574 460
1.7425174713134766 -11568 464
1.749136209487915 -11565 464
1.7547929286956787 -11562 462
1.7612857818603516 -11560 458
1.7680301666259766 -11556 459
1.77421236038208 -11553 459
1.781055212020874 -11550 459
1.78639554977417 -11546 460
1.796919584274292 -11542 460
1.8032464981079102 -11539 458
1.8097882270812988 -11536 457
1.8153975009918213 -11534 460
1.8224072456359863 -11531 459
1.8290107250213623 -11528 462
1.8344523906707764 -11524 461
1.8413989543914795 -11523 461
1.846966028213501 -11519 465
1.8532423973083496 -11516 462
1.8597981929779053 -11514 460
1.8653981685638428 -11511 458
1.8724846839904785 -11508 455
1.8790791034698486 -11505 457
1.8844857215881348 -11502 457
1.8912503719329834 -11500 457
1.8967695236206055 -11496 460
1.9032032489776611 -11493 460
1.9098243713378906 -11490 459
1.9154307842254639 -11488 459
1.9224252700805664 -11485 460
1.9290220737457275 -11482 460
1.9344398975372314 -11478 462
1.9411828517913818 -11477 461
1.9464912414550781 -11472 462
1.956923246383667 -11468 460
1.9634616374969482 -11466 459
1.9713389873504639 -11463 454
1.976886510848999 -11460 456
1.9833393096923828 -11456 455
1.9898927211761475 -11454 458
1.995469093322754 -11451 460
2.001760482788086 -11448 459
2.0090787410736084 -11446 461
2.014497756958008 -11442 461
2.0221738815307617 -11439 462
2.028489351272583 -11436 460
2.0343503952026367 -11434 459
2.041043281555176 -11431 461
2.0463943481445312 -11427 459
2.0528881549835205 -11425 459
2.059208631515503 -11422 459
2.064884901046753 -11419 459
2.0720629692077637 -11416 456
2.0784060955047607 -11414 457
2.084240436553955 -11411 457
2.0908546447753906 -11408 460
2.096270799636841 -11405 460
2.1024951934814453 -11402 460
2.1090826988220215 -11400 461
2.114506483078003 -11396 463
2.121253252029419 -11393 461
2.1279654502868652 -11390 460
2.133802890777588 -11388 458
2.1404812335968018 -11385 459
2.14613676071167 -11382 458
2.1524057388305664 -11379 459
2.15898060798645 -11376 459
2.1647911071777344 -11373 458
2.171314239501953 -11370 458
2.1784422397613525 -11368 459
2.184026002883911 -11365 458
2.190439462661743 -11362 459
2.1961090564727783 -11359 462
2.20253324508667 -11356 462
2.20914626121521 -11354 464
2.2145369052886963 -11350 462
2.221238374710083 -11347 460
2.227926254272461 -11344 458
2.2337915897369385 -11342 457
2.240363836288452 -11339 457
2.246035575866699 -11336 456
2.2523303031921387 -11334 458
2.258889675140381 -11330 457
2.2645010948181152 -11327 459
2.271235704421997 -11324 461
2.2779085636138916 -11322 460
2.2838051319122314 -11319 459
2.290479898452759 -11316 459
2.2961621284484863 -11313 460
2.302405595779419 -11310 462
2.308972120285034 -11308 460
2.314387321472168 -11304 461
2.3213181495666504 -11301 459
2.3284175395965576 -11298 459
2.333982229232788 -11296 457
2.340425491333008 -11293 455
2.3460888862609863 -11288 457
2.3563485145568848 -11285 458
2.3629841804504395 -11283 460
2.369622230529785 -11279 462
2.3751723766326904 -11276 460
2.382863998413086 -11274 463
2.389197587966919 -11271 462
2.3948566913604736 -11267 461
2.4013402462005615 -11265 461
2.4069299697875977 -11262 460
2.4131791591644287 -11259 461
2.419893741607666 -11256 460
2.425494909286499 -11252 458
2.4328794479370117 -11250 458
2.439225435256958 -11247 457
2.445106267929077 -11244 456
2.451545238494873 -11242 457
2.457082509994507 -11239 457
2.4633240699768066 -11236 460
2.469884157180786 -11233 464
2.4754631519317627 -11230 461
2.482799768447876 -11228 463
2.489165782928467 -11225 460
2.4948418140411377 -11221 459
2.501483201980591 -11218 461
2.507030725479126 -11216 459
2.513256549835205 -11213 460
2.5198020935058594 -11210 459
2.5254428386688232 -11207 460
2.532464027404785 -11204 459
2.539104461669922 -11202 458
2.5445175170898438 -11198 459
2.5514791011810303 -11196 459
2.557041883468628 -11192 459
2.563476324081421 -11190 463
2.5700342655181885 -11187 464
2.5757029056549072 -11183 462
2.582923650741577 -11182 463
2.589449405670166 -11179 461
2.5949058532714844 -11175 460
2.6013941764831543 -11173 456
2.6070406436920166 -11170 455
2.6132993698120117 -11167 458
2.6199891567230225 -11164 459
2.6256895065307617 -11161 459
2.6329686641693115 -11158 461
2.6394944190979004 -11155 460
2.644929885864258 -11152 461
2.651407241821289 -11150 460
2.656967878341675 -11146 460
2.6632115840911865 -11144 459
2.669781446456909 -11141 462
2.6753814220428467 -11138 463
2.6828324794769287 -11136 460
2.6892247200012207 -11133 459
2.6948776245117188 -11129 460
2.7013542652130127 -11127 456
2.707977294921875 -11124 456
2.7139225006103516 -11121 456
2.720365524291992 -11118 457
2.726066827774048 -11116 461
2.733381748199463 -11112 460
2.7400600910186768 -11109 462
2.7457571029663086 -11106 459
2.7557499408721924 -11102 461
2.762136697769165 -11099 459
2.7684326171875 -11096 460
2.774261951446533 -11093 461
2.781179428100586 -11090 461
2.7884061336517334 -11087 459
2.793963670730591 -11084 459
2.800926446914673 -11081 455
2.806293249130249 -11078 456
2.81294322013855 -11076 458
2.8194663524627686 -11073 458
2.8249096870422363 -11070 460
2.831382989883423 -11066 462
2.838806629180908 -11064 463
2.844252347946167 -11061 461
2.8508644104003906 -11058 462
2.856245994567871 -11054 461
2.862898826599121 -11053 458
2.8694465160369873 -11049 457
2.8749139308929443 -11046 459
2.881415605545044 -11044 459
2.8887877464294434 -11041 459
2.894230842590332 -11038 458
2.9005379676818848 -11035 458
2.90621018409729 -11032 460
2.9124503135681152 -11030 457
2.9190330505371094 -11027 460
2.9248833656311035 -11024 462
2.9313642978668213 -11020 462
2.9384608268737793 -11018 465
2.9443063735961914 -11015 461
2.9510867595672607 -11012 461
2.9564003944396973 -11008 458
2.962892770767212 -11007 458
2.9692206382751465 -11004 457
2.9748809337615967 -11000 456
2.981553077697754 -10998 458
2.988851547241211 -10995 460
2.994288444519043 -10992 459
