0 0 0
8.511543273925781e-05 -14710 0
0.007867813110351562 -14710 0
0.014084577560424805 -14710 0
0.0209500789642334 -14710 0
0.02878713607788086 -14710 0
0.03432297706604004 -14710 0
0.04103493690490723 -14710 -3
0.046303749084472656 -14710 -3
0.05305314064025879 -14711 -7
0.05961179733276367 -14711 -18
0.06520271301269531 -14711 -18
0.07154297828674316 -14712 -47
0.07882118225097656 -14712 -47
0.08437800407409668 -14712 -43
0.09110307693481445 -14712 -43
0.09639215469360352 -14713 -50
0.10292816162109375 -14713 -50
0.10964393615722656 -14714 -53
0.11525225639343262 -14714 -53
0.12155747413635254 -14714 -58
0.12893104553222656 -14715 -59
0.13434934616088867 -14715 -61
0.14106082916259766 -14716 -61
0.14635753631591797 -14716 -61
0.15284156799316406 -14716 -64
0.15940546989440918 -14717 -65
0.16495943069458008 -14717 -65
0.1715686321258545 -14718 -65
0.1788644790649414 -14718 -65
0.18432402610778809 -14718 -65
0.19106030464172363 -14719 -67
0.19633722305297852 -14719 -67
0.20278239250183105 -14720 -65
0.20947694778442383 -14720 -65
0.21504569053649902 -14720 -66
0.2214798927307129 -14721 -66
0.22887206077575684 -14721 -67
0.23470091819763184 -14722 -67
0.24118471145629883 -14722 -67
0.2512695789337158 -14723 -67
0.25682997703552246 -14724 -68
0.26320791244506836 -14724 -68
0.26990437507629395 -14724 -68
0.27561354637145996 -14725 -68
0.2829253673553467 -14725 -69
0.28963732719421387 -14726 -68
0.2952706813812256 -14726 -68
0.3016500473022461 -14726 -69
0.3071858882904053 -14727 -67
0.313427209854126 -14727 -67
0.31998705863952637 -14728 -67
0.32567715644836426 -14728 -67
0.33278799057006836 -14728 -67
0.3394794464111328 -14729 -68
0.3450348377227783 -14730 -68
0.3515753746032715 -14730 -68
0.3571479320526123 -14730 -69
0.36336517333984375 -14731 -69
0.3699519634246826 -14731 -70
0.3756263256072998 -14732 -70
0.3828108310699463 -14732 -70
0.38939404487609863 -14732 -69
0.39482879638671875 -14733 -69
0.40129590034484863 -14733 -69
0.4068725109100342 -14734 -68
0.4133327007293701 -14734 -68
0.4199244976043701 -14734 -68
0.4256093502044678 -14735 -68
0.4329195022583008 -14735 -68
0.43953418731689453 -14736 -68
0.44509005546569824 -14736 -69
0.45150184631347656 -14737 -69
0.45706844329833984 -14737 -68
0.4633779525756836 -14738 -69
0.47016263008117676 -14738 -69
0.4759042263031006 -14738 -69
0.4831235408782959 -14739 -70
0.48968935012817383 -14740 -69
0.4952993392944336 -14740 -69
0.501655101776123 -14740 -69
0.5072083473205566 -14741 -69
0.5134303569793701 -14741 -68
0.5199871063232422 -14742 -69
0.5256564617156982 -14742 -69
0.5331447124481201 -14742 -67
0.5396850109100342 -14743 -67
0.5452792644500732 -14743 -68
0.5515975952148438 -14744 -67
0.5571577548980713 -14744 -67
0.5634074211120605 -14744 -68
0.5700027942657471 -14745 -68
0.5756895542144775 -14745 -68
0.58290696144104 -14746 -68
0.5897536277770996 -14746 -69
0.5953457355499268 -14747 -69
0.6018271446228027 -14747 -68
0.6073319911956787 -14748 -68
0.613600492477417 -14748 -68
0.6201615333557129 -14748 -67
0.6258270740509033 -14749 -68
0.6320881843566895 -14749 -67
0.6396811008453369 -14750 -67
0.6453113555908203 -14750 -68
0.6554253101348877 -14751 -67
0.6618738174438477 -14751 -67
0.6677618026733398 -14752 -68
0.6740269660949707 -14752 -68
0.6809008121490479 -14752 -67
0.6872730255126953 -14753 -68
0.693504810333252 -14754 -69
0.701157808303833 -14754 -69
0.7066836357116699 -14754 -68
0.71307373046875 -14755 -68
0.7196354866027832 -14755 -68
0.7252507209777832 -14756 -67
0.7317485809326172 -14756 -67
0.739081859588623 -14756 -68
0.7447583675384521 -14757 -67
0.7512340545654297 -14757 -67
0.7568132877349854 -14758 -67
0.7630612850189209 -14758 -67
0.7697634696960449 -14758 -67
0.7753338813781738 -14759 -68
0.781653881072998 -14759 -67
0.7892792224884033 -14760 -67
0.7947659492492676 -14760 -68
0.8013088703155518 -14761 -69
0.8068792819976807 -14761 -69
0.8131043910980225 -14762 -70
0.8196535110473633 -14762 -70
0.8252553939819336 -14762 -69
0.8317418098449707 -14763 -68
0.8390812873840332 -14763 -68
0.8447651863098145 -14764 -68
0.851243257522583 -14764 -68
0.8567743301391602 -14764 -67
0.8631880283355713 -14765 -68
0.8697047233581543 -14766 -69
0.8753054141998291 -14766 -69
0.8816156387329102 -14766 -69
0.8889358043670654 -14766 -69
0.8948159217834473 -14767 -68
0.9013233184814453 -14768 -69
0.9068779945373535 -14768 -69
0.9131238460540771 -14768 -69
0.9196653366088867 -14769 -70
0.9252595901489258 -14769 -69
0.9315886497497559 -14770 -69
0.9371650218963623 -14770 -69
0.9442641735076904 -14771 -68
0.9511873722076416 -14771 -68
0.9567122459411621 -14772 -68
0.9630570411682129 -14772 -68
0.9695761203765869 -14772 -67
0.9750931262969971 -14773 -68
0.981482982635498 -14773 -68
0.987037181854248 -14774 -68
0.994617223739624 -14774 -68
1.0010883808135986 -14774 -68
1.006373405456543 -14775 -68
1.0130410194396973 -14775 -68
1.0196027755737305 -14776 -68
1.025101661682129 -14776 -69
1.0314719676971436 -14776 -69
1.0370478630065918 -14777 -68
1.0442752838134766 -14778 -69
1.053781509399414 -14778 -67
1.0614752769470215 -14778 -67
1.067035436630249 -14779 -68
1.0735218524932861 -14780 -67
1.0802099704742432 -14780 -67
1.0858864784240723 -14780 -67
1.0931169986724854 -14781 -67
1.0997090339660645 -14781 -67
1.1053040027618408 -14782 -68
1.1116125583648682 -14782 -68
1.117145299911499 -14782 -67
1.1235473155975342 -14783 -67
1.1302850246429443 -14783 -68
1.135939359664917 -14784 -68
1.1432595252990723 -14784 -68
1.1497774124145508 -14784 -68
1.1553471088409424 -14785 -68
1.161668062210083 -14786 -67
1.167191982269287 -14786 -67
1.1734251976013184 -14786 -68
1.179995059967041 -14786 -67
1.1856300830841064 -14787 -67
1.1930863857269287 -14788 -67
1.1996617317199707 -14788 -67
1.2052371501922607 -14788 -67
1.2115461826324463 -14789 -68
1.2170922756195068 -14789 -68
1.2233128547668457 -14790 -68
1.2298541069030762 -14790 -68
1.235421895980835 -14790 -68
1.24174165725708 -14791 -69
1.249485969543457 -14792 -70
1.2550528049468994 -14792 -70
1.2614614963531494 -14792 -68
1.267016887664795 -14793 -68
1.273324728012085 -14793 -67
1.2798871994018555 -14794 -67
1.2855565547943115 -14794 -67
1.2917823791503906 -14794 -67
1.2993669509887695 -14795 -67
1.3049352169036865 -14795 -67
1.3115122318267822 -14796 -67
1.317044734954834 -14796 -67
1.3233141899108887 -14796 -68
1.3299648761749268 -14797 -68
1.3356378078460693 -14797 -68
1.3418986797332764 -14798 -68
1.3494594097137451 -14798 -69
1.3550186157226562 -14799 -70
1.3614490032196045 -14799 -69
1.3670411109924316 -14800 -68
1.373429775238037 -14800 -68
1.3801391124725342 -14800 -68
1.3858206272125244 -14801 -67
1.392076015472412 -14801 -69
1.3998503684997559 -14802 -69
1.4059276580810547 -14802 -67
1.412189245223999 -14802 -68
1.418755054473877 -14803 -68
1.4241716861724854 -14803 -67
1.4310524463653564 -14804 -67
1.4363417625427246 -14804 -68
1.4428074359893799 -14805 -69
1.4535212516784668 -14806 -68
1.4602718353271484 -14806 -68
1.465944766998291 -14806 -69
1.472632646560669 -14807 -69
1.4790260791778564 -14807 -68
1.4848294258117676 -14808 -69
1.4915440082550049 -14808 -69
1.498779296875 -14808 -67
1.50423264503479 -14809 -68
1.5111865997314453 -14809 -67
1.5167481899261475 -14810 -67
1.522984266281128 -14810 -68
1.529571533203125 -14810 -68
1.535085916519165 -14811 -68
1.5414745807647705 -14812 -68
1.5470359325408936 -14812 -68
1.5543808937072754 -14812 -68
1.5611183643341064 -14813 -69
1.5666718482971191 -14813 -68
1.5729124546051025 -14814 -69
1.579432487487793 -14814 -69
1.5849707126617432 -14814 -69
1.5913970470428467 -14815 -68
1.5969505310058594 -14815 -68
1.6041903495788574 -14816 -68
1.6111252307891846 -14816 -67
1.616671085357666 -14817 -67
1.6229298114776611 -14817 -67
1.6294658184051514 -14818 -67
1.6350092887878418 -14818 -67
1.6415917873382568 -14818 -67
1.6471731662750244 -14819 -68
1.6543922424316406 -14819 -67
1.6620047092437744 -14820 -67
1.6683201789855957 -14820 -67
1.6742100715637207 -14820 -68
1.6809048652648926 -14821 -69
1.6862022876739502 -14821 -69
1.6926724910736084 -14822 -69
1.6999049186706543 -14822 -68
1.7066545486450195 -14823 -68
1.7129464149475098 -14823 -67
1.7195076942443848 -14824 -67
1.725052833557129 -14824 -67
1.7316179275512695 -14824 -66
2.6983892917633057 -14890 -67
2.7053351402282715 -14891 -67
2.7116539478302 -14892 -68
2.7172510623931885 -14892 -68
2.7243950366973877 -14892 -67
2.7320263385772705 -14893 -67
2.739804267883301 -14894 -67
2.745420455932617 -14894 -67
2.7519259452819824 -14894 -68
2.7582929134368896 -14895 -67
2.7638325691223145 -14895 -68
2.770240068435669 -14896 -68
2.775939702987671 -14896 -68
2.7822508811950684 -14896 -68
2.7898292541503906 -14897 -68
2.7954251766204834 -14897 -68
2.8017518520355225 -14898 -68
2.807305335998535 -14898 -68
2.8138515949249268 -14898 -66
2.8202953338623047 -14899 -67
2.8259873390197754 -14899 -66
2.8323898315429688 -14900 -66
2.8400259017944336 -14900 -67
2.8457529544830322 -14900 -67
2.8520023822784424 -14901 -67
2.8582944869995117 -14902 -68
2.864025592803955 -14902 -68
2.8709471225738525 -14902 -68
2.8762595653533936 -14903 -68
2.8827407360076904 -14903 -68
2.890079975128174 -14904 -69
2.895766496658325 -14904 -69
2.9020328521728516 -14904 -68
2.9083333015441895 -14905 -68
2.9139935970306396 -14905 -68
2.920320987701416 -14906 -68
2.9260425567626953 -14906 -69
2.9327080249786377 -14906 -67
2.940062999725342 -14907 -67
2.9457509517669678 -14908 -68
2.9520299434661865 -14908 -68
2.958322048187256 -14908 -68
2.964142322540283 -14909 -69
2.970798969268799 -14909 -69
2.976166009902954 -14910 -68
2.9823780059814453 -14910 -69
2.9901223182678223 -14910 -69
2.9958560466766357 -14911 -70
