0 0 0
7.963180541992188e-05 -9400 0
0.008308649063110352 -9400 0
0.016301393508911133 -9400 -8
0.02198481559753418 -9401 -92
0.029459476470947266 -9403 -43
0.03619980812072754 -9404 -169
0.04414868354797363 -9406 -147
0.04970216751098633 -9408 -229
0.05614423751831055 -9410 -270
0.06170344352722168 -9412 -282
0.06797933578491211 -9414 -322
0.07486534118652344 -9416 -361
0.08485627174377441 -9420 -383
0.09157490730285645 -9423 -399
0.09804081916809082 -9426 -411
0.10477066040039062 -9428 -427
0.11049509048461914 -9431 -438
0.11674618721008301 -9434 -452
0.12303757667541504 -9437 -464
0.128692626953125 -9440 -473
0.1355888843536377 -9442 -478
0.1419227123260498 -9446 -484
0.1481468677520752 -9450 -488
0.15491914749145508 -9452 -494
0.16062664985656738 -9456 -497
0.16692137718200684 -9458 -503
0.17351984977722168 -9462 -506
0.17897439002990723 -9466 -512
0.18573880195617676 -9468 -516
0.19249653816223145 -9472 -521
0.19869685173034668 -9475 -523
0.2050330638885498 -9478 -524
0.21070361137390137 -9482 -528
0.2169802188873291 -9485 -528
0.22360682487487793 -9488 -531
0.22904610633850098 -9492 -533
0.23580074310302734 -9494 -530
0.24292516708374023 -9498 -531
0.24850940704345703 -9502 -530
0.2554340362548828 -9505 -534
0.26079249382019043 -9508 -536
0.26702308654785156 -9512 -539
0.2736043930053711 -9515 -540
0.27902889251708984 -9519 -542
0.2859330177307129 -9521 -542
0.29302239418029785 -9526 -542
0.29877233505249023 -9529 -543
0.3054773807525635 -9532 -541
0.3108232021331787 -9536 -542
0.3175621032714844 -9538 -540
0.32413148880004883 -9543 -543
0.3296809196472168 -9546 -540
0.3360919952392578 -9550 -542
0.34168505668640137 -9553 -542
0.348827600479126 -9556 -546
0.3554677963256836 -9559 -547
0.3608577251434326 -9562 -550
0.3673110008239746 -9566 -548
0.3737161159515381 -9570 -545
0.37961554527282715 -9574 -545
0.3860485553741455 -9577 -543
0.39161252975463867 -9580 -546
0.3988630771636963 -9583 -543
0.40557050704956055 -9586 -545
0.4109017848968506 -9591 -544
0.41764330863952637 -9593 -544
0.42422032356262207 -9598 -545
0.4297456741333008 -9601 -546
0.4363110065460205 -9604 -549
0.4418830871582031 -9607 -547
0.4494318962097168 -9612 -549
0.45592403411865234 -9615 -547
0.461519718170166 -9618 -547
0.46776247024536133 -9622 -542
0.474367618560791 -9625 -541
0.4843740463256836 -9630 -543
0.4900028705596924 -9634 -547
0.49758410453796387 -9637 -546
0.5043227672576904 -9641 -548
0.5099349021911621 -9644 -548
0.5162680149078369 -9648 -547
0.5218327045440674 -9651 -548
0.5280463695526123 -9654 -547
0.5346558094024658 -9658 -548
0.5403549671173096 -9661 -546
0.5478460788726807 -9665 -543
0.5545716285705566 -9668 -544
0.5602967739105225 -9672 -543
0.5665900707244873 -9675 -545
0.5725386142730713 -9678 -548
0.5784828662872314 -9682 -548
0.5849227905273438 -9685 -551
0.5906450748443604 -9688 -548
0.597977876663208 -9692 -548
0.6045734882354736 -9696 -545
0.6102769374847412 -9699 -546
0.6167337894439697 -9702 -546
0.6232821941375732 -9706 -547
0.6287024021148682 -9709 -547
0.6350586414337158 -9712 -545
0.6407618522644043 -9716 -545
0.6470208168029785 -9720 -547
0.6546077728271484 -9723 -549
0.6602952480316162 -9726 -549
0.6665134429931641 -9730 -552
0.6724424362182617 -9733 -550
0.6787230968475342 -9736 -547
0.6853744983673096 -9740 -546
0.6907689571380615 -9743 -545
0.6970107555389404 -9747 -543
0.704667329788208 -9750 -546
0.7103750705718994 -9754 -546
0.7166218757629395 -9757 -547
0.722557544708252 -9760 -547
0.728503942489624 -9764 -545
0.7354509830474854 -9767 -547
0.7408595085144043 -9770 -547
0.7473306655883789 -9775 -548
0.7547039985656738 -9778 -548
0.7604637145996094 -9781 -548
0.766716480255127 -9784 -543
0.7729876041412354 -9788 -544
0.7785444259643555 -9791 -543
0.7849631309509277 -9794 -544
0.7906613349914551 -9798 -545
0.7973062992095947 -9805 -550
0.8105230331420898 -9808 -547
0.8170065879821777 -9812 -549
0.8241569995880127 -9817 -546
0.8318519592285156 -9820 -548
0.8383204936981201 -9824 -545
0.8450601100921631 -9827 -546
0.8567991256713867 -9834 -542
0.8643548488616943 -9840 -545
0.8754847049713135 -9844 -548
0.8808653354644775 -9849 -551
0.8909902572631836 -9854 -551
0.8999342918395996 -9859 -550
0.9094784259796143 -9863 -546
0.9165067672729492 -9866 -545
0.9224302768707275 -9870 -545
0.9283297061920166 -9874 -546
0.9369919300079346 -9878 -546
0.9435844421386719 -9881 -545
0.949028730392456 -9886 -544
0.9575948715209961 -9888 -547
0.9654839038848877 -9893 -549
0.9708657264709473 -9897 -550
0.9786670207977295 -9902 -550
0.9864585399627686 -9905 -547
0.9920308589935303 -9908 -543
1.001037359237671 -9914 -544
1.0086779594421387 -9917 -545
1.0150363445281982 -9920 -546
1.023632287979126 -9924 -547
1.0290422439575195 -9929 -546
1.0359699726104736 -9932 -549
1.0433509349822998 -9936 -548
1.048844575881958 -9940 -550
1.0574698448181152 -9943 -546
1.0650427341461182 -9948 -548
1.070765733718872 -9953 -544
1.0814464092254639 -9957 -544
1.089980125427246 -9963 -544
1.1000328063964844 -9967 -548
1.1075189113616943 -9970 -549
1.1140415668487549 -9975 -549
1.1296570301055908 -9984 -547
1.1382372379302979 -9989 -545
1.1461269855499268 -9992 -548
1.1535556316375732 -9996 -546
1.160498857498169 -10001 -542
1.170353651046753 -10005 -543
1.1766560077667236 -10008 -544
1.1829710006713867 -10012 -549
1.1908364295959473 -10018 -550
1.1975407600402832 -10020 -550
1.2040865421295166 -10024 -548
1.210493803024292 -10030 -545
1.2215166091918945 -10034 -544
1.2278032302856445 -10037 -546
1.2343263626098633 -10040 -544
1.2418596744537354 -10045 -546
1.2481074333190918 -10048 -546
1.2546780109405518 -10051 -546
1.2614376544952393 -10056 -546
1.2742059230804443 -10062 -548
1.280470371246338 -10067 -550
1.2930266857147217 -10072 -545
1.3013110160827637 -10078 -543
1.30775785446167 -10081 -542
1.315601110458374 -10084 -548
1.3310120105743408 -10094 -548
1.3377254009246826 -10098 -549
1.3487722873687744 -10103 -548
1.3557038307189941 -10106 -547
1.3624513149261475 -10112 -549
1.3724756240844727 -10116 -547
1.3786556720733643 -10121 -545
1.387449026107788 -10124 -542
1.3957862854003906 -10130 -544
1.4045052528381348 -10134 -547
1.4143049716949463 -10139 -548
1.4199323654174805 -10143 -551
1.428095817565918 -10148 -548
1.4389841556549072 -10153 -546
1.4459500312805176 -10156 -544
1.4515275955200195 -10163 -545
1.4655945301055908 -10166 -546
1.470923900604248 -10170 -546
1.4786920547485352 -10175 -545
1.4882330894470215 -10179 -548
1.4983210563659668 -10186 -551
1.509488821029663 -10192 -547
1.5174129009246826 -10194 -544
1.5269060134887695 -10202 -544
1.5387840270996094 -10206 -544
1.54547119140625 -10210 -545
1.5508716106414795 -10213 -546
1.5593669414520264 -10219 -546
1.566741943359375 -10222 -548
1.5733354091644287 -10225 -550
1.5789854526519775 -10230 -548
1.5867071151733398 -10233 -548
1.5943500995635986 -10237 -548
1.5999541282653809 -10242 -546
1.6073989868164062 -10244 -542
1.6158757209777832 -10248 -543
1.6230134963989258 -10252 -546
1.628678798675537 -10257 -547
1.6358122825622559 -10259 -550
1.6413288116455078 -10264 -549
1.6476104259490967 -10266 -548
1.654231309890747 -10270 -549
1.6597602367401123 -10274 -547
1.6669957637786865 -10277 -547
1.6735990047454834 -10280 -545
1.6790237426757812 -10286 -546
1.6889808177947998 -10290 -543
1.695972204208374 -10293 -543
1.7015354633331299 -10296 -544
1.7079336643218994 -10300 -548
1.7146961688995361 -10303 -549
1.7213802337646484 -10307 -551
1.7276332378387451 -10310 -549
1.7342205047607422 -10314 -548
1.7397336959838867 -10317 -547
1.7461578845977783 -10320 -544
1.7517173290252686 -10324 -545
1.7581264972686768 -10327 -545
1.764648675918579 -10330 -545
1.7714345455169678 -10334 -544
1.7777142524719238 -10338 -545
1.7842562198638916 -10341 -546
1.789860725402832 -10344 -546
1.7961914539337158 -10348 -548
1.8035688400268555 -10351 -549
1.8090226650238037 -10356 -550
1.815922737121582 -10359 -547
1.824075698852539 -10363 -545
1.8296494483947754 -10366 -544
1.8360888957977295 -10370 -543
1.8416926860809326 -10373 -544
1.8481082916259766 -10376 -546
1.8546695709228516 -10380 -546
1.8604538440704346 -10383 -546
1.8667030334472656 -10387 -548
1.8744738101959229 -10390 -549
1.8800690174102783 -10394 -547
1.8864092826843262 -10397 -550
1.8980541229248047 -10404 -547
1.904707670211792 -10407 -545
1.9103929996490479 -10410 -543
1.9166388511657715 -10414 -542
1.9242808818817139 -10418 -544
1.9299261569976807 -10421 -547
1.9364261627197266 -10424 -547
1.9419658184051514 -10428 -552
1.9482195377349854 -10431 -548
1.954843282699585 -10434 -549
1.9605140686035156 -10438 -547
1.9667651653289795 -10442 -547
1.9744818210601807 -10445 -546
1.9802117347717285 -10448 -547
1.9864485263824463 -10452 -546
1.9920103549957275 -10455 -545
1.9985017776489258 -10458 -545
2.0050065517425537 -10462 -545
2.010706663131714 -10465 -545
2.0169570446014404 -10469 -550
2.024487257003784 -10472 -550
2.0301296710968018 -10476 -549
2.0364670753479004 -10479 -548
2.042003631591797 -10482 -546
2.0482401847839355 -10486 -545
2.054997444152832 -10489 -544
2.0607025623321533 -10492 -545
2.066984176635742 -10496 -545
2.074606418609619 -10500 -545
2.0802881717681885 -10505 -545
2.09045147895813 -10508 -548
2.096851110458374 -10512 -548
2.1033787727355957 -10515 -547
2.1093108654022217 -10520 -548
2.116093158721924 -10523 -548
2.121718406677246 -10526 -546
2.128965139389038 -10530 -543
2.1357638835906982 -10532 -543
2.1413018703460693 -10537 -542
2.147610664367676 -10539 -544
2.154209852218628 -10544 -545
2.159747838973999 -10547 -547
2.166130304336548 -10550 -550
2.1717138290405273 -10554 -548
2.1793582439422607 -10558 -546
2.1858444213867188 -10560 -547
2.1914072036743164 -10564 -545
2.1977624893188477 -10568 -546
2.204357862472534 -10571 -548
2.2099921703338623 -10574 -545
2.2163076400756836 -10578 -543
2.2218761444091797 -10581 -541
2.229330539703369 -10585 -543
2.236062526702881 -10588 -546
2.2416019439697266 -10592 -550
2.2478420734405518 -10595 -551
2.254387140274048 -10598 -551
2.2599897384643555 -10602 -549
2.2663512229919434 -10605 -546
2.271911859512329 -10608 -545
2.279418706893921 -10612 -546
2.2859151363372803 -10614 -546
2.291527509689331 -10619 -544
2.2980074882507324 -10622 -546
2.3045456409454346 -10626 -543
2.31026291847229 -10629 -546
2.316507577896118 -10632 -545
2.322051763534546 -10636 -549
2.3294765949249268 -10640 -551
2.3359768390655518 -10643 -549
2.3415634632110596 -10646 -550
2.347855567932129 -10650 -546
2.3545777797698975 -10653 -545
2.360316753387451 -10656 -542
2.3667593002319336 -10660 -543
2.3733043670654297 -10664 -544
2.3800106048583984 -10667 -546
2.3863253593444824 -10670 -545
2.39188551902771 -10674 -546
2.39811372756958 -10677 -547
2.404665231704712 -10680 -548
2.410410165786743 -10684 -548
2.416835308074951 -10687 -547
2.423396110534668 -10690 -549
2.4299232959747314 -10694 -546
2.4362761974334717 -10698 -545
2.441863536834717 -10701 -541
2.4482498168945312 -10704 -542
2.4548051357269287 -10708 -543
2.460524320602417 -10711 -547
2.4668538570404053 -10714 -547
2.473404884338379 -10717 -548
2.480327606201172 -10722 -546
2.490487575531006 -10727 -548
2.4969935417175293 -10730 -546
2.503598690032959 -10734 -548
2.5094192028045654 -10738 -545
2.516096591949463 -10741 -546
2.5217134952545166 -10744 -543
2.5279808044433594 -10749 -544
2.5358386039733887 -10751 -543
2.5413546562194824 -10756 -546
2.547626256942749 -10758 -548
2.554189920425415 -10762 -548
2.5597422122955322 -10766 -550
2.5661277770996094 -10769 -547
2.571709156036377 -10772 -547
2.5779995918273926 -10776 -544
2.5857183933258057 -10778 -544
2.591042995452881 -10783 -546
2.5977365970611572 -10786 -546
2.6042802333831787 -10790 -546
2.6099307537078857 -10793 -545
2.6162772178649902 -10796 -545
2.621856927871704 -10799 -547
2.6282541751861572 -10804 -547
2.635999917984009 -10807 -548
2.6415441036224365 -10810 -551
2.6478099822998047 -10814 -547
2.65450119972229 -10817 -546
2.660114049911499 -10820 -543
2.66646146774292 -10823 -543
2.6719844341278076 -10826 -542
2.67822265625 -10831 -546
2.685945749282837 -10834 -547
2.6915230751037598 -10838 -546
2.6977779865264893 -10841 -547
2.7043747901916504 -10844 -546
2.7099692821502686 -10848 -549
2.716451644897461 -10851 -547
2.7220325469970703 -10854 -549
2.7282514572143555 -10858 -546
2.735921621322632 -10860 -546
2.741466522216797 -10865 -544
2.7477357387542725 -10868 -542
2.754467248916626 -10871 -543
2.760067939758301 -10875 -545
2.7663991451263428 -10878 -547
2.771933078765869 -10881 -549
2.778322458267212 -10884 -551
2.785909652709961 -10889 -548
2.7914955615997314 -10892 -549
2.797757625579834 -10896 -546
2.8049726486206055 -10899 -545
2.810685873031616 -10902 -545
2.8169257640838623 -10905 -546
2.823509693145752 -10908 -546
2.8289263248443604 -10913 -545
2.8366174697875977 -10916 -544
2.842958688735962 -10920 -546
2.8487110137939453 -10923 -547
2.8550562858581543 -10926 -548
2.860732078552246 -10930 -550
2.8670201301574707 -10933 -550
2.873605966567993 -10936 -547
2.879026412963867 -10940 -544
2.8867061138153076 -10947 -544
2.8973989486694336 -10949 -543
2.903751850128174 -10954 -547
2.9096546173095703 -10956 -544
2.916224718093872 -10960 -546
2.9217982292175293 -10963 -544
2.9280459880828857 -10966 -546
2.934633493423462 -10970 -547
2.9410624504089355 -10974 -549
2.9475607872009277 -10976 -548
2.9542946815490723 -10981 -548
2.959918260574341 -10984 -544
2.966230869293213 -10987 -542
2.9717562198638916 -10990 -543
2.9779915809631348 -10994 -542
2.9846057891845703 -10997 -545
2.9913580417633057 -11002 -546
2.997612714767456 -11004 -548
