0 0 0
8.130073547363281e-05 -5080 0
0.008052587509155273 -5080 0
0.01357126235961914 -5078 25
0.022016525268554688 -5077 25
0.03133535385131836 -5076 178
0.03786420822143555 -5074 233
0.04420208930969238 -5071 268
0.05047321319580078 -5069 343
0.05640673637390137 -5066 377
0.06269955635070801 -5064 428
0.06934237480163574 -5060 473
0.07469773292541504 -5057 493
0.08121895790100098 -5054 528
0.08756375312805176 -5049 566
0.09449195861816406 -5046 596
0.1007544994354248 -5042 611
0.10735964775085449 -5038 637
0.11278009414672852 -5032 655
0.119659423828125 -5030 674
0.12518978118896484 -5024 688
0.13144326210021973 -5021 698
0.13802385330200195 -5015 714
0.1444380283355713 -5011 727
0.15071582794189453 -5006 733
0.15725994110107422 -5002 741
0.16274642944335938 -4997 754
0.16943907737731934 -4992 765
0.17475295066833496 -4986 774
0.1813828945159912 -4983 779
0.18785762786865234 -4977 785
0.19427919387817383 -4972 791
0.20056438446044922 -4967 794
0.20683073997497559 -4962 797
0.21239900588989258 -4958 800
0.2193460464477539 -4953 803
0.2247474193572998 -4948 810
0.2312171459197998 -4943 818
0.23755955696105957 -4936 819
0.24335622787475586 -4932 816
0.25060510635375977 -4926 819
0.2568936347961426 -4922 818
0.26251840591430664 -4917 820
0.2688615322113037 -4912 825
0.27452659606933594 -4907 827
0.2808067798614502 -4902 830
0.29016709327697754 -4894 832
0.2987368106842041 -4887 831
0.3044912815093994 -4882 829
0.3109171390533447 -4877 830
0.3175060749053955 -4870 833
0.3233046531677246 -4865 836
0.3297865390777588 -4862 836
0.3353736400604248 -4855 837
0.3416173458099365 -4850 838
0.34946465492248535 -4845 838
0.3547797203063965 -4838 835
0.3614492416381836 -4835 834
0.3680551052093506 -4828 835
0.37363457679748535 -4823 840
0.3800017833709717 -4818 841
0.3855583667755127 -4813 842
0.39185571670532227 -4808 841
0.3995535373687744 -4803 839
0.4048447608947754 -4796 840
0.41132044792175293 -4793 839
0.41800451278686523 -4786 837
0.4235713481903076 -4781 839
0.429950475692749 -4776 843
0.43552350997924805 -4771 846
0.44173097610473633 -4766 843
0.4493229389190674 -4761 839
0.4546949863433838 -4756 840
0.4609200954437256 -4751 840
0.4675281047821045 -4746 839
0.47292160987854004 -4739 842
0.47984886169433594 -4734 842
0.48540282249450684 -4729 844
0.4916260242462158 -4724 846
0.4981858730316162 -4719 844
0.504690408706665 -4714 838
0.5111832618713379 -4709 841
0.517531156539917 -4704 841
0.5229291915893555 -4697 843
0.5296540260314941 -4694 846
0.5352199077606201 -4687 847
0.5416243076324463 -4682 848
0.5481431484222412 -4676 845
0.5545182228088379 -4672 843
0.5607914924621582 -4666 840
0.5674095153808594 -4662 839
0.5728311538696289 -4654 844
0.579578161239624 -4651 845
0.585822582244873 -4644 848
0.5920438766479492 -4640 846
0.598801851272583 -4632 846
0.6055786609649658 -4628 845
0.6120080947875977 -4622 841
0.6186041831970215 -4618 841
0.6243126392364502 -4612 845
0.6305594444274902 -4607 847
0.6368985176086426 -4602 847
0.6425180435180664 -4597 848
0.6488633155822754 -4590 841
0.6556904315948486 -4585 842
0.6620688438415527 -4580 842
0.6686680316925049 -4575 844
0.6743688583374023 -4570 842
0.6806662082672119 -4565 847
0.6900060176849365 -4556 847
0.6973137855529785 -4552 844
0.7041761875152588 -4545 842
0.7106356620788574 -4540 841
0.7171885967254639 -4535 842
0.7228841781616211 -4528 846
0.7296271324157715 -4524 844
0.7351720333099365 -4518 845
0.741614818572998 -4513 847
0.7481942176818848 -4508 848
0.7547316551208496 -4502 841
0.7612082958221436 -4498 839
0.767594575881958 -4492 840
0.7732679843902588 -4486 843
0.7799272537231445 -4480 845
0.7854714393615723 -4476 847
0.7917025089263916 -4470 846
0.7982861995697021 -4466 845
0.804828405380249 -4459 844
0.8113174438476562 -4455 842
0.8178553581237793 -4448 838
0.8233144283294678 -4444 840
0.8297967910766602 -4440 846
0.8354101181030273 -4433 846
0.8418505191802979 -4428 846
0.8484859466552734 -4423 846
0.8552215099334717 -4416 843
0.8614699840545654 -4413 843
0.8682115077972412 -4406 840
0.8738479614257812 -4401 841
0.8801999092102051 -4396 843
0.8857402801513672 -4391 848
0.8919486999511719 -4386 847
0.8986704349517822 -4381 846
0.9043543338775635 -4374 841
0.9117043018341064 -4369 842
0.9182381629943848 -4364 843
0.9238359928131104 -4359 842
0.9301681518554688 -4354 844
0.9357080459594727 -4349 847
0.9419686794281006 -4344 848
0.9485032558441162 -4339 847
0.9541809558868408 -4332 843
0.9615945816040039 -4327 839
0.968203067779541 -4322 840
0.9738056659698486 -4317 841
0.9801361560821533 -4312 845
0.9856655597686768 -4307 846
0.9919412136077881 -4302 845
0.9986886978149414 -4296 847
1.0044116973876953 -4290 844
1.0115923881530762 -4285 839
1.0183031558990479 -4280 840
1.023914098739624 -4275 843
1.0301880836486816 -4270 842
1.0357434749603271 -4264 847
1.041940689086914 -4260 845
1.048482894897461 -4254 847
1.0541841983795166 -4248 843
1.0614893436431885 -4244 845
1.0680289268493652 -4238 840
1.073591947555542 -4232 842
1.0801043510437012 -4228 842
1.0856549739837646 -4220 849
1.0958149433135986 -4214 845
1.102318525314331 -4209 845
1.110114574432373 -4202 842
1.115614891052246 -4197 841
1.1219687461853027 -4192 841
1.1286773681640625 -4187 840
1.134324550628662 -4182 845
1.1407275199890137 -4177 847
1.1473009586334229 -4172 847
1.1527175903320312 -4166 844
1.1601059436798096 -4160 841
1.1657121181488037 -4155 841
1.1719427108764648 -4150 841
1.1784884929656982 -4145 841
1.1841495037078857 -4140 843
1.1903934478759766 -4134 844
1.1963415145874023 -4130 847
1.202507495880127 -4124 845
1.2088382244110107 -4118 842
1.215606689453125 -4112 841
1.2218248844146729 -4108 839
1.2283871173858643 -4102 842
1.2340714931488037 -4098 845
1.2403156757354736 -4092 846
1.2458436489105225 -4087 846
1.252061367034912 -4082 845
1.2588469982147217 -4076 844
1.265611171722412 -4070 841
1.2718515396118164 -4065 841
1.2784717082977295 -4060 843
1.2841744422912598 -4055 844
1.2903940677642822 -4050 848
1.2958996295928955 -4045 848
1.30210542678833 -4040 844
1.3086557388305664 -4033 845
1.3153691291809082 -4028 842
1.321774959564209 -4023 839
1.328282117843628 -4018 842
1.3338360786437988 -4013 848
1.340188980102539 -4008 846
1.3457255363464355 -4003 848
1.3519446849822998 -3998 846
1.3585209846496582 -3992 841
1.3652722835540771 -3986 842
1.3715510368347168 -3982 842
1.378326654434204 -3976 842
1.3839294910430908 -3971 845
1.39042329788208 -3966 847
1.395921230316162 -3960 849
1.4021716117858887 -3956 847
1.4087092876434326 -3950 844
1.4154629707336426 -3944 842
1.4217042922973633 -3938 842
1.4282636642456055 -3934 843
1.433837890625 -3928 847
1.440323829650879 -3924 847
1.4458675384521484 -3918 846
1.452082633972168 -3913 845
1.4586701393127441 -3908 846
1.4653236865997314 -3902 841
1.4715871810913086 -3896 838
1.478170394897461 -3891 842
1.4837825298309326 -3886 849
1.4939849376678467 -3878 847
1.500568151473999 -3873 845
1.5068321228027344 -3868 844
1.5127086639404297 -3861 844
1.520533800125122 -3856 842
1.5268075466156006 -3851 840
1.5323550701141357 -3846 841
1.53883695602417 -3840 847
1.5444931983947754 -3836 847
1.5507428646087646 -3830 849
1.5573132038116455 -3826 846
1.5628907680511475 -3819 842
1.5702879428863525 -3814 841
1.5758328437805176 -3808 841
1.5820491313934326 -3802 842
1.5896854400634766 -3798 843
1.5952153205871582 -3792 847
1.60148286819458 -3788 849
1.6080090999603271 -3782 846
1.6135706901550293 -3776 840
1.6208653450012207 -3772 842
1.6274707317352295 -3766 843
1.6328775882720947 -3760 842
1.6396124362945557 -3756 844
1.6448869705200195 -3749 848
1.6515507698059082 -3744 846
1.6581218242645264 -3739 845
1.6636302471160889 -3734 843
1.670813798904419 -3729 840
1.6773958206176758 -3724 839
1.6832811832427979 -3717 843
1.6897435188293457 -3714 848
1.695263147354126 -3707 846
1.701502799987793 -3704 846
1.7081072330474854 -3697 847
1.713709831237793 -3692 843
1.720811367034912 -3687 841
1.7274062633514404 -3682 839
1.7328236103057861 -3675 842
1.7397801876068115 -3672 846
1.7453582286834717 -3665 849
1.7516112327575684 -3660 847
1.7581536769866943 -3655 844
1.7637741565704346 -3650 845
1.7709078788757324 -3645 843
1.7775194644927979 -3638 839
1.7833020687103271 -3633 841
1.789776086807251 -3630 845
1.8014466762542725 -3619 848
1.8080790042877197 -3612 846
1.813607931137085 -3608 844
1.82071852684021 -3602 842
1.8273570537567139 -3598 841
1.8328242301940918 -3591 842
1.8396029472351074 -3587 842
1.8449139595031738 -3580 847
1.8514015674591064 -3577 847
1.8581092357635498 -3570 847
1.8637034893035889 -3565 841
1.8700602054595947 -3560 840
1.8774704933166504 -3555 840
1.8828752040863037 -3548 842
1.8931965827941895 -3540 843
1.899834394454956 -3535 845
1.9053773880004883 -3530 845
1.9119446277618408 -3525 846
1.9187886714935303 -3518 842
1.9255151748657227 -3513 839
1.9317617416381836 -3508 841
1.9383447170257568 -3503 842
1.9439506530761719 -3498 845
1.9502811431884766 -3493 847
1.955796480178833 -3488 845
1.9620230197906494 -3482 845
1.9686193466186523 -3478 843
1.9753789901733398 -3471 842
1.9818048477172852 -3466 841
1.988327980041504 -3461 840
1.9939045906066895 -3456 846
2.000204563140869 -3450 848
2.0057382583618164 -3446 846
2.0119595527648926 -3440 843
2.0185179710388184 -3435 842
2.0252556800842285 -3428 842
2.0316195487976074 -3424 841
2.038355827331543 -3418 843
2.043952465057373 -3414 846
2.05027174949646 -3408 847
2.05582857131958 -3403 847
2.062046766281128 -3398 846
2.068591356277466 -3393 843
2.0753321647644043 -3386 840
2.0815982818603516 -3381 843
2.0881481170654297 -3376 842
2.0937340259552 -3371 842
2.100245714187622 -3366 847
2.105774402618408 -3361 848
2.1120119094848633 -3356 846
2.1185553073883057 -3351 843
2.1242868900299072 -3344 841
2.131563425064087 -3341 841
2.1381359100341797 -3334 843
2.143735647201538 -3329 846
2.1500580310821533 -3324 844
2.155566930770874 -3319 843
2.1620054244995117 -3314 844
2.1687116622924805 -3309 844
2.174455165863037 -3302 842
2.181696891784668 -3297 837
2.1882541179656982 -3292 842
2.1938531398773193 -3287 845
2.200188398361206 -3282 845
2.2057271003723145 -3276 848
2.2119765281677246 -3272 847
2.2186973094940186 -3266 844
2.224355459213257 -3260 846
2.231553792953491 -3256 841
2.2381279468536377 -3250 840
2.243699789047241 -3244 842
2.2500336170196533 -3239 848
2.2555923461914062 -3234 847
2.2618706226348877 -3229 848
2.2684412002563477 -3224 845
2.2741446495056152 -3218 843
2.2815165519714355 -3214 844
2.288105010986328 -3206 844
2.2984724044799805 -3199 844
2.304152250289917 -3194 849
2.3105883598327637 -3188 852
2.3169288635253906 -3184 844
2.3227486610412598 -3178 840
2.3302438259124756 -3172 843
2.335794687271118 -3167 844
2.342332124710083 -3162 842
2.348741054534912 -3156 846
2.354428768157959 -3152 845
2.3606979846954346 -3146 848
2.3672642707824707 -3141 848
2.372711181640625 -3136 844
2.380154609680176 -3130 842
2.385737657546997 -3124 840
2.391970157623291 -3119 844
2.398707389831543 -3114 848
2.4043936729431152 -3109 845
2.410672187805176 -3104 849
2.417205572128296 -3099 847
2.422640800476074 -3094 844
2.429542303085327 -3087 844
2.4358973503112793 -3082 842
2.4421167373657227 -3077 841
2.4486865997314453 -3072 845
2.454660415649414 -3065 849
2.461606979370117 -3060 848
2.4681556224823 -3055 845
2.473743438720703 -3050 845
2.4800913333892822 -3045 844
2.487555980682373 -3040 841
2.493166446685791 -3033 841
2.499695062637329 -3030 846
2.5052003860473633 -3023 848
2.5115013122558594 -3020 850
2.5181939601898193 -3013 847
2.5238137245178223 -3008 845
2.5301883220672607 -3003 842
2.537585973739624 -2998 843
2.543269157409668 -2991 845
2.5497398376464844 -2988 844
2.5552709102630615 -2981 846
2.5617403984069824 -2976 847
2.5683040618896484 -2970 848
2.5738797187805176 -2966 844
2.580350399017334 -2959 839
2.5886363983154297 -2954 842
2.594308614730835 -2949 844
2.600609064102173 -2944 843
2.6072022914886475 -2938 845
2.612680673599243 -2934 847
2.6192848682403564 -2928 846
2.6246514320373535 -2923 844
2.6309008598327637 -2916 840
2.638684034347534 -2912 839
2.644359827041626 -2906 841
2.650602102279663 -2902 844
2.6569316387176514 -2896 845
2.6625771522521973 -2891 843
2.6689131259918213 -2886 843
2.6745591163635254 -2881 842
2.680845022201538 -2874 840
2.688613176345825 -2870 839
2.6993393898010254 -2861 842
2.704699993133545 -2854 845
2.7113630771636963 -2851 846
2.718029499053955 -2844 845
2.7235984802246094 -2839 841
2.7299911975860596 -2834 842
2.7374420166015625 -2829 840
2.742861032485962 -2822 840
2.7496185302734375 -2819 841
2.754911184310913 -2812 844
2.761584997177124 -2807 845
2.7681803703308105 -2802 846
2.7737925052642822 -2797 844
2.7801320552825928 -2792 841
2.787447452545166 -2787 838
2.792888879776001 -2780 842
2.799656867980957 -2777 843
2.805205821990967 -2770 840
2.8114562034606934 -2766 842
2.81820011138916 -2760 845
2.8238184452056885 -2755 844
2.8301546573638916 -2750 842
2.835700750350952 -2745 839
2.842806100845337 -2738 838
2.8495571613311768 -2734 841
2.854865074157715 -2728 844
2.8613133430480957 -2724 845
2.8678107261657715 -2720 843
2.873290777206421 -2712 844
2.8799619674682617 -2708 843
2.885568618774414 -2702 838
2.89280366897583 -2696 839
2.8995299339294434 -2692 841
2.904843807220459 -2686 844
2.911316156387329 -2682 847
2.9176185131073 -2677 845
2.9232871532440186 -2670 842
2.92976450920105 -2667 843
2.9353089332580566 -2660 840
2.942765951156616 -2654 840
2.94966721534729 -2650 842
2.9551711082458496 -2644 842
2.961442470550537 -2640 849
2.968017816543579 -2634 848
2.973554849624634 -2628 844
2.9799644947052 -2623 841
2.985511302947998 -2618 840
2.9931633472442627 -2612 840
2.999857187271118 -2606 842
