0 0 0
8.153915405273438e-05 -5274 0
0.007759809494018555 -5274 0
0.01329183578491211 -5274 -3
0.0197904109954834 -5275 -83
0.028106212615966797 -5276 -43
0.034693002700805664 -5278 -24
0.041214704513549805 -5280 -253
0.04777050018310547 -5282 -273
0.05335664749145508 -5285 -336
0.05956888198852539 -5288 -386
0.06614804267883301 -5290 -407
0.07182836532592773 -5293 -435
0.07813405990600586 -5296 -471
0.08468985557556152 -5299 -493
0.09136271476745605 -5303 -522
0.09770941734313965 -5309 -559
0.10863161087036133 -5312 -577
0.11503028869628906 -5318 -591
0.12096595764160156 -5321 -601
0.12764787673950195 -5325 -609
0.13318204879760742 -5329 -621
0.13940668106079102 -5334 -633
0.14710068702697754 -5336 -646
0.15260958671569824 -5342 -654
0.15889930725097656 -5344 -662
0.16568422317504883 -5350 -671
0.17128682136535645 -5354 -677
0.17765569686889648 -5358 -680
0.1832277774810791 -5362 -687
0.18946337699890137 -5368 -690
0.19718050956726074 -5370 -691
0.20275115966796875 -5376 -696
0.20903921127319336 -5380 -700
0.2155916690826416 -5385 -704
0.22121548652648926 -5389 -712
0.2277209758758545 -5393 -714
0.23329520225524902 -5398 -713
0.23951482772827148 -5403 -715
0.24720263481140137 -5406 -714
0.25278186798095703 -5412 -717
0.2592287063598633 -5416 -717
0.26580333709716797 -5420 -718
0.2714254856109619 -5425 -721
0.27774763107299805 -5429 -724
0.2832803726196289 -5434 -729
0.28980445861816406 -5440 -727
0.2975749969482422 -5444 -727
0.3031458854675293 -5448 -725
0.30940937995910645 -5452 -726
0.3159487247467041 -5457 -726
0.3216838836669922 -5461 -728
0.32804155349731445 -5466 -730
0.33459043502807617 -5470 -730
0.34003710746765137 -5476 -732
0.34771275520324707 -5480 -734
0.35329174995422363 -5485 -732
0.3595268726348877 -5489 -731
0.3660914897918701 -5494 -728
0.3718090057373047 -5498 -727
0.3781139850616455 -5502 -732
0.3846709728240967 -5507 -732
0.39029979705810547 -5512 -735
0.397672176361084 -5517 -733
0.4032461643218994 -5522 -735
0.4097912311553955 -5526 -737
0.41625118255615234 -5530 -735
0.4219508171081543 -5535 -733
0.42821812629699707 -5539 -730
0.43480873107910156 -5544 -730
0.4402463436126709 -5549 -733
0.4477083683013916 -5554 -736
0.4532625675201416 -5558 -737
0.45949840545654297 -5562 -736
0.46625828742980957 -5567 -736
0.47194623947143555 -5572 -735
0.4782073497772217 -5576 -733
0.48479175567626953 -5580 -732
0.49022746086120605 -5586 -731
0.49778032302856445 -5590 -733
0.5077805519104004 -5598 -737
0.5133490562438965 -5602 -740
0.5200836658477783 -5607 -737
0.5270636081695557 -5611 -736
0.5326039791107178 -5617 -733
0.539038896560669 -5622 -731
0.5455996990203857 -5626 -733
0.5520150661468506 -5630 -735
0.558250904083252 -5634 -735
0.5648612976074219 -5639 -736
0.5703396797180176 -5645 -737
0.5771036148071289 -5648 -739
0.5826287269592285 -5654 -738
0.5890562534332275 -5658 -733
0.5956225395202637 -5662 -732
0.6021931171417236 -5668 -733
0.6086993217468262 -5672 -734
0.6150438785552979 -5676 -737
0.6207315921783447 -5682 -738
0.6272366046905518 -5686 -740
0.6328139305114746 -5690 -736
0.6390962600708008 -5695 -736
0.6458258628845215 -5700 -736
0.6523392200469971 -5705 -733
0.6588616371154785 -5708 -732
0.6654303073883057 -5714 -731
0.6709799766540527 -5718 -735
0.67742919921875 -5723 -738
0.6830043792724609 -5727 -739
0.6892650127410889 -5732 -736
0.6958584785461426 -5736 -735
0.7023465633392334 -5742 -733
0.7090086936950684 -5746 -733
0.7155752182006836 -5751 -733
0.7212057113647461 -5755 -731
0.7275314331054688 -5760 -733
0.7330751419067383 -5764 -736
0.7393355369567871 -5768 -738
0.7459113597869873 -5773 -739
0.7526731491088867 -5779 -736
0.7589216232299805 -5782 -733
0.7656495571136475 -5788 -730
0.771275520324707 -5792 -733
0.7777571678161621 -5796 -733
0.7833471298217773 -5801 -736
0.7896120548248291 -5805 -737
0.7961459159851074 -5810 -737
0.8029565811157227 -5816 -740
0.8092672824859619 -5820 -737
0.8159468173980713 -5824 -735
0.821629524230957 -5829 -731
0.828049898147583 -5833 -732
0.8346242904663086 -5838 -733
0.8401083946228027 -5842 -736
0.8467578887939453 -5846 -737
0.8546452522277832 -5852 -737
0.8601124286651611 -5857 -737
0.8668794631958008 -5861 -738
0.8722140789031982 -5867 -736
0.8786909580230713 -5870 -734
0.8850429058074951 -5876 -732
0.8909411430358887 -5880 -732
0.8974020481109619 -5885 -732
0.9078080654144287 -5894 -741
0.9159834384918213 -5898 -738
0.9217574596405029 -5902 -737
0.9281783103942871 -5907 -736
0.9347324371337891 -5911 -734
0.9403388500213623 -5917 -734
0.9472768306732178 -5922 -733
0.9545879364013672 -5926 -733
0.9600136280059814 -5930 -734
0.9663641452789307 -5935 -739
0.9720890522003174 -5941 -739
0.9787156581878662 -5944 -739
0.9850494861602783 -5950 -734
0.9907538890838623 -5954 -732
0.9972538948059082 -5958 -732
1.0028181076049805 -5963 -735
1.0101659297943115 -5967 -735
1.0167999267578125 -5972 -737
1.0221705436706543 -5976 -738
1.0286445617675781 -5984 -738
1.0373191833496094 -5988 -739
1.042900562286377 -5992 -737
1.0491299629211426 -5996 -734
1.0567870140075684 -6001 -733
1.062166452407837 -6007 -732
1.068847894668579 -6010 -736
1.0753860473632812 -6016 -738
1.080913782119751 -6020 -738
1.0873255729675293 -6024 -738
1.0928871631622314 -6029 -736
1.0991487503051758 -6034 -737
1.1068053245544434 -6038 -735
1.1122214794158936 -6044 -734
1.1186771392822266 -6047 -731
1.1250503063201904 -6052 -732
1.130950689315796 -6057 -739
1.1373436450958252 -6062 -740
1.142876386642456 -6066 -738
1.1491308212280273 -6070 -736
1.1556997299194336 -6075 -734
1.1621227264404297 -6080 -734
1.1687467098236084 -6084 -734
1.1752543449401855 -6090 -735
1.1807427406311035 -6094 -733
1.1874351501464844 -6098 -738
1.1929984092712402 -6103 -739
1.1992385387420654 -6107 -741
1.205761194229126 -6112 -738
1.2123286724090576 -6117 -734
1.218869924545288 -6120 -732
1.2254664897918701 -6126 -734
1.231041669845581 -6130 -734
1.2374730110168457 -6135 -737
1.2430288791656494 -6140 -736
1.2494120597839355 -6144 -737
1.2559528350830078 -6148 -739
1.2627496719360352 -6154 -738
1.2690577507019043 -6158 -737
1.2756316661834717 -6163 -734
1.281261682510376 -6168 -731
1.2875792980194092 -6172 -732
1.293135166168213 -6176 -735
1.2995884418487549 -6181 -738
1.3111813068389893 -6190 -738
1.3176908493041992 -6194 -737
1.3232791423797607 -6198 -736
1.329789400100708 -6203 -737
1.3363382816314697 -6207 -733
1.3420748710632324 -6212 -733
1.3483154773712158 -6216 -732
1.3549048900604248 -6220 -736
1.3616597652435303 -6226 -740
1.3680853843688965 -6231 -739
1.3746516704559326 -6235 -738
1.380126714706421 -6240 -735
1.3867909908294678 -6244 -735
1.3921658992767334 -6248 -734
1.3986258506774902 -6253 -734
1.4049909114837646 -6257 -733
1.4117653369903564 -6263 -735
1.418034315109253 -6268 -737
1.4243135452270508 -6272 -741
1.4302000999450684 -6278 -739
1.436941385269165 -6282 -737
1.4431660175323486 -6287 -735
1.449418067932129 -6291 -732
1.4559800624847412 -6296 -734
1.462719202041626 -6302 -737
1.469008207321167 -6306 -738
1.475578784942627 -6310 -736
1.4812185764312744 -6315 -736
1.4877688884735107 -6319 -740
1.4933278560638428 -6324 -737
1.4995322227478027 -6328 -735
1.5060842037200928 -6332 -733
1.511782169342041 -6338 -731
1.5190227031707764 -6342 -737
1.5255959033966064 -6347 -738
1.5311877727508545 -6352 -739
1.5377838611602783 -6356 -738
1.5433130264282227 -6360 -736
1.5498783588409424 -6365 -737
1.5567710399627686 -6369 -735
1.562159776687622 -6375 -735
1.5692856311798096 -6380 -733
1.5759351253509521 -6384 -732
1.5816295146942139 -6388 -736
1.5878753662109375 -6393 -739
1.5938208103179932 -6397 -741
1.599761962890625 -6402 -740
1.6063272953033447 -6406 -734
1.6120564937591553 -6412 -734
1.619309425354004 -6416 -734
1.6258869171142578 -6421 -735
1.6315910816192627 -6425 -733
1.637885332107544 -6430 -736
1.6437811851501465 -6434 -737
1.6496210098266602 -6438 -740
1.6561439037322998 -6443 -739
1.6618142127990723 -6449 -737
1.6692845821380615 -6453 -732
1.6759369373321533 -6458 -732
1.6815855503082275 -6462 -733
1.6880030632019043 -6466 -735
1.694347858428955 -6471 -735
1.699988603591919 -6475 -737
1.706360101699829 -6482 -739
1.7178325653076172 -6488 -737
1.7237377166748047 -6493 -736
1.7301299571990967 -6497 -735
1.7370307445526123 -6502 -732
1.7482976913452148 -6510 -736
1.7549633979797363 -6515 -737
1.7605974674224854 -6521 -740
1.767845630645752 -6525 -738
1.7738463878631592 -6530 -735
1.7798163890838623 -6534 -736
1.7867436408996582 -6538 -736
1.7921373844146729 -6543 -733
1.7986361980438232 -6547 -732
1.805283784866333 -6553 -734
1.8107402324676514 -6558 -735
1.8174211978912354 -6562 -741
1.824794054031372 -6566 -739
1.8302042484283447 -6572 -737
1.836984634399414 -6576 -736
1.8422906398773193 -6581 -734
1.8489489555358887 -6586 -734
1.8561925888061523 -6590 -733
1.8619072437286377 -6594 -734
1.869215488433838 -6600 -735
1.8758206367492676 -6605 -739
1.8815102577209473 -6609 -741
1.8877735137939453 -6614 -739
1.8933370113372803 -6618 -736
1.8995780944824219 -6622 -735
1.9063069820404053 -6627 -733
1.912036657333374 -6631 -732
1.9182982444763184 -6637 -737
1.9259777069091797 -6642 -737
1.9316954612731934 -6646 -738
1.938019037246704 -6650 -738
1.9443211555480957 -6655 -738
1.9502434730529785 -6661 -736
1.9570038318634033 -6664 -733
1.9623229503631592 -6670 -732
1.969008445739746 -6674 -732
1.9763357639312744 -6678 -735
1.9821512699127197 -6683 -738
1.9886329174041748 -6687 -738
1.9950158596038818 -6692 -738
2.000732421875 -6698 -736
2.0072689056396484 -6702 -734
2.0128493309020996 -6706 -735
2.0191097259521484 -6711 -734
2.026886224746704 -6715 -731
2.03222393989563 -6721 -734
2.0387487411499023 -6724 -736
2.045314311981201 -6730 -739
2.0507359504699707 -6734 -739
2.0572338104248047 -6739 -738
2.0628068447113037 -6746 -732
2.075734853744507 -6752 -734
2.081332206726074 -6756 -735
2.087771415710449 -6761 -735
2.093329906463623 -6765 -735
2.0995419025421143 -6770 -738
2.1061370372772217 -6776 -739
2.116342544555664 -6782 -739
2.123110294342041 -6788 -734
2.129560947418213 -6792 -732
2.1362709999084473 -6796 -733
2.1419763565063477 -6802 -734
2.1486833095550537 -6805 -736
2.155031204223633 -6810 -739
2.1607353687286377 -6816 -735
2.1672379970550537 -6820 -737
2.172797441482544 -6824 -739
2.180013418197632 -6829 -737
2.1863462924957275 -6833 -733
2.1920320987701416 -6838 -730
2.1982812881469727 -6842 -732
2.204970121383667 -6848 -736
2.2108118534088135 -6852 -738
2.217327833175659 -6857 -740
2.222891092300415 -6861 -737
2.229987621307373 -6866 -735
2.236368179321289 -6870 -737
2.242039442062378 -6874 -734
2.2482872009277344 -6879 -734
2.254913091659546 -6883 -733
2.2603447437286377 -6889 -734
2.2672533988952637 -6894 -739
2.272813558578491 -6898 -741
2.2799997329711914 -6902 -740
2.286327362060547 -6907 -737
2.2920267581939697 -6911 -731
2.298304319381714 -6916 -732
2.30488657951355 -6920 -734
2.31032657623291 -6926 -735
2.3170857429504395 -6929 -735
2.3226373195648193 -6935 -736
2.3300416469573975 -6939 -738
2.336972236633301 -6944 -740
2.3422794342041016 -6950 -738
2.348778009414673 -6952 -736
2.3553075790405273 -6958 -732
2.3607466220855713 -6963 -731
2.367238759994507 -6967 -734
2.372799873352051 -6972 -738
2.3799848556518555 -6976 -738
2.386887788772583 -6980 -737
2.3922171592712402 -6986 -738
2.398688554763794 -6989 -740
2.405038833618164 -6994 -738
2.41072416305542 -7000 -736
2.4171979427337646 -7002 -734
2.422748565673828 -7008 -732
2.430034637451172 -7013 -735
2.4367213249206543 -7017 -740
2.4420862197875977 -7023 -741
2.448744297027588 -7026 -740
2.455277681350708 -7032 -737
2.460740327835083 -7036 -735
2.4674384593963623 -7041 -737
2.473015069961548 -7045 -735
2.480297803878784 -7051 -734
2.4870622158050537 -7054 -733
2.4926161766052246 -7060 -735
2.498887300491333 -7063 -738
2.5056188106536865 -7069 -738
2.515955686569214 -7076 -736
2.521695613861084 -7080 -733
2.528167724609375 -7086 -735
2.5359108448028564 -7091 -733
2.5416057109832764 -7095 -736
2.5478944778442383 -7100 -736
2.553842306137085 -7104 -736
2.5597822666168213 -7108 -738
2.5667061805725098 -7113 -740
2.572122812271118 -7118 -738
2.5786454677581787 -7123 -736
2.586036443710327 -7128 -733
2.59173321723938 -7132 -732
2.5981454849243164 -7136 -735
2.6047229766845703 -7141 -737
2.61018443107605 -7145 -738
2.616903066635132 -7150 -738
2.622232437133789 -7156 -739
2.628913402557373 -7160 -739
2.6362946033477783 -7164 -738
2.641996383666992 -7169 -734
2.6482434272766113 -7173 -733
2.6548385620117188 -7178 -732
2.660278558731079 -7184 -737
2.667041063308716 -7187 -739
2.67233943939209 -7192 -740
2.6788406372070312 -7197 -738
2.6863396167755127 -7202 -737
2.6920392513275146 -7206 -737
2.698322057723999 -7210 -735
2.7049129009246826 -7214 -734
2.7103476524353027 -7220 -732
2.7170989513397217 -7224 -733
2.722637176513672 -7229 -735
2.7290618419647217 -7234 -738
2.7367260456085205 -7238 -740
2.742107629776001 -7244 -738
2.748749017715454 -7247 -737
2.7553000450134277 -7253 -735
2.7607483863830566 -7257 -734
2.767272710800171 -7262 -735
2.772838830947876 -7266 -735
2.779116153717041 -7270 -736
2.78672456741333 -7275 -739
2.792084217071533 -7280 -742
2.798318386077881 -7284 -739
2.8049166202545166 -7290 -737
2.810756206512451 -7294 -734
2.8172240257263184 -7298 -734
2.822793483734131 -7303 -733
2.829049825668335 -7308 -735
2.8362934589385986 -7312 -737
2.841978073120117 -7316 -738
2.848228931427002 -7322 -738
2.855900526046753 -7326 -740
2.8615915775299072 -7331 -735
2.8680436611175537 -7336 -735
2.87458872795105 -7340 -732
2.8800041675567627 -7344 -732
2.887573480606079 -7350 -731
2.8931381702423096 -7354 -739
2.8994030952453613 -7359 -740
2.9060027599334717 -7364 -736
2.9160823822021484 -7371 -738
2.921794891357422 -7375 -736
2.9283013343811035 -7380 -737
2.9349043369293213 -7386 -733
2.9417524337768555 -7390 -733
2.948028087615967 -7394 -736
2.9546310901641846 -7399 -737
2.960090160369873 -7403 -741
2.966758966445923 -7408 -738
2.9721202850341797 -7412 -736
2.9786572456359863 -7416 -734
2.985016345977783 -7422 -736
2.99196195602417 -7427 -734
2.9982070922851562 -7431 -735
