00
8.511543273925781e-05 0
0.011236906051635742 0
0.01761484146118164 0
0.023914575576782227 0
0.03071761131286621 0
0.037030935287475586 0
0.04339909553527832 0
0.053555965423583984 0
0.06011056900024414 0
0.06635570526123047 1
0.07294917106628418 1
0.07955765724182129 2
0.08567166328430176 2
0.0916438102722168 2
0.09774136543273926 3
0.10387110710144043 3
0.10957789421081543 4
0.1157078742980957 4
0.12128424644470215 4
0.12874841690063477 5
0.13512706756591797 5
0.1407310962677002 6
0.14682364463806152 6
0.1531844139099121 6
0.1590108871459961 7
0.16517353057861328 7
0.17078280448913574 8
0.17780137062072754 8
0.18395185470581055 9
0.18967366218566895 9
0.19581985473632812 10
0.20218896865844727 10
0.20782899856567383 10
0.21399450302124023 11
0.21985459327697754 12
0.226057767868042 12
0.23351383209228516 12
0.2392711639404297 13
0.24547386169433594 14
0.25113987922668457 14
0.25740575790405273 14
0.2637035846710205 15
0.2695300579071045 16
0.2757892608642578 16
0.28319358825683594 16
0.2889668941497803 17
0.29531311988830566 17
0.30100536346435547 18
0.3071463108062744 18
0.31354856491088867 19
0.3192915916442871 19
0.32550501823425293 20
0.3329343795776367 20
0.3391692638397217 21
0.34572744369506836 22
0.3527953624725342 22
0.358142614364624 22
0.3643004894256592 23
0.3700747489929199 23
0.37621045112609863 24
0.3837466239929199 24
0.38945865631103516 25
0.39575791358947754 25
0.40175509452819824 26
0.4077436923980713 26
0.4139227867126465 27
0.41963768005371094 27
0.42583703994750977 28
0.4332599639892578 28
0.43899989128112793 29
0.4489936828613281 30
0.4553956985473633 30
0.4610588550567627 30
0.46740031242370605 31
0.47367215156555176 32
0.4795498847961426 32
0.48668336868286133 32
0.4930686950683594 33
0.49868273735046387 34
0.5049757957458496 34
0.5103211402893066 34
0.5168390274047852 35
0.523231029510498 35
0.5290951728820801 36
0.5359160900115967 36
0.5423388481140137 37
0.5479738712310791 37
0.5541298389434814 38
0.5598900318145752 38
0.5660727024078369 38
0.5726978778839111 39
0.5782883167266846 40
0.585573673248291 40
0.5912420749664307 40
0.5975639820098877 41
0.6037898063659668 41
0.6095254421234131 42
0.6157021522521973 42
0.6216771602630615 42
0.6275925636291504 43
0.635051965713501 43
0.6406974792480469 44
0.6469037532806396 44
0.653313159942627 44
0.6592893600463867 45
0.6654942035675049 45
0.6711907386779785 46
0.6775071620941162 46
0.6837477684020996 47
0.6901428699493408 47
0.6966471672058105 48
0.703052282333374 48
0.7086529731750488 48
0.7149293422698975 49
0.7202334403991699 49
0.7266473770141602 50
0.7330701351165771 50
0.7396233081817627 51
0.7458305358886719 51
0.752187967300415 52
0.7579324245452881 52
0.7640893459320068 52
0.7698111534118652 53
0.7759683132171631 53
0.7826294898986816 54
0.7893118858337402 54
0.7955496311187744 54
0.8011870384216309 55
0.8074188232421875 56
0.813765287399292 56
0.8196115493774414 56
0.8257992267608643 57
0.8321635723114014 57
0.8388521671295166 58
0.8451004028320312 58
0.8552436828613281 59
0.8609046936035156 59
0.8671572208404541 60
0.8735699653625488 60
0.8795261383056641 60
0.8858320713043213 61
0.8932578563690186 61
0.8990128040313721 62
0.9051785469055176 62
0.9108552932739258 63
0.917130708694458 63
0.9235677719116211 64
0.9292945861816406 64
0.9356334209442139 64
0.9430887699127197 65
0.9487202167510986 65
0.9549973011016846 66
0.9603333473205566 66
0.9667210578918457 66
0.9730832576751709 67
0.9787492752075195 67
0.9850499629974365 68
0.992211103439331 68
0.9979596138000488 69
1.004136323928833 69
1.0098931789398193 70
1.0160622596740723 70
1.0226848125457764 70
1.0280280113220215 71
1.0341475009918213 71
1.0410258769989014 72
1.047379970550537 72
1.0536582469940186 73
1.0601439476013184 73
1.0662755966186523 74
1.0729427337646484 74
1.0785901546478271 74
1.084871530532837 75
1.0912508964538574 75
1.0975775718688965 76
1.103775978088379 76
1.109506607055664 77
1.115781545639038 77
1.1221606731414795 78
1.1278026103973389 78
1.133972406387329 78
1.1396918296813965 79
1.146864891052246 79
1.153252124786377 80
1.1589913368225098 80
1.1651840209960938 80
1.1708064079284668 81
1.177081823348999 82
1.1835105419158936 82
1.1892426013946533 82
1.1960747241973877 83
1.2026901245117188 83
1.2080514430999756 84
1.2141447067260742 84
1.2198803424835205 84
1.2260193824768066 85
1.232649564743042 85
1.2380781173706055 86
1.2456862926483154 86
1.256112813949585 86
1.262739658355713 87
1.2682805061340332 87
1.2748537063598633 88
1.2802042961120605 88
1.2865915298461914 88
1.2931554317474365 89
1.2998988628387451 89
1.3061766624450684 90
1.3128077983856201 90
1.3181464672088623 90
1.3246793746948242 91
1.3300418853759766 91
1.3361718654632568 92
1.343656301498413 92
1.350813388824463 92
1.3570406436920166 93
1.363424301147461 93
1.369142770767212 94
1.3752858638763428 94
1.3808982372283936 94
1.3870182037353516 95
1.393442153930664 95
1.3999683856964111 95
1.4060955047607422 96
1.4127228260040283 96
1.4181492328643799 96
1.4242913722991943 97
1.4300615787506104 97
1.436309576034546 98
1.4429032802581787 98
1.4494247436523438 98
1.4555587768554688 99
1.46120285987854 99
1.4674873352050781 100
1.4737203121185303 100
1.4795193672180176 100
1.485687255859375 100
1.4916660785675049 101
1.4988584518432617 101
1.5050806999206543 102
1.5106959342956543 102
1.5168087482452393 102
1.5232021808624268 103
1.5289530754089355 103
1.5352344512939453 104
1.5408847332000732 104
1.547010898590088 104
1.5541250705718994 105
1.5598347187042236 105
1.5661118030548096 106
1.5727639198303223 106
1.5780839920043945 106
1.5842056274414062 106
1.5899336338043213 107
1.5962340831756592 108
1.603623867034912 108
1.6093292236328125 108
1.6154975891113281 108
1.6211676597595215 109
1.6273927688598633 109
1.633692979812622 110
1.6394283771514893 110
1.6455998420715332 110
1.6563372611999512 111
1.6630566120147705 111
1.668900728225708 112
1.6751890182495117 112
1.6808600425720215 112
1.6870131492614746 113
1.6934683322906494 113
1.6993215084075928 114
1.706275463104248 114
1.7129335403442383 114
1.718677282333374 115
1.7249670028686523 115
1.7303223609924316 116
1.7367045879364014 116
1.7430672645568848 116
1.7486844062805176 116
1.7556970119476318 117
1.761735439300537 117
1.7676301002502441 118
1.7738406658172607 118
1.779695987701416 118
1.7858359813690186 119
1.7922487258911133 119
1.797835350036621 120
1.805082082748413 120
1.810666799545288 120
1.8167667388916016 120
1.8231549263000488 121
1.8290140628814697 121
1.8353078365325928 122
1.8409926891326904 122
1.8471214771270752 122
1.8546929359436035 123
1.8601179122924805 123
1.8662221431732178 124
1.872877836227417 124
1.8782923221588135 124
1.884748935699463 125
1.8901028633117676 125
1.8963541984558105 126
1.903045415878296 126
1.9095368385314941 126
1.9156920909881592 127
1.9221913814544678 127
1.927849292755127 128
1.9339725971221924 128
1.939779281616211 128
1.9458897113800049 128
1.9522807598114014 129
1.9591178894042969 129
1.965270757675171 130
1.9709100723266602 130
1.9770259857177734 130
1.9834010601043701 131
1.989100694656372 131
1.995314598083496 132
2.0031204223632812 132
2.009671449661255 132
2.0159361362457275 133
2.022346258163452 133
2.027965784072876 133
2.0341434478759766 134
2.0398435592651367 134
2.045964002609253 134
2.0578436851501465 135
2.0640203952789307 135
2.069875955581665 136
2.076249361038208 136
2.082883834838867 136
2.088665246963501 136
2.0949079990386963 137
2.1002471446990967 137
2.1066842079162598 138
2.1138916015625 138
2.119631290435791 138
2.1258046627044678 138
2.132164239883423 139
2.137892961502075 139
2.1440253257751465 140
2.149770975112915 140
2.155906915664673 140
2.1632773876190186 140
2.1690258979797363 141
2.17519474029541 141
2.1808154582977295 141
2.186918258666992 142
2.1933717727661133 142
2.199206829071045 142
2.2053375244140625 143
2.2127180099487305 143
2.2182483673095703 143
2.224808931350708 144
2.2301411628723145 144
2.236262083053589 144
2.242915630340576 144
2.2483415603637695 145
2.2549471855163574 145
2.262179136276245 146
2.2678120136260986 146
2.2739760875701904 146
2.2797248363494873 147
2.2899487018585205 147
2.2962069511413574 147
2.3028669357299805 148
2.308293342590332 148
2.315748691558838 148
2.327653408050537 149
2.3356401920318604 149
2.3412532806396484 150
2.3477895259857178 150
2.3539485931396484 150
2.359711170196533 150
2.3668630123138428 151
2.3732571601867676 151
2.379117965698242 152
2.3853001594543457 152
2.3909554481506348 152
2.39709210395813 152
2.4034600257873535 153
2.4092023372650146 153
2.416077136993408 154
2.422747850418091 154
2.4280619621276855 154
2.434218168258667 154
2.4400508403778076 155
2.446223735809326 155
2.456224203109741 156
2.4628844261169434 156
2.469527006149292 156
2.4759185314178467 156
2.482313632965088 157
2.4879956245422363 157
2.494163990020752 157
2.5000224113464355 158
2.5061535835266113 158
2.512819528579712 158
2.5193610191345215 159
2.525515556335449 159
2.5311777591705322 159
2.5373992919921875 160
2.54372501373291 160
2.549452781677246 160
2.555729866027832 160
2.561725616455078 161
2.5688724517822266 161
2.5751030445098877 161
2.5806798934936523 162
2.5868005752563477 162
2.5931735038757324 162
2.598884344100952 162
2.6051888465881348 163
2.6108505725860596 163
2.61816143989563 164
2.6246871948242188 164
2.630068778991699 164
2.6362287998199463 164
2.6429061889648438 165
2.6483309268951416 165
2.6548187732696533 166
2.6601645946502686 166
2.6674792766571045 166
2.6737849712371826 166
2.679612398147583 167
2.6857714653015137 167
2.6917684078216553 167
2.6977901458740234 168
2.7039501667022705 168
2.7096803188323975 168
2.7158193588256836 168
2.723255157470703 169
2.7289862632751465 169
2.735290050506592 170
2.740938663482666 170
2.7470483779907227 170
2.7534232139587402 170
2.7591331005096436 171
2.7652785778045654 171
2.7727301120758057 172
2.778050184249878 172
2.784214973449707 172
2.7899534702301025 172
2.79620623588562 173
2.802874803543091 173
2.8083267211914062 173
2.8148131370544434 174
2.8211796283721924 174
2.827347755432129 174
2.833629608154297 174
2.83933687210083 175
2.845515251159668 175
2.8511579036712646 176
2.8616509437561035 176
2.867863178253174 176
2.8754165172576904 177
2.8810529708862305 177
2.8873820304870605 178
2.8936500549316406 178
2.8993327617645264 178
2.9055094718933105 178
2.9111695289611816 178
2.9175631999969482 179
2.9250333309173584 179
2.930633306503296 180
2.9368205070495605 180
2.9432196617126465 180
2.9489285945892334 180
2.955112934112549 181
2.9606947898864746 181
2.9668657779693604 182
2.9740450382232666 182
2.9799087047576904 182
2.9860999584198 182
2.992734432220459 182
2.998311758041382 183
3.004802703857422 183
3.010136842727661 184
3.0162765979766846 184
3.0235583782196045 184
3.029308557510376 184
3.0356106758117676 184
3.0412511825561523 185
3.047591209411621 185
3.0537936687469482 185
3.0601863861083984 186
3.0663344860076904 186
3.0737786293029785 186
3.079622983932495 186
3.0857629776000977 186
3.091766595840454 187
3.0978574752807617 187
3.10404634475708 188
3.1097640991210938 188
3.1158878803253174 188
3.1226487159729004 188
3.1292991638183594 188
3.1354942321777344 189
3.14115309715271 189
3.14735746383667 189
3.1536436080932617 190
3.1594831943511963 190
3.165639877319336 190
3.1712794303894043 190
3.178631544113159 190
3.184898614883423 191
3.190223455429077 191
3.1966378688812256 191
3.203057050704956 192
3.20873761177063 192
3.215141773223877 192
3.220813274383545 192
3.2279841899871826 192
3.2341644763946533 193
3.239906072616577 193
3.2460649013519287 193
3.2553517818450928 194
3.2627475261688232 194
3.268303155899048 194
3.274977445602417 194
3.282141923904419 195
3.2878522872924805 195
3.294088125228882 195
3.2997941970825195 196
3.305905342102051 196
3.3122777938842773 196
3.3178906440734863 196
3.324018716812134 196
3.3326480388641357 197
3.338701009750366 197
3.344935178756714 198
3.350250482559204 198
3.3566079139709473 198
3.3630785942077637 198
3.36893367767334 198
3.375108480453491 199
3.3823235034942627 199
3.38804030418396 199
3.394162654876709 200
3.4000496864318848 200
3.406191825866699 200
3.4128477573394775 200
3.4182915687561035 200
3.424783706665039 201
3.431274175643921 201
3.4375622272491455 201
3.4437735080718994 202
3.4496476650238037 202
3.4559414386749268 202
3.4626145362854004 202
3.467978000640869 202
3.474130153656006 203
3.480938196182251 203
3.4870693683624268 203
3.493450164794922 204
3.4991791248321533 204
3.5053107738494873 204
3.5109593868255615 204
3.5172133445739746 204
3.5235838890075684 205
3.5293378829956055 205
3.536259412765503 205
3.5429019927978516 206
3.548309803009033 206
3.5548408031463623 206
3.560171365737915 206
3.566354751586914 206
3.5729620456695557 207
3.5786855220794678 207
3.585732936859131 207
3.5917506217956543 208
3.59777569770813 208
3.6039414405822754 208
3.609656810760498 208
3.615821123123169 208
3.622182846069336 209
3.627833843231201 209
3.6352601051330566 209
3.640911817550659 210
3.647158622741699 210
3.657409906387329 210
3.663785696029663 210
3.669635534286499 210
3.675905704498291 211
3.682316541671753 212
3.6979246139526367 212
3.7061309814453125 212
3.7155678272247314 212
3.722771167755127 213
3.7281153202056885 213
3.7396891117095947 214
3.745858907699585 214
3.7541544437408447 214
3.76176381111145 214
3.767751693725586 215
3.7750227451324463 215
3.783334255218506 215
3.7898826599121094 216
3.7960574626922607 216
3.803295373916626 216
3.8090264797210693 216
3.815903425216675 217
3.8242151737213135 217
3.8299472332000732 217
3.8371639251708984 218
3.8440468311309814 218
3.8526864051818848 218
3.858042001724243 218
3.8641531467437744 219
3.871117353439331 219
3.879580020904541 219
3.886775255203247 220
3.8932173252105713 220
3.8994386196136475 220
3.9071950912475586 220
3.91418194770813 221
3.920722007751465 221
3.9276092052459717 221
3.9354302883148193 222
3.943437099456787 222
3.951242685317993 222
3.9575552940368652 222
3.964223861694336 223
3.971102714538574 223
3.9796371459960938 224
3.9858319759368896 224
3.993257522583008 224
3.999457359313965 224
4.0076093673706055 225
4.014013767242432 225
4.020097255706787 225
4.027216672897339 226
4.035369396209717 226
4.043309450149536 226
4.049528360366821 226
4.061126232147217 227
4.068135023117065 227
4.07624077796936 228
4.083111524581909 228
4.092949628829956 228
4.098567485809326 228
4.104852676391602 228
4.112640619277954 229
4.118127107620239 229
4.1255693435668945 230
4.134116888046265 230
4.140930414199829 230
4.147055387496948 230
4.153804063796997 231
4.1621997356414795 231
4.168012619018555 231
4.1741602420806885 232
4.181752920150757 232
4.190990447998047 232
4.197221994400024 232
4.203601360321045 232
4.209829330444336 233
4.217005491256714 233
4.2238852977752686 233
4.229618549346924 234
4.235919237136841 234
4.243369817733765 234
4.249100208282471 234
4.255259990692139 234
4.260908126831055 234
4.267056465148926 235
4.273427963256836 235
4.27911901473999 235
4.285254001617432 235
4.290910482406616 236
4.298168420791626 236
4.304713010787964 236
4.31006646156311 236
4.316200494766235 236
4.322900772094727 236
4.331747055053711 237
4.337628602981567 237
4.345076322555542 237
4.350736141204834 238
4.356984615325928 238
4.3634302616119385 238
4.36918044090271 238
4.375303745269775 238
4.380981683731079 238
4.387071847915649 238
4.393449783325195 239
4.399946928024292 239
4.406076908111572 239
4.412707090377808 239
4.418257474899292 240
4.424823045730591 240
4.430205821990967 240
4.436636447906494 240
4.443040370941162 240
4.449467182159424 240
4.455638885498047 241
4.465745449066162 241
4.471760988235474 241
4.477994680404663 241
4.484154462814331 242
4.489983081817627 242
4.4971818923950195 242
4.50358772277832 242
4.509310245513916 242
4.515529155731201 242
4.521173000335693 243
4.527411460876465 243
4.5336525440216064 243
4.539472818374634 243
4.54565954208374 244
4.553083181381226 244
4.558916091918945 244
4.565093278884888 244
4.570678472518921 244
4.576810121536255 244
4.583186388015747 245
4.588907718658447 245
4.595190763473511 245
4.60235595703125 245
4.6079559326171875 246
4.614165306091309 246
4.619918584823608 246
4.626073360443115 246
4.632751941680908 246
4.638073682785034 246
4.644239902496338 246
4.65104079246521 247
4.657350540161133 247
4.663622140884399 247
4.669332027435303 248
4.67550253868103 248
4.681164979934692 248
4.6875574588775635 248
4.693774938583374 248
4.7003090381622314 248
4.723640441894531 249
4.729462146759033 249
4.7359771728515625 250
4.7427966594696045 250
4.748134613037109 250
4.7555625438690186 250
4.761192560195923 250
4.767477989196777 250
4.773731231689453 251
4.779558897018433 251
4.785707712173462 251
4.791755437850952 251
4.79765772819519 252
4.805126428604126 252
4.810749530792236 252
4.817020654678345 252
4.823425769805908 252
4.829177379608154 252
4.835423231124878 253
4.841095447540283 253
4.847232103347778 253
4.854716062545776 254
4.864159107208252 254
4.870023012161255 254
4.876262187957764 254
4.882889032363892 254
4.888618469238281 254
4.895015239715576 254
4.900342226028442 255
4.907844305038452 255
4.9139792919158936 255
4.919706106185913 255
4.925863027572632 256
4.932253122329712 256
4.937855243682861 256
4.944005250930786 256
4.949882507324219 256
4.957350730895996 256
4.96363639831543 257
4.969383001327515 257
4.975527286529541 257
4.9811413288116455 257
4.987347602844238 258
4.993631839752197 258
4.99932336807251 258
5.006287097930908 258
5.01292085647583 258
5.018627643585205 258
5.024858236312866 259
5.030187129974365 259
5.036608457565308 259
5.043034315109253 259
5.04863429069519 260
5.055697202682495 260
5.063047885894775 260
5.06866192817688 260
5.075038194656372 260
5.080356121063232 260
5.086717128753662 260
5.093108415603638 261
5.09874701499939 261
5.105808973312378 261
5.11227560043335 262
5.117833614349365 262
5.123944282531738 262
5.129645824432373 262
5.135948419570923 262
5.1425909996032715 262
5.1479737758636475 262
5.154125452041626 263
5.160969972610474 263
5.167088031768799 263
5.173508882522583 263
5.179263353347778 264
5.185458660125732 264
5.191090106964111 264
5.1975202560424805 264
5.2037482261657715 264
5.2103166580200195 264
5.216710567474365 265
5.223068714141846 265
5.228649616241455 265
5.2349255084991455 265
5.240234851837158 266
5.246643543243408 266
5.253057956695557 266
5.263831377029419 266
5.269708633422852 266
5.275968074798584 267
5.282625913619995 267
5.288090229034424 267
5.294682264328003 267
5.300052881240845 268
5.306192874908447 268
5.31362247467041 268
5.31945013999939 268
5.325589895248413 268
5.3332483768463135 268
5.339435815811157 269
5.345566511154175 269
5.351197719573975 269
5.357416391372681 269
5.3649256229400635 270
5.3702552318573 270
5.376758813858032 270
5.383134126663208 270
5.388717889785767 270
5.395049571990967 270
5.400347709655762 270
5.406741380691528 271
5.413952112197876 271
5.4196693897247314 271
5.425830125808716 272
5.432178974151611 272
5.437903165817261 272
5.444015026092529 272
5.449712038040161 272
5.4558422565460205 272
5.463331699371338 272
5.469151496887207 273
5.475281476974487 273
5.480910062789917 273
5.487053871154785 274
5.493440866470337 274
5.499290227890015 274
5.5054450035095215 274
5.512783527374268 274
5.518320322036743 274
5.524810075759888 274
5.530132055282593 275
5.536255121231079 275
5.542860984802246 275
5.548293113708496 275
5.554823160171509 276
5.560211658477783 276
5.567478179931641 276
5.573680400848389 276
5.579377889633179 276
5.585517883300781 276
5.591174840927124 277
5.597551345825195 277
5.603758811950684 277
5.609477996826172 277
5.616810083389282 278
5.62322211265564 278
5.628976345062256 278
5.635161638259888 278
5.640766143798828 278
5.6469056606292725 278
5.653275966644287 278
5.659062147140503 279
5.669835090637207 279
5.676148891448975 279
5.682760238647461 280
5.688308238983154 280
5.694842576980591 280
5.700188636779785 280
5.706317186355591 280
5.712920665740967 280
5.719321012496948 281
5.725607633590698 281
5.731271266937256 281
5.737768650054932 281
5.743895530700684 282
5.749628305435181 282
5.755807399749756 282
5.762178897857666 282
5.768996000289917 282
5.775192499160767 282
5.780795097351074 282
5.786911725997925 282
5.793346881866455 283
5.799149990081787 283
5.805301666259766 283
5.811001777648926 283
5.818121910095215 283
5.824688196182251 284
5.830057144165039 284
5.836177110671997 284
5.84282374382019 284
5.848150968551636 284
5.854815244674683 284
5.86017370223999 284
5.8662896156311035 284
5.873698711395264 284
5.879492282867432 285
5.885631799697876 285
5.8912763595581055 285
5.8975670337677 285
5.90375542640686 285
5.909443140029907 285
5.915694236755371 286
5.9230735301971436 286
5.928666114807129 286
5.934919357299805 286
5.9402244091033936 286
5.946646451950073 286
5.953044652938843 286
5.958668947219849 286
5.964930295944214 286
5.971685171127319 287
5.977782249450684 287
5.983952045440674 287
5.989815950393677 287
5.995920419692993 287
6.002342939376831 288
6.008054733276367 288
6.014143705368042 288
6.020997762680054 288
6.027101755142212 288
6.033461093902588 288
6.039289712905884 288
6.045459747314453 288
6.0510783195495605 288
6.058260679244995 289
6.068161964416504 289
6.0756518840789795 289
6.081260681152344 289
6.087790250778198 289
6.093948602676392 290
6.099846124649048 290
6.10598611831665 290
6.112582683563232 290
6.118079662322998 290
6.125257730484009 290
6.130895376205444 290
6.137016296386719 290
6.1433939933776855 290
6.149107217788696 290
6.155362367630005 290
6.1609883308410645 291
6.167087554931641 291
6.1741907596588135 291
6.179948568344116 291
6.186133146286011 291
6.192747354507446 291
6.198073625564575 292
6.204192399978638 292
6.209914922714233 292
6.216170787811279 292
6.223532676696777 292
6.22928261756897 292
6.235457420349121 292
6.241107702255249 292
6.247492790222168 292
6.253741264343262 293
6.259451866149902 293
6.265578508377075 293
6.273000717163086 293
6.27965235710144 293
6.285840272903442 294
6.292203664779663 294
6.297929286956787 294
6.304068088531494 294
6.309796333312988 294
6.315930128097534 294
6.3223090171813965 294
6.329484224319458 294
6.336863040924072 294
6.343253135681152 295
6.348987579345703 295
6.355137825012207 295
6.3608176708221436 295
6.366922855377197 295
6.373331546783447 295
6.379919052124023 295
6.38606595993042 296
6.392658233642578 296
6.398096799850464 296
6.404169321060181 296
6.409970998764038 296
6.416085958480835 296
6.422670125961304 296
6.429219484329224 296
6.435341119766235 297
6.441000699996948 297
6.44709587097168 297
6.453540802001953 297
6.459348917007446 297
6.469309568405151 298
6.475586414337158 298
6.482997894287109 298
6.488728284835815 298
6.495092153549194 298
6.5006935596466064 298
6.506955862045288 298
6.513366222381592 298
6.519176244735718 298
6.5253095626831055 298
6.532784938812256 299
6.538133382797241 299
6.544273853302002 299
6.550005674362183 299
6.5561134815216064 299
6.562712669372559 299
6.568031072616577 300
6.574153661727905 300
6.581064462661743 300
6.587188720703125 300
6.593585252761841 300
6.599302291870117 300
6.605499029159546 300
6.61114239692688 300
6.617231607437134 300
6.623619794845581 300
6.630026340484619 301
6.636313199996948 301
6.642955303192139 301
6.648358345031738 301
6.654828786849976 301
6.660192251205444 302
6.6666131019592285 302
6.673056125640869 302
6.67864465713501 302
6.685705184936523 302
6.691702604293823 302
6.697789430618286 302
6.703976154327393 302
6.709685564041138 302
6.715802431106567 302
6.723597526550293 303
6.729481220245361 303
6.736687660217285 303
6.743126392364502 303
6.74873948097229 303
6.755145072937012 304
6.760807514190674 304
6.767035007476807 304
6.773421764373779 304
6.779113054275513 304
6.785998821258545 304
6.792620420455933 304
6.797982454299927 304
6.80418062210083 304
6.809893846511841 305
6.816159009933472 305
6.822797536849976 305
6.82811164855957 305
6.835315465927124 305
6.84101676940918 305
6.84712553024292 305
6.853526592254639 305
6.859230041503906 306
6.868295907974243 306
6.875706434249878 306
6.8816611766815186 306
6.88891339302063 306
6.895276308059692 306
6.900937795639038 306
6.9070703983306885 307
6.913428544998169 307
6.91910457611084 307
6.925244092941284 307
6.930828809738159 307
6.938091516494751 308
6.944234371185303 308
6.949970722198486 308
6.956096410751343 308
6.962687730789185 308
6.968062400817871 308
6.974149227142334 308
6.97985577583313 308
6.986922740936279 308
6.993323564529419 308
6.999158620834351 308
7.005305290222168 309
7.010922908782959 309
7.017040014266968 309
7.023407459259033 309
7.029253959655762 309
7.036179542541504 310
7.0428526401519775 310
7.048173427581787 310
7.060920476913452 310
7.06708025932312 310
7.0735273361206055 310
7.079251766204834 310
7.085419654846191 310
7.092871904373169 310
7.098262310028076 311
7.104726076126099 311
7.110050916671753 311
7.116300344467163 311
7.122953653335571 311
7.128353834152222 311
7.1348443031311035 312
7.1412622928619385 312
7.147557497024536 312
7.153764486312866 312
7.159607410430908 312
7.165839672088623 312
7.172260284423828 312
7.177937746047974 312
7.184041261672974 312
7.190780878067017 312
7.196916103363037 313
7.203313112258911 313
7.209022045135498 313
7.215195178985596 313
7.220818758010864 313
7.226939678192139 313
7.233346223831177 314
7.239850044250488 314
7.246054410934448 314
7.2526695728302 314
7.258002519607544 314
7.264132738113403 314
7.274872779846191 314
7.280231475830078 315
7.2921741008758545 315
7.298141956329346 315
7.304285764694214 315
7.310028076171875 315
7.316164016723633 315
7.322791337966919 315
7.3281409740448 316
7.334286689758301 316
7.3431525230407715 316
7.348919630050659 316
7.355212211608887 316
7.360865831375122 316
7.367044687271118 316
7.373414754867554 316
7.37911057472229 317
7.385269641876221 317
7.390890121459961 317
7.398001432418823 317
7.404140472412109 317
7.40984845161438 318
7.416117429733276 318
7.422775983810425 318
7.4280784130096436 318
7.43422532081604 318
7.439916610717773 318
7.447191953659058 318
7.45357346534729 318
7.459275245666504 318
7.465448617935181 318
7.471068859100342 319
7.477476358413696 319
7.483689546585083 319
7.489458799362183 319
7.4966020584106445 319
7.503036022186279 320
7.508616209030151 320
7.5148701667785645 320
7.520270824432373 320
7.526646375656128 320
7.533038139343262 320
7.538854598999023 320
7.545907020568848 320
7.552677154541016 320
7.55801248550415 320
7.564130544662476 320
7.569845676422119 321
7.575969219207764 321
7.58258318901062 321
7.58798623085022 321
7.594115257263184 321
7.601045846939087 322
7.607189416885376 322
7.613569974899292 322
7.619325160980225 322
7.625521898269653 322
7.631151437759399 322
7.637249708175659 322
7.643620729446411 322
7.649993896484375 322
7.656249523162842 322
7.662884712219238 323
7.672741413116455 323
7.678355693817139 323
7.685090065002441 323
7.690722703933716 324
7.6969544887542725 324
7.704155206680298 324
7.709928750991821 324
7.716181039810181 324
7.722840785980225 324
7.728157043457031 324
7.734689235687256 324
7.740036487579346 324
7.746166229248047 325
7.753594875335693 325
7.759302377700806 325
7.765472412109375 325
7.77108359336853 325
7.777488470077515 325
7.7836878299713135 325
7.789369344711304 326
7.795496940612793 326
7.802961111068726 326
7.808672666549683 326
7.814921617507935 326
7.8202598094940186 326
7.826676607131958 326
7.833064556121826 326
7.83886456489563 326
7.845064640045166 327
7.852242469787598 327
7.8578550815582275 327
7.864016056060791 327
7.869717597961426 327
7.87585186958313 328
7.882201194763184 328
7.88781213760376 328
7.893976926803589 328
7.899828195571899 328
7.90699028968811 328
7.9133830070495605 328
7.919106721878052 328
7.925254583358765 328
7.930873394012451 328
7.937095642089844 328
7.943562269210815 329
7.949284076690674 329
7.956306457519531 329
7.962920188903809 329
7.968335390090942 329
7.974847793579102 329
7.980160474777222 330
7.986291170120239 330
7.992932081222534 330
7.998354434967041 330
8.00555944442749 330
8.011175632476807 330
8.020136594772339 330
8.026321172714233 330
8.032942295074463 330
8.038670778274536 331
8.045065879821777 331
8.050729036331177 331
8.059011697769165 331
8.065298318862915 331
8.075647115707397 332
8.081667423248291 332
8.087760925292969 332
8.093935489654541 332
8.099717855453491 332
8.106924772262573 332
8.113362550735474 332
8.119072675704956 332
8.125231742858887 332
8.13085651397705 332
8.137084722518921 332
8.143431425094604 332
8.1491379737854 332
8.156074285507202 332
8.162749767303467 332
8.168089628219604 332
8.17421269416809 332
8.179956436157227 332
8.186090230941772 332
8.19268274307251 332
8.19813585281372 332
8.204248666763306 332
8.211057424545288 332
8.217205047607422 332
8.22357177734375 332
8.229296684265137 332
8.235479593276978 332
8.24108099937439 332
8.247235298156738 332
8.25362777709961 332
8.26021671295166 332
8.266603231430054 332
8.27300763130188 332
8.278615713119507 332
8.284898519515991 332
8.290227174758911 332
8.296747922897339 332
8.303130149841309 332
8.30962324142456 332
8.315918445587158 332
8.32257080078125 332
8.32814908027649 332
8.334285497665405 332
8.340736627578735 332
8.347894430160522 332
8.353998184204102 332
8.360774517059326 332
8.366870164871216 332
8.373249292373657 332
8.379076957702637 332
8.38523554801941 332
8.39081883430481 332
8.396911859512329 332
8.403241157531738 332
8.409702777862549 332
8.415884733200073 332
8.422283172607422 332
8.427835941314697 332
8.43398642539978 332
8.439869403839111 332
8.446000099182129 332
8.452630996704102 332
8.458097696304321 332
8.4654541015625 332
8.475451707839966 332
8.481033325195312 332
8.487398147583008 332
8.493635654449463 332
8.499543905258179 332
8.505711317062378 332
8.513150453567505 332
8.51876950263977 332
8.525030374526978 332
8.530327081680298 332
8.536737442016602 332
8.54309344291687 332
8.548662185668945 332
8.555014371871948 332
8.560322761535645 332
8.56782078742981 332
8.57398796081543 332
8.579679012298584 332
8.585925579071045 332
8.59228801727295 332
8.59782338142395 332
8.603971481323242 332
8.60968565940857 332
8.616802453994751 332
8.62315821647644 332
8.62876033782959 332
8.635019540786743 332
8.640635967254639 332
8.646736145019531 332
8.653126001358032 332
8.658705711364746 332
8.66576862335205 332
8.671773672103882 332
8.677831649780273 332
8.683956623077393 332
8.689662456512451 332
8.69580364227295 332
8.701771020889282 332
8.707819938659668 332
8.71519136428833 332
8.72081446647644 332
8.72691798210144 332
8.733248949050903 332
8.739106893539429 332
8.745260238647461 332
8.750889778137207 332
8.756986379623413 332
8.76338529586792 332
8.769793033599854 332
8.775892972946167 332
8.783023357391357 332
8.788589715957642 332
8.794951915740967 332
8.80025339126587 332
8.80681824684143 332
8.813201904296875 332
8.819730997085571 332
8.825841665267944 332
8.832184791564941 332
8.837813138961792 332
8.843948364257812 332
8.849779844284058 332
8.855990648269653 332
8.862598657608032 332
8.869133949279785 332
8.879102230072021 332
8.885355949401855 332
8.890976905822754 332
8.897188186645508 332
8.903588771820068 332
8.909387350082397 332
8.91562557220459 332
8.922909259796143 332
8.928305625915527 332
8.934771060943604 332
8.940092325210571 332
8.94620943069458 332
8.952841997146606 332
8.958152294158936 332
8.964294672012329 332
8.97116231918335 332
8.97757363319397 332
8.983758449554443 332
8.989452123641968 332
8.995597124099731 332
9.001276016235352 332
9.007564544677734 332
9.01375436782837 332
9.020213842391968 332
9.026610374450684 332
9.033053398132324 332
9.03885293006897 332
9.045028686523438 332
9.05034875869751 332
9.057569980621338 332
9.065415143966675 332
9.072831630706787 332
9.078157663345337 332
9.084282636642456 332
9.090033531188965 332
9.096273183822632 332
9.10291862487793 332
9.108608484268188 332
9.11486029624939 332
9.121254920959473 332
9.127574682235718 332
9.133790493011475 332
9.139484405517578 332
9.145684003829956 332
9.1516432762146 332
9.157757997512817 332
9.163910388946533 332
9.169618368148804 332
9.17671513557434 332
9.18307089805603 332
9.188647747039795 332
9.194873809814453 332
9.200232744216919 332
9.206698179244995 332
9.213063955307007 332
9.218863725662231 332
9.225678205490112 332
9.23166537284851 332
9.237786293029785 332
9.243935108184814 332
9.249624013900757 332
9.255754470825195 332
9.261719703674316 332
9.267600536346436 332
9.27737808227539 332
9.285200357437134 332
9.29079818725586 332
9.29715871810913 332
9.30355453491211 332
9.309338092803955 332
9.31548023223877 332
9.32106614112854 332
9.328295469284058 332
9.335063457489014 332
9.341676950454712 332
9.34790301322937 332
9.354029655456543 332
9.359721183776855 332
9.365979194641113 332
9.372575759887695 332
9.379010677337646 332
9.385176181793213 332
9.390799045562744 332
9.397023916244507 332
9.403393268585205 332
9.409098863601685 332
