0 0 0
0.005780 -1 -3
0.013426 -1 -8
0.020134 -3 -23
0.030344 -5 -137
0.036100 -6 -166
0.042332 -8 -278
0.048615 -11 -299
0.054329 -13 -377
0.060644 -15 -405
0.066323 -19 -449
0.073659 -23 -489
0.080279 -26 -527
0.085993 -29 -553
0.092435 -33 -586
0.099001 -37 -602
0.104478 -41 -624
0.111233 -45 -641
0.116582 -50 -655
0.124005 -55 -676
0.130636 -59 -692
0.136313 -63 -702
0.142614 -67 -714
0.149172 -72 -728
0.154971 -78 -738
0.161526 -81 -745
0.167098 -87 -753
0.173409 -91 -759
0.180967 -96 -763
0.186432 -101 -768
0.192688 -105 -774
0.199299 -110 -784
0.204703 -117 -790
0.211601 -119 -793
0.217219 -126 -795
0.223491 -133 -797
0.231279 -135 -799
0.236611 -142 -799
0.243107 -145 -802
0.249775 -152 -806
0.255399 -157 -813
0.261806 -161 -814
0.267394 -167 -815
0.273804 -173 -813
0.281540 -176 -813
0.287140 -183 -813
0.293446 -187 -814
0.300007 -193 -818
0.305629 -197 -819
0.312005 -206 -824
0.322379 -211 -823
0.330268 -217 -819
0.335996 -222 -818
0.342411 -227 -818
0.348976 -232 -821
0.354420 -237 -824
0.360974 -242 -827
0.366435 -247 -826
0.372707 -252 -824
0.380450 -258 -822
0.386153 -263 -821
0.392581 -268 -819
0.399211 -273 -822
0.404649 -280 -825
0.411406 -283 -829
0.416698 -290 -828
0.423182 -293 -824
0.430409 -299 -823
0.436119 -305 -823
0.442382 -309 -822
0.448667 -315 -823
0.454519 -319 -825
0.461255 -324 -830
0.466589 -331 -830
0.473083 -334 -829
0.480392 -341 -825
0.486155 -346 -823
0.492399 -351 -823
0.498994 -356 -824
0.504454 -361 -827
0.511426 -366 -826
0.516734 -372 -830
0.523265 -375 -829
0.529898 -382 -826
0.536391 -387 -823
0.542669 -392 -822
0.549281 -397 -823
0.554701 -403 -826
0.561465 -407 -829
0.567000 -413 -829
0.573442 -419 -827
0.580008 -423 -828
0.586455 -429 -824
0.592690 -433 -824
0.599291 -438 -822
0.604717 -445 -823
0.611475 -448 -826
0.617012 -455 -829
0.623287 -458 -828
0.630057 -465 -825
0.636603 -471 -826
0.643286 -475 -824
0.649894 -481 -822
0.655435 -486 -824
0.661883 -491 -828
0.667415 -496 -828
0.673683 -501 -829
0.680261 -506 -826
0.687027 -513 -823
0.693425 -517 -823
0.699995 -523 -824
0.705611 -527 -827
0.711957 -536 -827
0.722187 -541 -830
0.728094 -546 -828
0.735512 -552 -823
0.742030 -557 -823
0.747591 -562 -823
0.754129 -567 -826
0.760573 -572 -828
0.766275 -577 -827
0.772998 -582 -828
0.779376 -587 -828
0.786128 -594 -826
0.792399 -599 -822
0.799023 -603 -823
0.804519 -609 -822
0.811458 -613 -826
0.817013 -620 -830
0.823273 -623 -827
0.829888 -630 -827
0.836371 -635 -823
0.842644 -640 -825
0.849265 -645 -823
0.854710 -651 -822
0.861497 -655 -826
0.867046 -661 -827
0.873448 -667 -828
0.880689 -671 -829
0.887452 -678 -823
0.893708 -683 -822
0.900461 -688 -823
0.906168 -693 -825
0.912460 -698 -825
0.919044 -703 -827
0.924504 -708 -830
0.931418 -713 -829
0.938155 -719 -826
0.944173 -724 -821
0.950629 -729 -821
0.956326 -734 -822
0.962604 -739 -825
0.969213 -744 -829
0.974724 -751 -827
0.981502 -754 -827
0.987637 -761 -827
0.994172 -765 -823
1.000679 -771 -821
1.006363 -775 -823
1.012613 -780 -825
1.019179 -785 -827
1.024625 -792 -830
1.031579 -795 -826
1.037133 -802 -823
1.044329 -807 -825
1.051131 -812 -823
1.056509 -817 -822
1.063020 -821 -825
1.069390 -827 -825
1.075048 -833 -829
1.081520 -837 -829
1.087112 -843 -827
1.094336 -848 -824
1.100679 -853 -822
1.106367 -858 -823
1.113020 -868 -824
1.123112 -871 -826
1.129822 -878 -827
1.135408 -883 -826
1.142976 -888 -826
1.149315 -893 -821
1.154713 -899 -821
1.161635 -904 -825
1.167179 -909 -823
1.173645 -914 -826
1.180181 -919 -827
1.185785 -924 -826
1.193197 -929 -826
1.199763 -935 -824
1.205322 -941 -821
1.211727 -945 -823
1.217292 -951 -826
1.223512 -955 -830
1.230236 -960 -828
1.235935 -965 -827
1.243213 -970 -825
1.249717 -977 -823
1.255185 -982 -821
1.261685 -987 -823
1.267211 -991 -822
1.273462 -997 -828
1.280082 -1002 -831
1.285698 -1007 -829
1.293223 -1011 -824
1.299828 -1018 -824
1.305377 -1023 -823
1.311756 -1028 -824
1.317331 -1033 -825
1.323598 -1038 -827
1.330119 -1043 -826
1.335751 -1048 -828
1.342079 -1053 -829
1.349397 -1059 -822
1.355296 -1064 -822
1.361727 -1069 -824
1.367294 -1074 -824
1.373542 -1079 -826
1.380085 -1084 -828
1.385660 -1089 -826
1.391978 -1094 -825
1.399393 -1099 -824
1.405094 -1105 -821
1.411779 -1111 -821
1.417375 -1115 -825
1.423766 -1121 -828
1.430366 -1125 -828
1.436092 -1131 -828
1.442345 -1135 -823
1.449903 -1142 -824
1.456275 -1147 -822
1.462585 -1152 -822
1.469160 -1157 -825
1.474716 -1163 -826
1.481469 -1167 -829
1.487025 -1173 -829
1.493295 -1178 -825
1.500625 -1183 -822
1.506301 -1188 -823
1.512547 -1193 -825
1.523925 -1203 -827
1.530964 -1208 -827
1.536427 -1215 -827
1.543124 -1219 -825
1.550678 -1225 -822
1.556355 -1229 -820
1.562621 -1234 -821
1.569211 -1239 -825
1.574643 -1246 -826
1.581367 -1249 -827
1.586665 -1256 -826
1.593302 -1261 -827
1.600647 -1266 -822
1.606313 -1271 -822
1.612586 -1275 -821
1.619167 -1281 -822
1.624613 -1287 -826
1.631405 -1291 -827
1.636702 -1297 -827
1.643246 -1301 -824
1.651052 -1307 -822
1.656466 -1312 -822
1.662699 -1317 -821
1.669258 -1322 -823
1.674681 -1328 -821
1.681582 -1332 -827
1.687162 -1338 -829
1.693414 -1343 -827
1.700598 -1348 -822
1.706298 -1353 -822
1.712708 -1358 -822
1.719300 -1363 -823
1.724708 -1369 -825
1.731437 -1373 -824
1.742668 -1383 -826
1.750308 -1389 -825
1.756051 -1394 -821
1.762321 -1399 -819
1.768627 -1404 -823
1.774555 -1409 -825
1.781275 -1414 -826
1.786601 -1421 -827
1.793116 -1424 -824
1.799679 -1431 -825
1.806262 -1435 -823
1.812682 -1441 -821
1.819279 -1445 -820
1.824722 -1452 -824
1.831661 -1457 -827
1.837245 -1462 -826
1.843499 -1467 -825
1.850105 -1472 -823
1.856528 -1477 -821
1.863034 -1482 -822
1.869390 -1487 -822
1.875099 -1493 -825
1.882260 -1498 -826
1.888616 -1503 -829
1.894477 -1508 -828
1.901158 -1515 -825
1.907636 -1519 -821
1.913874 -1525 -824
1.923490 -1533 -825
1.931330 -1538 -825
1.936636 -1545 -827
1.943449 -1549 -827
1.950264 -1554 -825
1.957000 -1561 -823
1.963257 -1564 -821
1.969860 -1571 -820
1.975498 -1576 -825
1.981864 -1581 -827
1.987433 -1585 -826
1.993690 -1591 -823
2.000295 -1595 -826
2.006975 -1602 -824
2.013424 -1607 -822
2.019982 -1612 -820
2.025599 -1617 -822
2.031967 -1622 -824
2.037515 -1627 -826
2.043827 -1632 -826
2.050397 -1637 -825
2.057193 -1643 -822
2.063440 -1648 -821
2.070215 -1653 -822
2.075899 -1658 -822
2.082131 -1663 -823
2.087705 -1668 -827
2.093947 -1673 -829
2.100516 -1678 -825
2.107298 -1685 -824
2.113519 -1689 -820
2.120103 -1695 -824
2.125682 -1699 -825
2.132143 -1704 -825
2.137675 -1709 -826
2.143899 -1714 -828
2.150496 -1719 -826
2.157221 -1726 -823
2.163667 -1731 -822
2.170235 -1736 -819
2.175957 -1741 -823
2.182184 -1745 -826
2.188119 -1751 -828
2.194343 -1755 -825
2.201278 -1761 -827
2.207681 -1767 -826
2.213938 -1772 -825
2.220523 -1777 -819
2.226242 -1782 -822
2.232547 -1787 -823
2.239128 -1792 -827
2.244585 -1799 -829
2.251484 -1802 -828
2.257049 -1808 -824
2.264150 -1813 -822
2.270603 -1818 -823
2.276298 -1823 -822
2.282590 -1828 -823
2.289209 -1833 -826
2.294695 -1840 -828
2.301446 -1843 -829
2.307022 -1849 -825
2.314323 -1855 -821
2.324228 -1863 -823
2.331264 -1868 -822
2.336585 -1874 -823
2.343270 -1877 -825
2.350021 -1884 -828
2.355658 -1889 -826
2.362994 -1894 -823
2.369376 -1901 -821
2.375328 -1905 -820
2.381755 -1911 -824
2.387345 -1915 -825
2.393626 -1921 -828
2.400198 -1925 -828
2.405904 -1932 -828
2.413186 -1935 -826
2.419723 -1942 -823
2.425312 -1947 -820
2.431962 -1952 -821
2.437531 -1957 -825
2.443760 -1962 -828
2.450347 -1967 -828
2.456081 -1971 -825
2.463494 -1978 -821
2.470030 -1983 -822
2.475649 -1988 -822
2.481987 -1993 -822
2.487530 -1998 -822
2.493938 -2003 -826
2.500514 -2008 -828
2.506243 -2013 -826
2.513660 -2019 -824
2.520280 -2025 -820
2.525975 -2029 -822
2.532239 -2034 -824
2.538197 -2039 -823
2.544133 -2044 -824
2.551111 -2049 -825
2.556526 -2056 -826
2.564732 -2062 -824
2.571497 -2065 -821
2.577060 -2072 -819
2.583312 -2075 -822
2.590101 -2082 -823
2.595686 -2087 -827
2.602024 -2092 -825
2.607603 -2097 -825
2.615321 -2103 -826
2.621772 -2112 -821
2.632598 -2117 -820
2.639197 -2123 -822
2.645582 -2128 -827
2.652075 -2133 -830
2.657600 -2138 -828
2.665382 -2145 -824
2.672091 -2150 -824
2.677659 -2155 -824
2.683911 -2159 -823
2.690511 -2165 -824
2.696257 -2169 -825
2.702547 -2175 -829
2.709104 -2179 -829
2.715669 -2189 -822
2.726217 -2194 -822
2.732982 -2199 -822
2.739363 -2206 -823
2.745324 -2211 -825
2.751890 -2216 -827
2.757423 -2221 -826
2.763688 -2227 -825
2.771435 -2231 -823
2.776964 -2237 -821
2.783252 -2241 -821
2.789968 -2247 -825
2.795605 -2252 -827
2.801996 -2257 -826
2.807567 -2262 -827
2.813795 -2269 -826
2.821507 -2272 -823
2.827044 -2279 -822
2.833352 -2283 -822
2.839929 -2288 -824
2.845536 -2293 -828
2.852081 -2298 -830
2.857648 -2303 -827
2.863895 -2310 -824
2.871506 -2313 -824
2.878146 -2320 -823
2.883981 -2325 -822
2.890540 -2329 -825
2.896268 -2335 -824
2.902553 -2339 -828
2.909107 -2345 -828
2.914708 -2351 -826
2.922218 -2356 -823
2.928137 -2361 -822
2.933990 -2366 -822
2.940510 -2371 -824
2.946235 -2376 -827
2.952538 -2381 -827
2.959066 -2386 -827
2.964541 -2391 -825
2.972192 -2397 -825
2.978132 -2402 -823
2.984335 -2407 -819
2.990704 -2412 -822
2.996391 -2417 -827
