0 0 0
0.007811 0 0
0.015208 0 8
0.021896 2 68
0.029129 3 22
0.035352 4 34
0.042096 6 236
0.047816 8 288
0.054065 10 303
0.059940 12 344
0.065794 15 373
0.072363 18 389
0.079039 21 420
0.085470 24 452
0.091984 27 469
0.097584 30 493
0.104108 33 503
0.110020 36 519
0.115976 40 532
0.122435 43 539
0.129133 48 552
0.135374 51 562
0.141888 54 569
0.147474 58 578
0.153795 61 584
0.159407 65 590
0.165841 68 599
0.172346 72 604
0.178985 77 609
0.185229 81 615
0.191788 84 618
0.197373 88 617
0.203698 92 618
0.209276 96 622
0.215698 100 627
0.222490 104 630
0.228190 108 631
0.235491 112 634
0.242099 116 638
0.247806 120 639
0.254052 124 643
0.259941 128 640
0.265831 132 644
0.272350 136 640
0.278060 140 640
0.285508 144 644
0.292086 148 647
0.297778 152 648
0.304015 156 649
0.309532 160 650
0.315737 166 650
0.326249 170 651
0.333788 176 650
0.339328 180 648
0.345971 184 647
0.352522 187 645
0.358217 191 649
0.364476 195 652
0.371066 199 656
0.376500 204 656
0.383954 208 653
0.389502 212 651
0.395710 216 651
0.402398 220 652
0.408098 224 649
0.414378 228 651
0.420954 232 651
0.426378 236 654
0.433881 241 657
0.439438 245 659
0.445719 249 657
0.452260 253 656
0.457958 256 653
0.464385 260 652
0.470944 264 651
0.476552 270 651
0.483958 274 654
0.489529 278 653
0.495739 282 655
0.502307 286 655
0.507975 289 658
0.514214 293 657
0.520471 297 657
0.526345 301 654
0.533081 306 651
0.539450 310 649
0.545675 314 653
0.552209 318 654
0.557947 322 657
0.564219 326 657
0.570499 330 655
0.576070 334 656
0.582943 339 655
0.589378 343 656
0.595633 347 654
0.602345 351 650
0.608022 355 651
0.614267 359 651
0.620842 363 656
0.626285 366 658
0.632893 372 660
0.639315 376 655
0.645708 381 655
0.653360 384 655
0.658874 389 655
0.665116 392 654
0.671705 397 653
0.677271 400 652
0.683700 404 653
0.691138 408 655
0.696553 414 658
0.703433 418 659
0.708999 422 657
0.715254 426 652
0.724243 432 654
0.732035 436 652
0.738507 441 653
0.745163 444 654
0.751907 449 654
0.757495 453 655
0.763995 457 657
0.769530 461 658
0.775724 465 657
0.782290 469 654
0.789035 474 651
0.795280 478 651
0.801878 482 650
0.807487 486 654
0.813792 490 655
0.819377 494 656
0.825763 498 657
0.832336 502 657
0.837997 507 656
0.845280 511 658
0.851845 515 655
0.857431 518 653
0.863927 522 653
0.869441 526 652
0.875688 530 655
0.882368 534 659
0.888060 540 659
0.895336 544 657
0.901863 548 656
0.907480 552 657
0.913823 556 655
0.919365 559 654
0.925593 563 654
0.932148 567 651
0.937875 572 652
0.945220 576 657
0.951774 580 656
0.957349 584 660
0.963702 588 660
0.969261 592 655
0.975503 596 653
0.982026 600 653
0.987627 605 653
0.995123 608 655
1.001855 613 654
1.007439 617 656
1.013726 621 656
1.019255 625 657
1.025493 629 659
1.031999 633 659
1.037591 637 656
1.044913 640 653
1.051463 646 651
1.056944 650 651
1.063591 654 653
1.069124 658 656
1.075346 662 658
1.081908 666 657
1.087498 670 659
1.094557 673 656
1.101139 677 660
1.106548 682 657
1.113300 685 653
1.118823 693 652
1.129207 697 654
1.135617 701 656
1.142326 706 658
1.149099 710 657
1.155508 714 658
1.162093 718 655
1.167768 722 657
1.173978 726 655
1.179494 730 654
1.186003 734 652
1.192466 739 652
1.199238 743 654
1.205467 747 659
1.212024 751 658
1.217621 755 660
1.223985 758 658
1.229487 762 655
1.235695 766 655
1.242404 772 654
1.249134 776 653
1.255532 780 654
1.262099 784 652
1.267785 788 653
1.274037 791 656
1.279927 795 659
1.285762 799 658
1.292320 804 658
1.299080 808 653
1.305528 812 652
1.312065 816 652
1.317757 820 655
1.323985 824 655
1.329494 828 656
1.335743 832 655
1.342256 836 656
1.348995 841 655
1.355246 845 659
1.361943 849 656
1.367548 853 653
1.373829 857 652
1.379374 861 651
1.385765 865 653
1.392335 869 655
1.399030 874 657
1.405283 878 658
1.411826 882 656
1.417432 886 656
1.423938 890 656
1.429456 894 657
1.435660 898 655
1.442212 902 652
1.447929 907 652
1.455231 911 653
1.461794 914 655
1.467394 918 660
1.473743 922 658
1.479277 926 655
1.485676 930 653
1.492209 934 652
1.497897 940 652
1.505103 942 654
1.511847 948 654
1.517459 951 653
1.527535 958 654
1.534009 962 657
1.539529 966 659
1.546205 971 659
1.553741 975 655
1.559259 979 653
1.565521 983 652
1.572069 987 653
1.577786 990 654
1.584024 994 654
1.589547 998 656
1.595764 1002 657
1.603637 1008 657
1.609171 1012 659
1.615378 1016 659
1.621950 1020 655
1.627497 1024 653
1.633790 1027 651
1.639299 1031 652
1.645707 1036 656
1.654148 1040 657
1.660437 1044 658
1.666299 1048 657
1.672911 1052 658
1.678285 1056 657
1.684516 1060 655
1.691083 1064 655
1.696496 1069 655
1.704017 1073 651
1.709938 1077 651
1.715820 1081 654
1.722525 1085 657
1.728204 1089 661
1.734433 1093 657
1.741013 1097 659
1.746448 1102 655
1.753245 1106 656
1.759553 1110 655
1.765774 1114 654
1.772485 1118 652
1.778161 1122 652
1.784539 1126 654
1.796276 1134 658
1.802939 1139 660
1.809249 1143 658
1.815560 1147 652
1.822154 1151 653
1.827834 1154 653
1.834063 1158 654
1.839940 1162 654
1.846222 1166 655
1.852901 1172 654
1.859314 1176 658
1.865531 1180 658
1.872033 1184 659
1.877637 1188 656
1.883982 1191 653
1.889527 1195 653
1.895728 1199 652
1.902516 1203 654
1.909253 1208 656
1.915508 1212 657
1.922046 1218 657
1.932383 1223 658
1.938082 1227 658
1.944501 1230 656
1.951125 1234 655
1.956908 1240 652
1.964448 1244 651
1.971034 1248 653
1.976445 1253 657
1.983184 1256 659
1.988477 1261 657
1.994996 1264 658
2.001500 1267 655
2.006930 1272 653
2.014198 1276 656
2.020462 1280 653
2.026354 1284 654
2.033290 1288 653
2.038799 1294 654
2.045062 1296 658
2.051597 1302 660
2.057139 1306 658
2.064338 1309 656
2.070871 1313 654
2.076290 1317 654
2.083213 1321 653
2.088536 1326 654
2.095026 1329 655
2.101534 1334 654
2.106944 1338 655
2.114217 1342 657
2.120501 1346 659
2.126191 1350 658
2.132538 1354 656
2.138227 1358 653
2.144875 1362 651
2.151244 1366 651
2.156878 1371 654
2.164118 1375 656
2.170487 1379 656
2.176213 1383 657
2.182536 1387 658
2.188201 1390 656
2.194434 1394 655
2.201023 1398 657
2.206571 1404 655
2.213988 1408 651
2.219513 1412 651
2.225765 1416 654
2.232338 1420 656
2.238007 1424 658
2.244256 1427 660
2.250536 1431 657
2.256199 1435 656
2.263899 1440 655
2.269439 1444 656
2.275648 1448 654
2.282216 1452 653
2.287932 1456 652
2.294360 1460 652
2.300900 1464 656
2.306341 1468 658
2.313760 1473 660
2.319346 1477 656
2.328473 1484 651
2.336277 1488 654
2.343164 1492 652
2.348457 1497 653
2.355111 1500 654
2.361699 1504 653
2.368362 1508 656
2.374835 1512 658
2.381214 1518 658
2.386994 1522 659
2.393459 1526 657
2.398983 1530 651
2.405266 1534 651
2.411805 1538 652
2.418321 1543 655
2.424977 1545 655
2.431459 1549 656
2.436926 1554 656
2.443532 1558 657
2.449064 1562 656
2.455328 1566 657
2.461845 1570 656
2.468330 1574 652
2.474838 1578 651
2.481939 1583 651
2.487514 1587 654
2.493827 1591 655
2.499370 1595 657
2.505825 1599 658
2.512380 1604 657
2.519131 1608 655
2.525354 1612 654
2.531881 1616 654
2.537502 1620 653
2.543833 1624 651
2.549369 1628 652
2.555733 1632 655
2.562439 1636 659
2.569201 1641 657
2.575460 1645 657
2.581952 1649 656
2.587506 1653 653
2.593854 1657 653
2.599445 1661 655
2.605679 1664 653
2.612206 1668 654
2.618924 1674 654
2.625345 1678 657
2.631865 1682 657
2.637480 1686 659
2.643817 1690 656
2.651131 1694 653
2.656551 1699 652
2.663296 1701 652
2.669999 1706 653
2.675840 1710 655
2.682557 1714 656
2.688294 1718 656
2.694528 1722 655
2.701096 1726 659
2.706537 1732 658
2.713285 1734 656
2.718561 1740 654
2.725683 1746 652
2.735711 1750 652
2.742916 1754 654
2.748285 1759 656
2.754919 1762 659
2.761254 1766 658
2.766949 1771 655
2.774189 1775 656
2.780483 1779 656
2.786054 1782 654
2.792465 1786 653
2.798149 1790 653
2.804528 1794 653
2.811103 1798 655
2.816940 1804 660
2.824245 1808 659
2.830784 1812 660
2.836180 1816 656
2.842539 1819 655
2.848220 1823 654
2.854479 1827 653
2.861110 1831 654
2.866935 1836 653
2.874205 1840 655
2.880522 1844 655
2.886160 1848 658
2.892490 1852 658
2.898182 1856 659
2.904448 1860 656
2.911040 1864 655
2.916451 1869 651
2.924140 1873 651
2.930435 1877 654
2.935997 1881 656
2.942921 1885 656
2.948274 1889 656
2.954508 1893 656
2.961091 1897 658
2.966500 1902 660
2.974267 1906 656
2.980841 1910 653
2.986482 1915 651
2.993227 1918 651
2.998539 1923 653
