0 0 0
0.007437 0 0
0.014066 0 0
0.022961 1 3
0.031438 1 20
0.037139 2 68
0.043438 2 68
0.049982 3 75
0.055444 4 91
0.062404 4 97
0.067933 5 88
0.074281 6 107
0.081525 6 116
0.087185 7 122
0.093439 8 125
0.100001 9 132
0.105463 10 135
0.112172 11 139
0.117469 12 144
0.124141 13 148
0.131999 14 150
0.137363 15 153
0.143579 16 154
0.150151 16 155
0.155575 18 157
0.162349 18 158
0.167854 20 158
0.174118 21 159
0.181561 22 161
0.191964 23 162
0.197332 24 162
0.204013 25 161
0.210716 26 162
0.216408 28 163
0.222746 28 164
0.230125 30 163
0.235549 31 164
0.242486 32 163
0.248027 33 163
0.254271 34 164
0.260975 35 164
0.266572 36 165
0.272886 37 166
0.280176 38 166
0.285606 39 166
0.292340 40 164
0.297938 41 165
0.304345 42 164
0.310892 43 165
0.316516 44 166
0.322814 45 167
0.328399 46 165
0.335487 48 165
0.342246 48 165
0.347532 50 165
0.354042 50 166
0.360710 52 167
0.366407 52 166
0.372792 54 166
0.378332 54 166
0.385548 56 166
0.392465 56 167
0.398036 58 167
0.404295 59 168
0.410836 60 167
0.416466 61 167
0.422962 62 168
0.428497 63 167
0.436030 64 167
0.442533 65 168
0.448092 66 168
0.454321 67 168
0.460890 68 168
0.466517 69 165
0.472878 70 165
0.478410 72 165
0.486011 72 165
0.492472 74 166
0.498040 74 166
0.505038 76 166
0.511503 76 165
0.517209 78 164
0.523873 78 164
0.530246 80 165
0.537007 81 166
0.543413 82 166
0.549971 83 166
0.555401 84 166
0.562146 85 167
0.567459 86 166
0.573929 87 167
0.580268 88 168
0.591613 90 168
0.597371 91 167
0.604122 92 167
0.610879 93 166
0.616516 94 167
0.622824 95 167
0.628374 96 168
0.635538 98 168
0.642344 98 167
0.647877 100 167
0.654300 100 165
0.661016 102 166
0.666631 102 167
0.672986 104 167
0.678546 104 167
0.685987 106 167
0.692524 107 167
0.698076 108 166
0.704319 109 166
0.710867 110 166
0.716487 111 167
0.722939 112 167
0.728510 113 167
0.734742 114 166
0.742473 115 165
0.748022 116 165
0.754436 117 165
0.761000 118 166
0.766570 119 165
0.772882 120 166
0.778416 121 165
0.784848 122 165
0.793016 124 165
0.798532 124 166
0.804780 126 166
0.811334 126 166
0.817042 128 167
0.823277 128 166
0.829573 130 167
0.835224 131 166
0.843001 132 167
0.848511 133 168
0.854731 134 170
0.861292 135 170
0.866966 136 168
0.873275 137 169
0.879575 138 166
0.885239 139 166
0.892699 140 167
0.898255 141 166
0.904663 142 168
0.911381 143 167
0.917042 144 166
0.923290 145 166
0.929860 146 165
0.935295 148 165
0.942710 148 165
0.948267 150 166
0.954500 150 166
0.961222 152 166
0.966861 152 165
0.973112 154 165
0.979024 154 165
0.984841 156 166
0.995987 158 167
1.002641 158 167
1.008200 160 166
1.014591 160 166
1.021447 162 165
1.027141 162 166
1.033400 164 166
1.039924 165 166
1.046790 166 166
1.053000 167 166
1.058526 168 166
1.064742 169 165
1.071278 170 166
1.076989 171 166
1.083391 172 167
1.089906 173 166
1.096460 174 166
1.102808 175 167
1.108321 176 166
1.114531 177 168
1.121157 178 167
1.126855 179 168
1.133097 180 168
1.138981 182 167
1.146391 182 166
1.152737 184 168
1.158270 184 167
1.164533 186 167
1.171286 186 168
1.176972 188 166
1.183233 188 166
1.189570 190 165
1.196394 191 166
1.202902 192 165
1.208424 193 165
1.214629 194 166
1.221202 195 164
1.226861 196 165
1.233089 197 164
1.238606 198 164
1.246036 199 164
1.252514 200 164
1.258072 201 165
1.264481 202 167
1.270979 203 166
1.276605 204 166
1.282886 205 166
1.288414 206 165
1.295599 208 167
1.302579 208 167
1.308136 210 167
1.314385 210 167
1.321039 212 166
1.326634 212 166
1.332971 214 166
1.338494 214 166
1.344702 216 168
1.352412 216 167
1.357958 218 166
1.364295 219 166
1.370829 220 165
1.376428 221 164
1.382907 222 166
1.392939 224 168
1.400629 225 168
1.406157 226 166
1.412719 227 165
1.418266 228 165
1.424641 229 165
1.431366 230 166
1.437023 231 166
1.443411 232 167
1.450944 233 166
1.456533 234 166
1.462827 235 164
1.468375 236 164
1.474649 237 164
1.481222 238 164
1.486935 239 166
1.493177 240 166
1.500758 242 165
1.506299 242 165
1.512668 244 163
1.518250 244 165
1.524541 246 166
1.531193 246 166
1.536851 248 167
1.543071 248 166
1.550512 250 166
1.555989 251 166
1.562692 252 167
1.568255 253 167
1.574487 254 168
1.580976 255 168
1.586561 256 166
1.592870 257 168
1.598418 258 166
1.605596 259 166
1.612314 260 168
1.617579 261 167
1.624261 262 167
1.630810 263 168
1.636318 264 166
1.642748 265 166
1.648311 266 165
1.655593 268 165
1.662302 268 165
1.667602 270 166
1.674066 270 166
1.680738 272 165
1.686293 272 164
1.692837 274 164
1.698365 274 166
1.705891 276 166
1.712394 276 166
1.717896 278 166
1.724132 278 165
1.735902 281 165
1.742593 282 165
1.748142 283 167
1.755408 284 167
1.762138 285 166
1.767506 286 166
1.773978 287 165
1.780290 288 165
1.785936 290 166
1.797262 291 167
1.804818 292 167
1.811558 293 166
1.817265 294 166
1.824027 295 165
1.830552 296 165
1.835993 298 167
1.842464 298 167
1.848086 300 167
1.855249 300 168
1.862145 302 167
1.867482 303 167
1.877580 304 166
1.884089 305 167
1.890596 306 168
1.896030 308 167
1.902536 308 165
1.909874 310 166
1.915329 310 165
1.922177 312 165
1.927489 313 166
1.933996 314 165
1.940524 315 164
1.945988 316 165
1.952680 317 164
1.960050 318 163
1.965494 319 164
1.972318 320 165
1.977612 321 165
1.984270 322 166
1.990847 323 166
1.996457 324 165
2.002783 325 165
2.010145 326 166
2.015573 327 167
2.022310 328 167
2.027598 329 168
2.034072 330 167
2.040802 331 166
2.047278 332 166
2.053500 333 167
2.061079 335 167
2.066657 336 167
2.073046 337 167
2.078572 338 167
2.085079 339 166
2.091527 340 166
2.097201 341 165
2.103887 342 165
2.111218 343 168
2.116976 344 167
2.123207 345 168
2.129521 346 167
2.135250 347 165
2.141583 348 166
2.147247 349 166
2.153481 350 165
2.161091 352 167
2.166785 352 166
2.172995 353 166
2.178539 354 165
2.184774 355 165
2.194727 357 165
2.201496 358 165
2.207186 359 166
2.214727 360 166
2.221514 361 166
2.227210 362 164
2.233467 363 164
2.240050 364 164
2.245486 366 165
2.252178 366 165
2.257483 368 167
2.264762 368 166
2.271363 370 166
2.277012 370 166
2.283409 372 166
2.289973 373 167
2.295420 374 167
2.302228 375 169
2.307549 376 167
2.314752 377 167
2.321304 378 167
2.326988 379 168
2.333270 380 167
2.339590 381 167
2.345451 382 167
2.352171 383 166
2.357515 384 167
2.364840 385 165
2.371393 386 165
2.377070 387 165
2.383366 388 165
2.389913 389 166
2.395338 390 166
2.402241 391 165
2.407509 392 165
2.414875 394 164
2.421471 394 165
2.427155 396 166
2.433478 396 167
2.440079 398 165
2.445548 399 165
2.452287 400 165
2.457576 401 165
2.465099 402 166
2.472053 403 166
2.477423 404 166
2.483885 405 167
2.490265 406 166
2.495919 407 165
2.502410 408 166
2.507939 409 164
2.514198 410 166
2.522012 411 167
2.527412 412 166
2.533916 413 166
2.540267 414 166
2.545953 416 166
2.552459 416 165
2.558003 418 167
2.564302 418 166
2.571619 420 168
2.577317 421 168
2.583942 422 168
2.590496 423 166
2.600849 424 167
2.606441 426 168
2.612942 427 167
2.620661 428 166
2.626240 429 166
2.632616 430 165
2.638172 431 164
2.644600 432 165
2.651167 433 165
2.656859 434 164
2.663082 435 164
2.670729 436 164
2.676277 437 164
2.682675 438 164
2.688280 439 165
2.694555 440 165
2.701257 441 167
2.706971 442 167
2.713207 443 166
2.720758 444 166
2.726290 446 165
2.732883 446 165
2.738444 448 166
2.744670 448 168
2.751228 450 166
2.756951 450 167
2.763374 452 167
2.770829 453 165
2.776441 454 167
2.782776 455 168
2.790018 456 167
2.795439 457 166
2.802126 458 167
2.807425 459 165
2.813878 460 166
2.821329 461 166
2.827015 462 166
2.833259 463 167
2.839525 464 167
2.845252 465 167
2.851595 466 167
2.857265 467 166
2.863915 468 167
2.870259 470 166
2.876997 470 166
2.883442 472 166
2.889971 472 167
2.895389 474 165
2.902046 474 165
2.907423 476 164
2.913927 476 164
2.920265 478 165
2.926884 479 166
2.933152 480 165
2.939092 481 165
2.945271 482 165
2.951610 483 164
2.957275 484 165
2.963545 485 165
2.970167 486 166
2.976857 487 166
2.983079 488 165
2.989029 490 165
2.999890 491 166
