0 0 0
0.005999 0 2
0.012652 1 13
0.020049 2 30
0.027017 4 172
0.035658 5 164
0.041912 7 274
0.048494 9 293
0.054408 13 347
0.060887 15 389
0.066421 18 417
0.072674 20 455
0.079221 24 484
0.085679 27 501
0.091923 31 526
0.098486 34 556
0.108627 41 578
0.114633 45 598
0.121186 49 605
0.126724 53 625
0.134311 57 635
0.140817 60 653
0.148634 65 658
0.154269 71 666
0.160806 73 672
0.166345 79 676
0.172718 83 688
0.179264 87 693
0.185792 92 697
0.192298 96 701
0.198660 100 707
0.204046 106 712
0.210756 109 716
0.216286 115 717
0.222547 117 717
0.229226 123 720
0.235668 127 723
0.241947 132 726
0.248561 137 731
0.253988 142 733
0.260893 145 733
0.266425 151 735
0.272702 154 734
0.279226 160 735
0.285634 164 734
0.292324 169 735
0.298688 173 740
0.304398 179 744
0.310877 182 745
0.316427 188 744
0.322674 191 742
0.329311 197 743
0.334924 201 744
0.341975 206 743
0.348597 212 743
0.354426 217 744
0.360936 221 747
0.366484 225 750
0.372765 230 750
0.379323 235 751
0.384920 240 744
0.392485 243 744
0.398965 249 744
0.404409 254 746
0.411062 258 750
0.416621 263 751
0.422837 267 751
0.429415 272 751
0.434981 277 750
0.442316 281 750
0.448689 285 747
0.454321 291 743
0.460838 294 747
0.466330 300 750
0.472703 305 754
0.479280 309 751
0.484876 314 752
0.491830 318 750
0.498369 323 750
0.506876 330 748
0.514372 336 747
0.521117 341 750
0.526685 345 753
0.533189 350 755
0.540877 355 755
0.546434 361 750
0.552699 365 749
0.559285 369 747
0.564914 374 748
0.571224 379 749
0.576749 383 749
0.582964 387 749
0.590985 393 753
0.596540 398 757
0.602803 403 751
0.609331 407 752
0.614944 411 749
0.621957 416 749
0.628534 421 749
0.633946 427 750
0.641375 431 750
0.647021 435 754
0.653623 440 752
0.659955 445 754
0.665631 449 752
0.671898 453 748
0.678530 458 747
0.683942 464 748
0.690703 469 753
0.697039 473 754
0.703265 477 753
0.709991 482 753
0.715655 487 753
0.721922 491 751
0.728499 495 752
0.733945 501 748
0.740696 506 747
0.747917 511 750
0.753472 515 755
0.759937 520 755
0.765602 524 753
0.772010 529 752
0.778581 533 751
0.784418 539 750
0.790902 544 750
0.797985 548 748
0.803680 553 748
0.810024 557 752
0.815699 562 755
0.821979 566 756
0.828562 571 753
0.834401 577 750
0.840869 581 749
0.847989 586 750
0.853559 590 748
0.859955 595 750
0.865620 599 750
0.871884 604 751
0.878462 609 755
0.883890 615 755
0.890786 619 753
0.897535 623 749
0.903456 631 749
0.913760 635 749
0.920593 640 752
0.925872 646 752
0.932488 649 754
0.938971 655 754
0.944445 659 753
0.951874 664 752
0.958452 669 749
0.963892 675 746
0.970606 677 748
0.975883 683 751
0.982371 687 755
0.988725 691 754
0.994375 697 753
1.001678 701 751
1.007947 706 751
1.013750 711 751
1.020393 715 749
1.025755 719 748
1.032000 724 750
1.038566 729 754
1.044386 735 755
1.051667 739 754
1.057966 744 752
1.063516 748 752
1.070421 753 751
1.075785 757 749
1.081975 762 750
1.088572 766 751
1.093972 772 752
1.101380 777 756
1.106920 781 755
1.113144 786 751
1.119687 790 749
1.125400 795 747
1.131837 799 749
1.138410 804 751
1.143825 808 751
1.151335 815 754
1.156884 819 754
1.163119 823 753
1.169828 828 754
1.175505 833 754
1.181758 837 749
1.188307 841 747
1.193906 847 748
1.201418 852 752
1.206937 857 756
1.213149 861 752
1.219702 865 752
1.225401 870 753
1.231621 875 751
1.237519 879 749
1.243310 883 748
1.251048 889 747
1.256667 894 750
1.262909 899 755
1.269410 903 755
1.275006 907 752
1.281307 912 751
1.286843 917 750
1.293073 921 749
1.299778 927 750
1.306556 935 749
1.316733 939 751
1.323088 944 754
1.329794 948 756
1.335495 953 754
1.341900 957 750
1.348425 963 749
1.355049 968 749
1.361399 972 750
1.366904 977 751
1.373441 981 752
1.379836 986 753
1.385522 990 754
1.391822 995 754
1.398370 999 754
1.404989 1005 746
1.411289 1010 746
1.416831 1014 749
1.423069 1019 749
1.429812 1023 754
1.435488 1028 753
1.441751 1033 752
1.448327 1037 753
1.455006 1043 751
1.461311 1047 752
1.466835 1052 749
1.473082 1056 747
1.479690 1061 748
1.485386 1065 752
1.491810 1070 754
1.498341 1075 755
1.504886 1081 751
1.511277 1085 752
1.516825 1089 752
1.523005 1094 750
1.529567 1099 749
1.535285 1103 749
1.541504 1107 752
1.547024 1112 753
1.553497 1118 754
1.561250 1123 756
1.566814 1127 750
1.573017 1131 748
1.579603 1136 749
1.585269 1141 750
1.591492 1145 750
1.597009 1149 750
1.603203 1155 753
1.611068 1160 753
1.618264 1165 756
1.623699 1169 751
1.630021 1173 749
1.635662 1178 746
1.641903 1183 747
1.648480 1187 753
1.653901 1193 752
1.661296 1198 751
1.666837 1202 753
1.673304 1207 752
1.679826 1211 752
1.685470 1216 750
1.691897 1220 747
1.698450 1225 745
1.703936 1232 751
1.715446 1238 754
1.721825 1243 756
1.728351 1247 753
1.734264 1253 751
1.740906 1257 751
1.746451 1262 749
1.752689 1267 749
1.759928 1271 748
1.765666 1276 751
1.771897 1281 754
1.778449 1285 756
1.783903 1291 755
1.795949 1300 749
1.802481 1303 749
1.808993 1309 749
1.815457 1313 751
1.821884 1318 749
1.828487 1323 753
1.833896 1329 754
1.840606 1331 755
1.845894 1337 753
1.852607 1341 751
1.859168 1347 746
1.865593 1351 749
1.871865 1355 750
1.878426 1360 752
1.883849 1365 752
1.890550 1369 754
1.895860 1373 753
1.902332 1378 754
1.908682 1384 752
1.915568 1389 748
1.921839 1393 747
1.928400 1397 748
1.933803 1402 753
1.940464 1407 756
1.945846 1413 754
1.952510 1416 752
1.959040 1422 752
1.965599 1426 751
1.971987 1431 751
1.978581 1435 750
1.984008 1441 748
1.990713 1444 750
1.996028 1450 754
2.002514 1453 756
2.009007 1459 754
2.015478 1464 751
2.021783 1468 748
2.028336 1473 749
2.033929 1479 749
2.040663 1482 749
2.045936 1488 751
2.052421 1491 754
2.058945 1495 755
2.065479 1501 756
2.071763 1506 753
2.078308 1511 750
2.083922 1516 747
2.090948 1521 749
2.096510 1525 750
2.102748 1530 753
2.112044 1539 753
2.120888 1542 753
2.126414 1548 754
2.132807 1553 752
2.139520 1557 748
2.145195 1561 748
2.151575 1566 749
2.157518 1571 754
2.163433 1577 755
2.171104 1581 753
2.176676 1585 754
2.182916 1590 753
2.189426 1595 753
2.195051 1599 750
2.201337 1603 748
2.206860 1608 749
2.213276 1614 750
2.221025 1619 754
2.226561 1623 755
2.232813 1628 754
2.239325 1632 752
2.244942 1637 750
2.251283 1641 750
2.256857 1646 751
2.263067 1652 749
2.270893 1655 747
2.276448 1661 752
2.282714 1665 755
2.289244 1670 754
2.294833 1674 753
2.301188 1679 751
2.306698 1683 749
2.312970 1688 747
2.320552 1692 750
2.325876 1698 751
2.332514 1701 749
2.339165 1707 752
2.344728 1712 753
2.351125 1717 756
2.356700 1721 753
2.362971 1725 751
2.370718 1730 748
2.376009 1736 748
2.382452 1739 751
2.389094 1745 754
2.394622 1749 753
2.401067 1754 753
2.406585 1759 754
2.412830 1763 753
2.419351 1767 751
2.425835 1772 749
2.432308 1777 748
2.438651 1781 751
2.444047 1787 753
2.450907 1791 753
2.456473 1796 755
2.463066 1801 752
2.471115 1807 752
2.476712 1811 751
2.482961 1815 750
2.489614 1820 747
2.495263 1825 749
2.501498 1829 754
2.507024 1837 755
2.518359 1843 756
2.525228 1847 751
2.531598 1852 749
2.537908 1856 750
2.543723 1861 750
2.550046 1865 751
2.555713 1870 752
2.561928 1874 751
2.568505 1880 756
2.575385 1885 755
2.581693 1889 753
2.587963 1894 751
2.593552 1898 747
2.600477 1903 748
2.605853 1907 750
2.612279 1913 753
2.619499 1918 754
2.625952 1924 754
2.632617 1927 752
2.639148 1933 753
2.644688 1937 752
2.651071 1942 748
2.656642 1947 747
2.662861 1951 749
2.669396 1955 752
2.675894 1961 755
2.682379 1965 754
2.688698 1971 753
2.694492 1975 752
2.700956 1979 753
2.706522 1984 749
2.712763 1989 747
2.719282 1993 749
2.725752 1999 752
2.732377 2002 755
2.738931 2007 755
2.744411 2013 755
2.751064 2017 752
2.756595 2022 751
2.762814 2026 749
2.769370 2031 750
2.775818 2035 750
2.782321 2039 749
2.788640 2044 752
2.794307 2050 753
2.800825 2053 756
2.806317 2059 752
2.812740 2064 749
2.819290 2068 749
2.824906 2073 749
2.831974 2077 751
2.838613 2082 750
2.844009 2088 753
2.850733 2091 754
2.856017 2097 752
2.862653 2100 752
2.869375 2106 751
2.874966 2110 746
2.881982 2115 748
2.888570 2119 749
2.894020 2125 753
2.900751 2129 756
2.906046 2136 754
2.916459 2142 754
2.922833 2147 752
2.930798 2151 750
2.936349 2157 748
2.942710 2161 748
2.949250 2166 751
2.954731 2171 754
2.961102 2175 755
2.966664 2179 755
2.972898 2184 751
2.980866 2189 751
2.986431 2195 749
2.992882 2199 750
2.999388 2203 748
