00
0.0005004405975341797 0
0.012094259262084961 0
0.018178462982177734 1
0.024554014205932617 2
0.031427860260009766 3
0.03739476203918457 5
0.04381370544433594 8
0.05133867263793945 10
0.05689501762390137 13
0.06359338760375977 16
0.06941747665405273 19
0.0757608413696289 24
0.08233380317687988 28
0.08820939064025879 32
0.09465408325195312 37
0.10235142707824707 41
0.10828757286071777 46
0.11462116241455078 50
0.12149333953857422 54
0.12708640098571777 59
0.1338181495666504 64
0.13962125778198242 68
0.146209716796875 75
0.15389037132263184 80
0.15974116325378418 85
0.16612768173217773 91
0.17261385917663574 96
0.17852401733398438 102
0.1848430633544922 106
0.191666841506958 112
0.19747090339660645 119
0.20458006858825684 124
0.21146893501281738 129
0.21740269660949707 134
0.2238636016845703 140
0.22971773147583008 145
0.23623108863830566 152
0.24266338348388672 158
0.24855446815490723 163
0.2558760643005371 170
0.2624704837799072 176
0.2683744430541992 181
0.2748427391052246 186
0.2816774845123291 192
0.28749585151672363 197
0.2939574718475342 203
0.29984450340270996 210
0.30759763717651367 216
0.31397199630737305 221
0.3198375701904297 228
0.32634735107421875 234
0.33274292945861816 239
0.33881163597106934 245
0.34540796279907227 250
0.35199499130249023 258
0.3587186336517334 263
0.36624765396118164 270
0.3726797103881836 276
0.3785843849182129 282
0.38494038581848145 291
0.3954896926879883 298
0.4021425247192383 304
0.4090592861175537 309
0.4157898426055908 316
0.42237162590026855 322
0.42836523056030273 328
0.43470025062561035 333
0.4415473937988281 339
0.44733595848083496 344
0.4546658992767334 352
0.4616227149963379 357
0.46738624572753906 362
0.47388768196105957 368
0.4797396659851074 374
0.48610997200012207 381
0.492570161819458 387
0.49851083755493164 392
0.5058376789093018 400
0.5124244689941406 405
0.518437385559082 411
0.5247666835784912 416
0.5316362380981445 422
0.537649393081665 427
0.5439810752868652 433
0.5498213768005371 440
0.5573773384094238 446
0.5638742446899414 451
0.5697314739227295 459
0.5763061046600342 464
0.5826816558837891 470
0.5885684490203857 476
0.5949304103851318 481
0.6017999649047852 488
0.6086204051971436 494
0.6149640083312988 500
0.6217818260192871 505
0.6276688575744629 510
0.634223222732544 516
0.6400158405303955 524
0.6465511322021484 529
0.6528720855712891 536
0.6622068881988525 544
0.6682529449462891 550
0.6745786666870117 555
0.6814303398132324 560
0.6870203018188477 566
0.6938984394073486 572
0.6997902393341064 579
0.7063124179840088 584
0.7140140533447266 590
0.7199079990386963 596
0.7264614105224609 600
0.7328155040740967 604
0.73872971534729 607
0.7450888156890869 610
0.7519450187683105 612
0.7580406665802002 615
0.7654197216033936 616
0.7720298767089844 617
0.7779378890991211 618
0.7842936515808105 618
0.7938385009765625 617
0.8021111488342285 616
0.8081200122833252 614
0.8155865669250488 612
0.8222877979278564 609
0.8284270763397217 607
0.8347856998443604 604
0.8416488170623779 601
0.8474380970001221 598
0.85392165184021 594
0.8597621917724609 589
0.8672981262207031 586
0.8739349842071533 582
0.8798074722290039 576
0.886310338973999 573
0.8927268981933594 570
0.8986575603485107 567
0.9050257205963135 564
0.9125587940216064 562
0.9185199737548828 560
0.9249684810638428 560
0.9317805767059326 559
0.9377732276916504 559
0.9447968006134033 559
0.9516088962554932 560
0.9574103355407715 562
0.9646182060241699 563
0.9714663028717041 565
0.9770505428314209 568
0.9836969375610352 570
0.9894564151763916 573
0.9959354400634766 577
1.0025382041931152 580
1.0084574222564697 583
1.0158412456512451 587
1.0224971771240234 590
1.0284254550933838 592
1.0347919464111328 593
1.0416319370269775 594
1.04744553565979 595
1.0540478229522705 595
1.0599157810211182 595
1.067617416381836 594
1.0739305019378662 594
1.0797488689422607 592
1.086254596710205 590
1.0926711559295654 588
1.098552942276001 586
1.104947805404663 583
1.1118104457855225 580
1.1187410354614258 577
1.1253852844238281 575
1.1320016384124756 573
1.1379506587982178 571
1.144317865371704 570
1.1509120464324951 569
1.1567037105560303 568
1.162994146347046 568
1.169959545135498 569
1.176661729812622 570
1.1829833984375 571
1.1890122890472412 574
1.1996104717254639 576
1.2061388492584229 579
1.2126150131225586 582
1.219714641571045 584
1.2262775897979736 586
1.2327077388763428 587
1.238757848739624 588
1.2454004287719727 589
1.2520849704742432 589
1.258016586303711 589
1.2644093036651611 588
1.272021770477295 587
1.2779879570007324 586
1.2844202518463135 584
1.291013479232788 582
1.2970116138458252 580
1.3036894798278809 579
1.309520959854126 577
1.316119909286499 575
1.3237087726593018 574
1.3295197486877441 573
1.335855484008789 573
1.342430830001831 573
1.3483526706695557 573
1.3547570705413818 574
1.3615763187408447 575
1.3689830303192139 576
1.3756680488586426 578
1.3823013305664062 580
1.3881971836090088 581
1.394561529159546 582
1.4014513492584229 583
1.4073147773742676 584
1.4139530658721924 585
1.4216241836547852 586
1.427459716796875 586
1.4339251518249512 585
1.4397635459899902 584
1.446465015411377 584
1.4528462886810303 582
1.4587748050689697 582
1.4654276371002197 580
1.4728069305419922 579
1.4787795543670654 578
1.4856131076812744 577
1.4922709465026855 576
1.4981935024261475 576
1.5045368671417236 576
1.5113446712493896 576
1.5168848037719727 576
1.524315595626831 577
1.5304899215698242 578
1.5367639064788818 578
1.5435593128204346 579
1.5493757724761963 580
1.55568528175354 581
1.5621910095214844 581
1.5681390762329102 582
1.5757091045379639 582
1.5823235511779785 583
1.588209867477417 583
1.598597764968872 582
1.6056911945343018 582
1.6123642921447754 582
1.6183805465698242 581
1.6258418560028076 580
1.632446050643921 580
1.6382951736450195 579
1.6445567607879639 579
1.6514050960540771 578
1.657348871231079 578
1.6649317741394043 578
1.6721432209014893 578
1.6787223815917969 578
1.6850800514221191 579
1.691896677017212 579
1.6978118419647217 580
1.7042818069458008 580
1.709991455078125 581
1.7167105674743652 581
1.723423719406128 581
1.730503797531128 581
1.736726999282837 582
1.743424654006958 581
1.749004602432251 581
1.7556617259979248 581
1.7623181343078613 581
1.7682039737701416 580
1.7756211757659912 580
1.7822632789611816 580
1.7880542278289795 580
1.7943313121795654 580
1.8003883361816406 580
1.8065135478973389 580
1.8127644062042236 579
1.8186070919036865 579
1.8250107765197754 579
1.8324978351593018 580
1.838566541671753 580
1.8448905944824219 580
1.8516836166381836 580
1.8573918342590332 580
1.8637986183166504 580
1.8695118427276611 580
1.8757851123809814 580
1.8834693431854248 580
1.888920545578003 580
1.8955042362213135 580
1.9020073413848877 580
1.9078800678253174 580
1.9141662120819092 580
1.9198815822601318 580
1.926274061203003 580
1.9338281154632568 580
1.9396069049835205 580
1.9458625316619873 580
1.952366590499878 580
1.958320140838623 580
1.9646825790405273 580
1.971451759338379 580
1.9769914150238037 580
1.9843993186950684 580
1.9905152320861816 580
2.0024728775024414 580
2.0084288120269775 580
2.014878988265991 580
2.0217182636260986 580
2.0276401042938232 580
2.0347132682800293 580
2.041473388671875 580
2.0470054149627686 580
2.0535855293273926 580
2.059021234512329 580
2.0655341148376465 580
2.0721030235290527 580
2.078029155731201 580
2.085064649581909 580
2.091782331466675 580
2.09767746925354 580
2.103980541229248 580
2.109722137451172 580
2.115952253341675 580
2.1224348545074463 580
2.1282362937927246 580
2.1357338428497314 580
2.1423633098602295 580
2.1481902599334717 580
2.1544103622436523 580
2.160499095916748 580
2.166604518890381 580
2.172828435897827 580
2.178651809692383 580
2.1859824657440186 580
2.192479372024536 580
2.198437452316284 580
2.2047054767608643 580
2.2114500999450684 580
2.216999053955078 580
2.2236804962158203 580
2.2293689250946045 580
2.236679792404175 580
2.242914915084839 580
2.248757839202881 580
2.255375623703003 580
2.2618560791015625 580
2.2677221298217773 580
2.2739906311035156 580
2.2797434329986572 580
2.287076711654663 580
2.293663263320923 580
2.2990894317626953 580
2.305685520172119 580
2.312190055847168 580
2.318157434463501 580
2.324402093887329 580
2.3304953575134277 580
