00
8.177757263183594e-05 0
0.011180400848388672 0
0.017268896102905273 0
0.0227658748626709 1
0.028940677642822266 3
0.03596973419189453 5
0.0415804386138916 7
0.047711849212646484 8
0.053217172622680664 11
0.05946516990661621 15
0.06559872627258301 17
0.07119488716125488 20
0.07727456092834473 23
0.08275246620178223 28
0.08986496925354004 32
0.09585714340209961 37
0.10148811340332031 41
0.10755777359008789 43
0.1130821704864502 48
0.11912083625793457 54
0.1254258155822754 57
0.13103914260864258 63
0.1379091739654541 68
0.1441807746887207 73
0.1497952938079834 78
0.15591049194335938 83
0.16156911849975586 88
0.16763615608215332 91
0.1731717586517334 97
0.17946410179138184 103
0.18678498268127441 109
0.1920778751373291 114
0.19809627532958984 123
0.20801520347595215 128
0.21456694602966309 133
0.22001385688781738 139
0.22606277465820312 144
0.23185133934020996 149
0.2390124797821045 155
0.24532485008239746 161
0.2509291172027588 166
0.2570762634277344 171
0.26230478286743164 177
0.2687408924102783 183
0.2750570774078369 188
0.28058958053588867 193
0.2876458168029785 199
0.29325127601623535 205
0.2993965148925781 212
0.30556559562683105 215
0.3112938404083252 221
0.3173482418060303 227
0.32293272018432617 234
0.3300299644470215 240
0.3360722064971924 245
0.3428471088409424 251
0.34888195991516113 257
0.3552114963531494 262
0.36087727546691895 267
0.36697912216186523 273
0.3722195625305176 279
0.3782517910003662 285
0.38483095169067383 290
0.39132261276245117 296
0.39740991592407227 301
0.4029664993286133 307
0.4089779853820801 313
0.4152801036834717 318
0.4209141731262207 324
0.42703723907470703 329
0.43227076530456543 337
0.44087958335876465 343
0.4474813938140869 348
0.45302677154541016 354
0.45906782150268555 361
0.46538424491882324 365
0.4709930419921875 371
0.4770808219909668 376
0.4823312759399414 382
0.4886050224304199 389
0.49566078186035156 393
0.5012660026550293 399
0.5074119567871094 404
0.5129389762878418 410
0.5189523696899414 415
0.5252139568328857 421
0.5307271480560303 427
0.5368561744689941 433
0.54315185546875 438
0.5491812229156494 445
0.5555417537689209 449
0.5611586570739746 455
0.5674545764923096 461
0.5729794502258301 467
0.579033613204956 472
0.5853166580200195 477
0.5909159183502197 485
0.5978140830993652 495
0.6077649593353271 498
0.613734245300293 506
0.6197075843811035 511
0.6257400512695312 517
0.6315975189208984 523
0.6376402378082275 528
0.6450648307800293 534
0.6505732536315918 539
0.6567683219909668 545
0.6620006561279297 551
0.6680400371551514 557
0.674605131149292 562
0.6798233985900879 568
0.6858608722686768 573
0.6916079521179199 579
0.6987478733062744 584
0.7051129341125488 589
0.710686206817627 594
0.716864824295044 598
0.7221212387084961 602
0.7281420230865479 605
0.7346763610839844 608
0.7399616241455078 611
0.7472589015960693 613
0.7528390884399414 614
0.7588582038879395 615
0.7651677131652832 616
0.7706882953643799 616
0.776904821395874 616
0.7821619510650635 616
0.7882266044616699 615
0.7947840690612793 614
0.8012492656707764 612
0.807563304901123 610
0.8131651878356934 608
0.8192000389099121 605
0.8255267143249512 603
0.8312880992889404 600
0.8374111652374268 597
0.8429996967315674 592
0.850029706954956 588
0.8560938835144043 585
0.8617517948150635 581
0.8679373264312744 577
0.8742320537567139 574
0.8798370361328125 571
0.8858587741851807 568
0.8914830684661865 566
0.8982129096984863 565
0.9048068523406982 563
0.9100632667541504 562
0.9161074161529541 561
0.9217548370361328 561
0.927915096282959 562
0.9341673851013184 563
0.9395945072174072 563
0.9457225799560547 565
0.9521095752716064 567
0.958251953125 569
0.9647953510284424 571
0.9699928760528564 574
0.9760468006134033 577
0.9816687107086182 579
0.9878196716308594 581
0.9937412738800049 584
1.000727653503418 587
1.010993480682373 589
1.017223834991455 590
1.022758960723877 591
1.0288989543914795 591
1.0352129936218262 591
1.0409529209136963 591
1.0471699237823486 591
1.0537590980529785 589
1.059572696685791 588
1.065744161605835 586
1.071439504623413 585
1.0775256156921387 583
1.0830655097961426 582
1.0893383026123047 579
1.095538854598999 578
1.1019177436828613 577
1.1081299781799316 575
1.114647388458252 575
1.119886875152588 574
1.1259219646453857 573
1.1314990520477295 573
1.1376454830169678 573
1.1431653499603271 573
1.1491758823394775 574
1.1562702655792236 575
1.161879301071167 575
1.1680312156677246 577
1.1745867729187012 577
1.1798374652862549 579
1.185854434967041 579
1.1914312839508057 581
1.197458267211914 581
1.2048392295837402 582
1.210052490234375 583
1.2161202430725098 583
1.2218801975250244 583
1.228043794631958 584
1.2346129417419434 584
1.2399160861968994 583
1.2459723949432373 583
1.2526421546936035 583
1.2587239742279053 583
1.2650399208068848 582
1.2705631256103516 581
1.276832103729248 581
1.282085657119751 580
1.2882070541381836 580
1.2947003841400146 579
1.2998712062835693 579
1.3071143627166748 579
1.3122892379760742 578
1.3182997703552246 578
1.3248283863067627 578
1.3311686515808105 578
1.3372082710266113 578
1.3426973819732666 579
1.3488352298736572 579
1.3558156490325928 579
1.3614165782928467 579
1.3674476146697998 579
1.3729610443115234 580
1.378953456878662 580
1.38523268699646 580
1.3907010555267334 580
1.3969037532806396 581
1.402174949645996 581
1.4131205081939697 581
1.4193382263183594 581
1.425656795501709 581
1.4314069747924805 581
1.43760085105896 581
1.4431452751159668 581
1.4491713047027588 581
1.4566986560821533 581
1.462000846862793 581
1.4681520462036133 581
1.4754033088684082 580
1.4814605712890625 580
1.4874897003173828 580
1.4929759502410889 580
1.498971700668335 580
1.505204439163208 580
1.5115816593170166 580
1.5175905227661133 580
1.5230610370635986 580
1.5291643142700195 580
1.5354046821594238 580
1.5409531593322754 580
1.547013282775879 580
1.5522081851959229 580
1.5591304302215576 580
1.5654082298278809 579
1.5710599422454834 579
1.5771715641021729 579
1.58262300491333 579
1.5886890888214111 579
1.594926357269287 580
1.6002490520477295 580
1.6061501502990723 580
1.6130013465881348 580
1.6189520359039307 580
1.625178337097168 580
1.6306653022766113 579
1.6368379592895508 579
1.6420557498931885 579
1.6482226848602295 579
1.6547555923461914 579
1.6611299514770508 580
1.667172908782959 580
1.6726527214050293 580
1.6786284446716309 580
1.6849133968353271 580
1.6900949478149414 580
1.6960880756378174 579
1.7016699314117432 579
1.707815170288086 579
1.7151141166687012 579
1.7205610275268555 579
1.7262647151947021 580
1.7318682670593262 580
1.7380328178405762 580
1.7442665100097656 580
1.7496252059936523 580
1.755688190460205 580
1.7619736194610596 579
1.768165111541748 579
1.7746648788452148 579
1.7798693180084229 579
1.785829782485962 579
1.7914118766784668 580
1.7974669933319092 580
1.8029711246490479 580
1.8143260478973389 580
1.8198442459106445 580
1.8258414268493652 579
1.8316543102264404 579
1.83778977394104 579
1.8436353206634521 579
1.849229097366333 579
1.855463981628418 580
1.8618237972259521 580
1.8680510520935059 580
1.8742692470550537 580
1.8796331882476807 580
1.8857111930847168 580
1.8914737701416016 579
1.8975260257720947 579
1.9030444622039795 579
1.909019947052002 579
1.916050910949707 579
1.9216234683990479 580
1.927690029144287 580
1.9331953525543213 580
1.939159631729126 580
1.9453837871551514 580
1.9510395526885986 580
1.957064151763916 579
1.9631984233856201 579
1.969456672668457 579
1.9755394458770752 579
1.981142520904541 579
1.9871656894683838 580
1.9926271438598633 580
2.0005791187286377 580
2.006786584854126 580
2.01200270652771 580
2.018998861312866 580
2.0252108573913574 579
2.0306997299194336 579
2.0369579792022705 579
2.0421395301818848 579
2.048098087310791 579
2.0543243885040283 580
2.059795379638672 580
2.0671403408050537 580
2.072317123413086 580
2.07831072807312 580
2.084799289703369 580
2.0899627208709717 579
2.0959696769714355 579
2.1016013622283936 579
2.1076254844665527 579
2.113140821456909 579
2.1202852725982666 580
2.1262505054473877 580
2.1320273876190186 580
2.138024091720581 580
2.1442599296569824 580
2.1495909690856934 580
2.155621290206909 580
2.1612393856048584 579
2.1680383682250977 579
2.1745879650115967 579
2.1797947883605957 579
2.185821533203125 580
2.1981987953186035 580
2.2047979831695557 580
2.214785099029541 580
2.2213141918182373 580
2.227424144744873 580
2.2329344749450684 579
2.2390027046203613 579
2.2452502250671387 579
2.2509591579437256 579
2.257169008255005 579
2.2626166343688965 580
2.2695376873016357 580
2.2756893634796143 580
2.2812588214874268 580
2.287281036376953 580
2.292748212814331 580
2.298794746398926 580
2.305063247680664 579
2.310615301132202 579
2.316746234893799 579
2.3230810165405273 579
2.330021619796753 579
2.3360016345977783 580
2.341668128967285 580
2.3476691246032715 580
2.353177309036255 580
2.3591694831848145 580
2.3654110431671143 580
2.3717873096466064 579
2.3778157234191895 579
2.38372540473938 579
2.389615774154663 579
2.3956708908081055 579
2.401236057281494 580
2.4072818756103516 580
2.412733793258667 580
2.4186911582946777 580
2.425691843032837 580
2.431365728378296 580
2.437420606613159 579
2.4429378509521484 579
2.4489285945892334 579
2.4551963806152344 579
2.460662603378296 580
2.4667739868164062 580
2.473113536834717 580
2.4807209968566895 580
2.4873337745666504 580
2.492814779281616 579
2.4987945556640625 579
2.5050816535949707 579
2.5103180408477783 579
2.5162572860717773 580
2.523005247116089 580
2.5290467739105225 580
2.535235643386841 580
2.540661334991455 580
2.546935558319092 580
2.552114963531494 579
2.5581300258636475 579
2.564622640609741 579
2.5699286460876465 579
2.5769824981689453 580
2.5821924209594727 580
2.5882363319396973 580
2.5946884155273438 580
2.5999433994293213 580
2.605963945388794 580
2.616177558898926 579
2.621868133544922 579
2.6289710998535156 579
2.635218858718872 580
2.64086651802063 580
2.647103786468506 580
2.652287721633911 580
2.658318281173706 580
2.6648197174072266 580
2.670107841491699 579
2.6772701740264893 579
2.6827828884124756 579
2.6887426376342773 579
2.69500994682312 579
2.7002594470977783 580
2.706184148788452 580
2.7117931842803955 580
2.717823028564453 580
2.72367262840271 580
2.730712652206421 579
2.736795425415039 579
2.7420618534088135 579
2.7480757236480713 579
2.754326343536377 579
2.7597427368164062 580
2.765753984451294 580
2.7713613510131836 580
2.77866792678833 580
2.7848994731903076 580
2.790280818939209 580
2.7961931228637695 579
2.801910400390625 579
2.8078973293304443 579
2.814150094985962 579
2.819530963897705 580
2.8256070613861084 580
2.832033157348633 580
2.838050127029419 580
2.8443284034729004 580
2.849870443344116 580
2.855858325958252 579
2.8614251613616943 579
2.8674724102020264 579
2.8729467391967773 579
2.879984140396118 580
2.8859779834747314 580
2.8916187286376953 580
2.897656202316284 580
2.903125286102295 580
2.909221887588501 580
2.9154582023620605 580
2.921020030975342 579
2.927109479904175 579
2.933765172958374 579
2.93951153755188 580
2.9456028938293457 580
2.9511806964874268 580
2.9571845531463623 580
2.9626176357269287 580
2.9687397480010986 580
2.975013256072998 579
2.981379985809326 579
2.987445592880249 579
2.992915630340576 579
2.9989333152770996 580
3.0051679611206055 580
3.0149457454681396 580
3.0203161239624023 580
3.026235580444336 580
3.033095359802246 579
3.039459705352783 579
3.0456132888793945 579
3.0511629581451416 579
3.0571937561035156 579
3.06266188621521 580
3.0686116218566895 580
3.0749237537384033 580
3.0801100730895996 580
3.087425947189331 580
3.092881917953491 580
3.098844528198242 579
3.105076789855957 579
3.110576868057251 579
3.1166625022888184 579
3.1218769550323486 579
3.1278979778289795 580
3.135213613510132 580
3.1408629417419434 580
3.1469919681549072 580
3.1521732807159424 580
3.1581802368164062 580
3.164659023284912 579
3.169962167739868 579
3.1760270595550537 579
3.1816039085388184 579
3.188284158706665 579
3.194770336151123 580
3.1999716758728027 580
3.206002950668335 580
3.2116785049438477 580
3.217696189880371 580
3.223159074783325 580
3.229111909866333 579
3.2360610961914062 579
3.2417263984680176 579
3.247737169265747 579
3.2532429695129395 579
3.25921368598938 580
3.2655279636383057 580
3.2712645530700684 580
3.2773075103759766 580
3.282778024673462 580
3.2897419929504395 580
3.2957420349121094 579
3.3014330863952637 579
3.3074986934661865 579
3.3129639625549316 579
3.3189280033111572 579
3.3251848220825195 580
3.3316104412078857 580
3.3387255668640137 580
3.345047950744629 580
3.350310802459717 580
3.356193780899048 580
3.361743688583374 579
3.367729425430298 579
3.373258352279663 579
3.379323720932007 579
3.385460138320923 579
3.3919754028320312 580
3.39800763130188 580
3.404334306716919 580
3.4131808280944824 580
3.4193639755249023 580
3.4255316257476807 579
3.4313385486602783 579
3.438323736190796 579
3.4448740482330322 579
3.450258493423462 580
3.456141471862793 580
3.4617488384246826 580
3.467741012573242 580
3.4732048511505127 580
3.4791855812072754 580
3.4854180812835693 579
3.492138385772705 579
3.4993278980255127 579
3.5055391788482666 579
3.51120924949646 579
3.5171985626220703 580
3.5226197242736816 580
3.528608560562134 580
3.5348868370056152 580
3.541116952896118 580
3.547130823135376 580
3.552302837371826 579
3.558647632598877 579
3.564969778060913 579
3.57071590423584 579
3.5768043994903564 579
3.582005739212036 580
3.5880610942840576 580
3.5953996181488037 580
3.600961923599243 580
3.6070103645324707 580
3.6122024059295654 580
3.6182138919830322 579
3.6247613430023193 579
3.6300737857818604 579
3.636082172393799 579
3.6426937580108643 580
3.6487245559692383 580
3.6550443172454834 580
3.6603312492370605 580
3.6662750244140625 580
3.671872854232788 580
3.677880048751831 579
3.6837377548217773 579
3.6897518634796143 579
3.6969051361083984 579
3.7020883560180664 579
3.7080602645874023 580
3.7145884037017822 580
3.7198004722595215 580
3.7257723808288574 580
3.731363296508789 580
3.737389326095581 579
3.7446534633636475 579
3.750016689300537 579
3.7559871673583984 579
3.7615888118743896 579
3.767643928527832 580
3.7731287479400635 580
3.77912974357605 580
3.78536057472229 580
3.7909092903137207 580
3.79778790473938 580
3.803253412246704 579
3.809530735015869 579
3.8196046352386475 579
3.825655460357666 579
3.8313441276550293 579
3.8374884128570557 580
3.844731569290161 580
3.8499643802642822 580
3.8559677600860596 580
3.861574411392212 580
3.8677027225494385 580
3.8731820583343506 579
3.879210948944092 579
3.8855183124542236 579
3.8910634517669678 579
3.897803783416748 580
3.9036924839019775 580
3.909499168395996 580
3.915614128112793 580
3.921163558959961 580
3.927281618118286 580
3.9327847957611084 579
3.9387857913970947 579
3.945821762084961 579
3.9515974521636963 579
3.9576187133789062 579
3.9631381034851074 580
3.9691338539123535 580
3.975350856781006 580
3.980889320373535 580
3.986992597579956 580
3.992194414138794 580
3.9993555545806885 579
4.005537271499634 579
4.01107931137085 579
4.0193562507629395 580
4.025503158569336 580
4.031251668930054 580
4.037394046783447 580
4.042867660522461 580
4.049879789352417 580
4.055840015411377 579
4.061476707458496 579
4.067512035369873 579
4.0729944705963135 579
4.079159498214722 579
4.085385084152222 580
4.090935468673706 580
4.097047328948975 580
4.104189872741699 580
4.109753608703613 580
4.115772008895874 580
4.121363401412964 580
4.127401351928711 579
4.132914304733276 579
4.138914585113525 579
4.145169496536255 580
4.151543378829956 580
4.157606601715088 580
4.163115501403809 580
4.169211387634277 580
4.175408124923706 580
4.180962324142456 580
4.187006711959839 579
4.192218542098999 579
4.201088905334473 579
4.207229375839233 579
4.216206789016724 580
4.2228100299835205 580
4.22900915145874 580
4.235218524932861 580
4.240891933441162 580
4.2469892501831055 579
4.253623962402344 579
4.259491205215454 579
4.265542268753052 579
4.2710747718811035 579
4.27712082862854 580
4.282272577285767 580
4.288681507110596 580
4.294938564300537 580
4.3012473583221436 580
4.307329416275024 580
4.31279993057251 580
4.318763256072998 579
4.325058221817017 579
4.33137059211731 579
4.3374950885772705 579
4.342982292175293 580
4.34906268119812 580
4.356177806854248 580
4.3618104457855225 580
4.367827653884888 580
4.373678922653198 580
4.379335880279541 579
4.385492563247681 579
4.391112565994263 579
4.3971171379089355 579
4.404141426086426 579
4.40973687171936 580
4.415734529495239 580
4.427327394485474 580
4.432880163192749 580
4.4388487339019775 580
4.445062875747681 579
4.450313329696655 579
4.457507133483887 579
4.463000297546387 579
4.469095230102539 579
4.475358724594116 580
4.480963230133057 580
4.487013578414917 580
4.494742393493652 580
4.499945163726807 580
4.5069732666015625 580
4.512160301208496 579
4.518168210983276 579
4.524678707122803 579
4.530029773712158 579
4.535988807678223 580
4.541611909866333 580
4.5476462841033936 580
4.553158283233643 580
4.564825534820557 580
4.570117712020874 580
4.576112508773804 579
4.581770896911621 579
4.5879387855529785 579
4.594180345535278 579
4.5997700691223145 580
4.606950283050537 580
4.612182855606079 580
4.621826887130737 580
4.6279356479644775 580
4.634174346923828 580
4.639745235443115 579
4.64576530456543 579
4.651630163192749 579
4.658649682998657 579
4.664913177490234 580
4.670100927352905 580
4.6761314868927 580
4.681747674942017 580
4.687731742858887 580
4.693177938461304 580
4.699130058288574 580
4.706106185913086 579
4.712975263595581 579
4.719025135040283 579
4.725229978561401 579
4.730902671813965 580
4.736891269683838 580
4.742132663726807 580
4.748102426528931 580
4.754552841186523 580
4.761141538619995 580
4.767267942428589 580
4.772731781005859 579
4.778805494308472 579
4.785111904144287 579
4.79062557220459 579
4.796656370162964 580
4.801907539367676 580
4.807992219924927 580
4.815117120742798 580
4.82056736946106 580
4.826286792755127 580
4.831976413726807 580
4.8379786014556885 579
4.84421968460083 579
4.849589109420776 579
4.8556225299835205 579
4.862098932266235 580
4.868101596832275 580
4.874637126922607 580
4.87984037399292 580
4.88580322265625 580
4.8915019035339355 580
4.897555351257324 580
4.903014659881592 579
4.908998250961304 579
4.9160895347595215 579
4.921670198440552 579
4.927660703659058 580
4.933125257492065 580
4.939119100570679 580
4.9453864097595215 580
4.951062917709351 580
4.9570722579956055 580
4.963739633560181 580
4.969520330429077 579
4.97561240196228 579
4.981254577636719 579
4.987384557723999 579
4.9928553104400635 580
4.998830080032349 580
5.0051188468933105 580
5.01083517074585 580
5.0214684009552 580
5.027567386627197 580
5.0330424308776855 579
5.03914475440979 579
5.0454018115997314 579
5.05107307434082 579
5.057108163833618 580
5.063737154006958 580
5.0697340965271 580
5.075736999511719 580
5.081330299377441 580
5.087316274642944 580
5.092774391174316 580
5.098713397979736 579
5.105032205581665 579
5.110555648803711 579
5.117562294006348 579
5.123056888580322 580
5.129149913787842 580
5.135399580001831 580
5.140980005264282 580
5.147015810012817 580
5.152203798294067 580
5.158188819885254 580
5.165388822555542 579
5.171066522598267 579
5.1771156787872314 579
5.182301998138428 579
5.18868350982666 580
5.194930791854858 580
5.200287818908691 580
5.2062249183654785 580
5.211787223815918 580
5.218852281570435 580
5.225092887878418 580
5.2303266525268555 579
5.2362072467803955 579
5.241952896118164 579
5.248112201690674 579
5.254554033279419 579
5.25976824760437 580
5.265767812728882 580
5.272235155105591 580
5.278234004974365 580
5.2847206592559814 580
5.289917707443237 580
5.295938014984131 580
5.30152153968811 579
5.30768346786499 579
5.313187837600708 579
5.320296049118042 579
5.326213359832764 579
5.33280086517334 580
5.338798999786377 580
5.345045566558838 580
5.350277423858643 580
5.35616135597229 580
5.3616859912872314 580
5.368866205215454 579
5.375148773193359 579
5.380859851837158 579
5.38689661026001 579
5.392063617706299 579
5.398046493530273 580
5.404332876205444 580
5.409785747528076 580
5.415761232376099 580
5.426923036575317 580
5.432151794433594 580
5.438269138336182 579
5.444766998291016 579
5.450084686279297 579
5.456060886383057 579
5.461632966995239 579
5.467703819274902 580
5.4749908447265625 580
5.4802916049957275 580
5.486772298812866 580
5.493261098861694 580
5.499628067016602 580
5.505666017532349 580
5.511331558227539 579
5.517334699630737 579
5.524568319320679 579
5.529794692993164 579
5.535797357559204 579
5.541404962539673 580
5.5475499629974365 580
5.553059816360474 580
5.55906867980957 580
5.565353631973267 580
5.571752548217773 580
5.577820301055908 580
5.583677291870117 579
5.58945631980896 579
5.595539808273315 579
5.601080656051636 579
5.607220411300659 580
5.612687110900879 580
5.618723392486572 580
5.625830888748169 580
5.631441593170166 580
5.637578964233398 580
5.643057584762573 580
5.6491076946258545 579
5.655411243438721 579
5.660991191864014 579
5.6671462059021 579
5.674148797988892 580
5.67957615852356 580
5.685615301132202 580
5.691150426864624 580
5.697221040725708 580
5.702651739120483 580
5.708566188812256 579
5.71485447883606 579
5.720036745071411 579
5.727200508117676 580
5.73265814781189 580
5.738654851913452 580
5.74491548538208 580
5.75009560585022 580
5.756078481674194 580
5.761654853820801 579
5.767765283584595 579
5.7749412059783936 579
5.780272483825684 579
5.786193609237671 580
5.791904449462891 580
5.797932863235474 580
5.804128170013428 580
5.809502601623535 580
5.8155906200408936 580
5.826241493225098 579
5.831981658935547 579
5.838120222091675 580
5.844577789306641 580
5.850053548812866 580
5.856030225753784 580
5.861656904220581 580
5.867654323577881 580
5.873135566711426 580
5.882797479629517 579
5.895104885101318 579
5.900926113128662 580
5.90708327293396 580
5.912292003631592 580
5.918272495269775 580
5.924814939498901 580
5.931204080581665 580
5.937204122543335 580
5.94233775138855 579
5.9483091831207275 579
5.954875946044922 579
5.9600677490234375 579
5.966040372848511 580
5.97167181968689 580
5.978736400604248 580
5.9850358963012695 580
5.990309238433838 580
5.996190786361694 580
6.001755714416504 579
6.0077433586120605 579
6.013241529464722 579
6.019209384918213 579
6.025494337081909 579
6.032001256942749 580
6.038027048110962 580
6.044259071350098 580
6.049594163894653 580
6.05569052696228 580
6.06123685836792 580
6.067215919494629 579
6.072724342346191 579
6.079626083374023 579
6.085762977600098 579
6.091436147689819 580
6.09744668006897 580
6.102937936782837 580
6.108880996704102 580
6.115100860595703 580
6.120560646057129 580
6.126272678375244 580
6.132964372634888 579
6.138958215713501 579
6.145200729370117 579
6.150864124298096 579
6.157013654708862 580
6.162224531173706 580
6.168258905410767 580
6.1747424602508545 580
6.181427717208862 580
6.187617778778076 580
6.193151950836182 580
6.199324607849121 579
6.2055344581604 579
6.211391448974609 579
6.21742582321167 579
6.227282524108887 580
6.234332323074341 580
6.239893674850464 580
6.245901823043823 580
6.251607656478882 580
6.2576000690460205 580
6.263077735900879 580
6.2691614627838135 579
6.275383949279785 579
6.280952215194702 579
6.287890672683716 579
6.293752670288086 579
6.299550771713257 580
6.305600881576538 580
6.311184644699097 580
6.317260503768921 580
6.322723627090454 580
6.329733610153198 580
6.336927652359009 580
6.342101097106934 579
6.348100900650024 579
6.354605674743652 579
6.359801292419434 579
6.36582350730896 579
6.371397972106934 580
6.377434730529785 580
6.382981061935425 580
6.390063047409058 580
6.39603853225708 580
6.401563405990601 580
6.407550573348999 580
6.413028717041016 579
6.419119834899902 579
6.425386190414429 579
6.432199954986572 579
6.439207315444946 580
6.4454333782196045 580
6.451169729232788 580
6.457178592681885 580
6.462627410888672 580
6.468338966369629 580
6.474823236465454 580
6.479976177215576 580
6.487181663513184 579
6.4949119091033936 579
6.500101566314697 579
6.506109714508057 580
6.511820077896118 580
6.517879009246826 580
6.5237510204315186 580
6.529543399810791 580
6.536751747131348 580
6.542015790939331 580
6.5481414794921875 579
6.5546042919158936 579
6.5598390102386475 579
6.565913200378418 579
6.571606159210205 580
6.577639579772949 580
6.583152770996094 580
6.590253591537476 580
6.596149921417236 580
6.6017022132873535 580
6.607777118682861 580
6.613254070281982 579
6.619341850280762 579
6.629376411437988 580
6.635501384735107 580
6.642032146453857 580
6.648130893707275 580
6.6545634269714355 580
6.659788608551025 580
6.665784597396851 580
6.671402931213379 579
6.677570343017578 579
6.683054447174072 579
6.690258979797363 580
6.6961963176727295 580
6.707758188247681 580
6.713656663894653 580
6.719327926635742 580
6.725469589233398 580
6.7310471534729 579
6.737143516540527 579
6.743748188018799 580
6.7496302127838135 580
6.75574517250061 580
6.761316776275635 580
6.767336368560791 580
6.772834539413452 580
6.778767108917236 580
6.785017967224121 579
6.791391611099243 579
6.797471523284912 579
6.802947282791138 579
6.80909538269043 580
6.815387964248657 580
6.820905923843384 580
6.826930999755859 580
6.832094430923462 580
6.838072776794434 580
6.8453545570373535 579
6.850901365280151 579
6.856967210769653 579
6.862182140350342 579
6.86828351020813 580
6.8748462200164795 580
6.880014419555664 580
6.885977745056152 580
6.892318248748779 580
6.898317337036133 580
6.904833078384399 579
6.9099907875061035 579
6.916045904159546 579
6.921629428863525 579
6.9277565479278564 580
6.9332051277160645 580
6.939544916152954 580
6.946841239929199 580
6.952024698257446 580
6.958032131195068 579
6.964245557785034 579
6.969616413116455 579
6.975717067718506 579
6.981269836425781 579
6.9874255657196045 579
6.994722366333008 580
6.999971866607666 580
7.005985498428345 580
7.011573791503906 580
7.0175886154174805 579
7.027421712875366 579
7.032944440841675 579
7.039064168930054 579
7.046025276184082 579
7.051798105239868 579
7.0578131675720215 580
7.063675880432129 580
7.069602012634277 580
7.075634956359863 580
7.0811851024627686 580
7.087194204330444 580
7.092339754104614 579
7.099558115005493 579
7.10563850402832 579
7.111325740814209 579
7.117310285568237 579
7.122787714004517 579
7.1287243366241455 580
7.135005712509155 580
7.140318393707275 580
7.1474432945251465 580
7.152915000915527 580
7.158987045288086 580
7.165210008621216 579
7.170935153961182 579
7.17697548866272 579
7.182174921035767 579
7.188183307647705 579
7.194655179977417 579
7.201212406158447 580
7.207835912704468 580
7.213742017745972 580
7.219482421875 580
7.225552320480347 580
7.231259822845459 580
7.2372753620147705 579
7.2427427768707275 579
7.24980616569519 579
7.255810022354126 579
7.261410713195801 579
7.2674314975738525 579
7.272888422012329 580
7.278867483139038 580
7.285133123397827 580
7.290722131729126 580
7.296792507171631 580
7.303133964538574 580
7.309102773666382 579
7.315331697463989 579
7.320934057235718 579
7.327083349227905 579
7.333666086196899 579
7.33937668800354 579
7.345529079437256 580
7.352015733718872 580
7.35805344581604 580
7.364553689956665 580
7.369750022888184 580
7.3757240772247314 580
7.381275415420532 579
7.387292146682739 579
7.392784833908081 579
7.3987812995910645 579
7.405862808227539 579
7.41154146194458 579
7.4175450801849365 580
7.427335739135742 580
7.433003187179565 580
7.43911075592041 580
7.4453489780426025 580
7.451783895492554 579
7.45804238319397 579
7.464604139328003 579
7.46993613243103 579
7.47595477104187 579
7.4815545082092285 579
7.488879919052124 580
7.49552321434021 580
7.501881837844849 580
7.507939100265503 580
7.514177322387695 580
7.519575357437134 579
7.525640964508057 579
7.531369686126709 579
7.537414789199829 579
7.542882442474365 579
7.5488598346710205 579
7.555978298187256 580
7.561585187911987 580
7.567734003067017 580
7.573180675506592 580
7.579129934310913 580
7.585375785827637 579
7.591091871261597 579
7.597154140472412 579
7.604182958602905 579
7.609582901000977 579
7.615628242492676 579
7.621230363845825 580
7.627256631851196 580
7.632736444473267 580
7.638675212860107 580
7.6449151039123535 580
7.650304317474365 579
7.657510280609131 579
7.663001537322998 579
7.668970823287964 579
7.675218820571899 579
7.680659055709839 579
7.686766862869263 580
7.692005395889282 580
7.697994947433472 580
7.704226493835449 580
7.710918426513672 579
7.717099666595459 579
7.722294092178345 579
7.728272914886475 579
7.734753608703613 579
7.739940404891968 580
7.74596095085144 580
7.751591920852661 580
7.7587103843688965 580
7.765007495880127 579
7.770587921142578 579
7.77670693397522 579
7.781912088394165 579
7.787948369979858 579
7.794150114059448 579
7.799520492553711 580
7.805599212646484 580
7.812021255493164 580
7.818017244338989 580
7.827193975448608 579
7.8341498374938965 579
7.839793920516968 579
7.845779657363892 579
7.851615905761719 579
7.858721971511841 579
7.865007638931274 580
7.870242118835449 580
7.876181125640869 580
7.8817665576934814 580
7.887908697128296 580
7.894129991531372 579
7.899506568908691 579
7.9056103229522705 579
7.911966323852539 579
7.917983770370483 579
7.924240350723267 579
7.9295899868011475 580
7.935640811920166 580
7.941254138946533 580
7.947349548339844 580
7.952838182449341 580
7.9598119258880615 579
7.9658362865448 579
7.971431255340576 579
7.977563142776489 579
7.98305344581604 579
7.989048004150391 579
7.9952898025512695 580
8.000842094421387 580
8.007001399993896 580
8.013702392578125 580
8.019479990005493 580
8.02552843093872 579
8.031080722808838 579
8.03712272644043 579
8.042285919189453 579
8.048267126083374 579
8.054774522781372 579
8.061102867126465 580
8.067280054092407 580
8.072795152664185 580
8.078717231750488 580
8.08502984046936 580
8.090281009674072 579
8.096182107925415 579
8.101883888244629 579
8.10798168182373 579
8.11524510383606 579
8.120895385742188 579
8.127072095870972 579
8.132254838943481 580
8.138275146484375 580
8.144790410995483 580
8.149969816207886 580
8.155982732772827 580
8.162646770477295 579
8.168648719787598 579
8.177513599395752 579
8.18299913406372 579
8.189200162887573 579
8.195432424545288 579
8.201180696487427 579
8.207172155380249 580
8.214206457138062 580
8.219573736190796 580
8.229151248931885 579
8.235395193099976 579
8.241220951080322 579
8.247498512268066 579
8.252997636795044 579
8.259058237075806 579
8.266054630279541 579
8.271616458892822 580
8.277663707733154 580
8.283209085464478 580
8.289165019989014 580
8.295390129089355 580
8.300907135009766 579
8.307016611099243 579
8.31228494644165 579
8.319457530975342 579
8.325522661209106 579
8.331780433654785 579
8.33778166770935 579
8.343255281448364 580
8.349512577056885 580
8.355597496032715 580
8.361138105392456 580
8.368077516555786 579
8.374588966369629 579
8.379824876785278 579
8.385846614837646 579
8.39142918586731 579
8.397454500198364 579
8.402939081192017 580
8.408896684646606 580
8.415210485458374 580
8.421567678451538 580
8.427679300308228 580
8.433136940002441 579
8.439139127731323 579
8.445391178131104 579
8.450982570648193 579
8.456990242004395 579
8.462166547775269 580
8.469069480895996 580
8.475365161895752 580
8.48092007637024 580
8.487386226654053 580
8.49467396736145 579
8.5000581741333 579
8.506042242050171 579
8.51163911819458 579
8.51867127418518 579
8.524916887283325 580
8.53011178970337 580
8.536117792129517 580
8.541717290878296 580
8.547825813293457 580
8.553637266159058 579
8.559377431869507 579
8.565498352050781 579
8.571950435638428 579
8.577986478805542 579
8.584294080734253 580
8.589733123779297 580
8.595800876617432 580
8.601408958435059 580
8.607571601867676 580
8.613053560256958 579
8.620038747787476 579
8.62888240814209 579
8.636187314987183 579
8.641858577728271 579
8.648037672042847 579
8.654286861419678 580
8.659996271133423 580
8.66598391532898 580
8.672752380371094 580
8.678785800933838 579
8.685036659240723 579
8.69056487083435 579
8.696668148040771 579
8.701904535293579 579
8.709544658660889 579
8.715600490570068 579
8.721858739852905 580
8.728035688400269 580
8.734251976013184 580
8.739595651626587 580
8.74561882019043 579
8.751150131225586 579
8.757296085357666 579
8.76279354095459 579
8.768767356872559 579
8.775863647460938 579
8.781431198120117 579
8.787534952163696 580
8.793045282363892 580
8.799057006835938 580
8.805291891098022 580
8.81084394454956 580
8.816852807998657 579
8.82308840751648 579
8.829128742218018 579
8.835412979125977 579
8.840991020202637 579
8.847115755081177 579
8.852284908294678 579
8.858327150344849 580
8.864827632904053 580
8.870070219039917 580
8.877180576324463 580
8.882612943649292 580
8.88869595527649 579
8.894926071166992 579
8.900249719619751 579
8.906159162521362 579
8.91181206703186 579
8.917813777923584 579
8.924896717071533 579
8.930258989334106 580
8.93616247177124 580
8.941916942596436 580
8.947903156280518 580
8.953762531280518 580
8.959513425827026 580
8.965579986572266 579
8.978058576583862 579
8.98463225364685 579
8.989831686019897 579
8.99581789970398 579
9.001431226730347 579
9.007489681243896 580
9.012973070144653 580
9.019047975540161 580
9.0252525806427 580
9.036052942276001 580
9.041748285293579 579
9.0478355884552 579
9.054121017456055 579
9.059617042541504 579
9.065714836120605 579
9.0712730884552 579
9.077930450439453 579
9.084226131439209 580
9.089775323867798 580
9.095848560333252 580
9.101430892944336 580
9.107481718063354 580
9.112966060638428 579
9.118941307067871 579
9.12521743774414 579
9.131611585617065 579
9.13769268989563 579
9.143155097961426 579
9.149352550506592 579
9.155500411987305 580
9.1610848903656 580
9.167175531387329 580
9.172619581222534 580
9.179534912109375 580
9.18561339378357 579
9.191176891326904 579
9.197264909744263 579
9.202753782272339 579
9.208825588226318 579
9.215087175369263 579
9.220548152923584 579
9.226266860961914 580
9.232833623886108 580
9.238845348358154 580
9.245073080062866 580
9.250317096710205 580
9.256205320358276 579
9.261842727661133 579
9.268034219741821 579
9.274270296096802 579
9.280991315841675 579
9.2870512008667 579
9.292241096496582 579
9.298255443572998 580
9.304765939712524 580
9.3099684715271 580
9.315985441207886 580
9.32158613204956 580
9.327720642089844 579
9.33576250076294 579
9.341394901275635 579
9.347416162490845 579
9.352864742279053 579
9.358827829360962 579
9.365081310272217 579
9.3705735206604 580
9.376708745956421 580
9.383068323135376 580
9.389169216156006 580
9.395402908325195 580
9.40099310874939 579
9.407151937484741 579
9.412626028060913 579
9.418614625930786 579
9.424885749816895 579
9.435365438461304 579
9.441075563430786 580
9.447326898574829 580
9.452845096588135 580
9.458922386169434 580
9.465203523635864 580
9.470649719238281 579
9.476745128631592 579
9.481976985931396 579
9.489019393920898 579
9.49611210823059 579
9.502048254013062 579
9.50814938545227 579
9.514610052108765 580
9.519880056381226 580
9.525858640670776 580
9.5314359664917 580
9.538289308547974 579
9.544769763946533 579
9.54999327659607 579
9.556017875671387 579
9.566095352172852 579
9.571779489517212 579
9.57779335975647 579
9.583634376525879 580
9.590309858322144 580
9.596224308013916 580
9.601795434951782 580
9.607814311981201 579
9.613258361816406 579
9.61937665939331 579
9.625537157058716 579
9.631268739700317 579
9.63823413848877 579
9.644692182540894 579
9.6498703956604 580
9.655922651290894 580
9.661493062973022 580
9.667596340179443 580
9.673072814941406 580
9.6790771484375 579
9.685384035110474 579
9.691869735717773 579
9.697893619537354 579
9.703744649887085 579
9.709510564804077 580
9.716116428375244 580
9.72176742553711 580
9.727742195129395 580
9.733184099197388 580
9.740047216415405 579
9.746094465255737 579
9.751821756362915 579
9.757822513580322 579
9.763732194900513 579
9.769465446472168 579
9.775555610656738 580
9.78109884262085 580
9.787892580032349 580
9.794328927993774 580
9.800015687942505 579
9.805994272232056 579
9.811699151992798 579
9.817752361297607 579
9.823230504989624 579
9.82921290397644 580
9.840729713439941 580
9.847005844116211 580
9.8522047996521 580
9.858292818069458 580
9.864780187606812 579
9.870084762573242 579
9.876113891601562 579
9.8817138671875 579
9.88777470588684 579
9.895055532455444 579
9.900317430496216 580
9.906217813491821 580
9.91194748878479 580
9.917961120605469 580
9.924173593521118 580
9.929757595062256 579
9.935753345489502 579
9.9421546459198 579
9.948150873184204 579
9.95464539527893 579
9.959854364395142 579
9.965854406356812 580
9.971424579620361 580
9.97746205329895 580
9.982968807220459 580
9.98902153968811 580
9.996073484420776 579
10.00164794921875 579
10.007712602615356 579
10.013183832168579 579
10.019201278686523 579
10.025414943695068 579
10.030973434448242 579
10.037083148956299 580
10.0441415309906 580
10.049798011779785 580
10.055807828903198 580
10.061509847640991 580
10.06751823425293 580
10.072975635528564 579
10.078975915908813 579
10.085236310958862 579
10.090701341629028 579
10.09764575958252 579
10.103132724761963 579
10.109224557876587 580
10.11548638343811 580
10.121081352233887 580
10.12711787223816 580
10.132303237915039 580
10.138305425643921 579
10.145484447479248 579
10.151099443435669 579
10.157151699066162 579
10.162624835968018 579
10.168723821640015 579
10.175032377243042 579
10.180301666259766 580
10.186280488967896 580
10.191993236541748 580
10.199012517929077 580
10.205257415771484 579
10.210715055465698 579
10.216910123825073 579
10.222091913223267 579
10.228195190429688 579
10.23818588256836 579
10.245413541793823 580
10.251284837722778 580
10.257385492324829 580
10.262874841690063 580
10.26882290840149 579
10.27506136894226 579
10.280595064163208 579
10.286799669265747 579
10.292010068893433 579
10.299121618270874 579
10.305360794067383 580
10.310916900634766 580
10.317096948623657 580
10.322297811508179 580
10.329226016998291 579
10.335515975952148 579
10.34113335609436 579
10.348129749298096 579
10.354646921157837 579
10.359893798828125 579
10.365904808044434 579
10.371475458145142 580
10.377506732940674 580
10.383060932159424 580
10.389046430587769 580
10.395272970199585 579
10.401679992675781 579
10.407862186431885 579
10.414139986038208 579
10.419535875320435 579
10.42559289932251 579
10.43116283416748 579
10.43718957901001 580
10.442655563354492 580
10.44991135597229 580
10.455935001373291 580
10.46148419380188 579
10.467629194259644 579
10.473159313201904 579
10.479181289672852 579
10.485421657562256 579
10.49097990989685 579
10.497337818145752 579
10.505621433258057 580
10.511202812194824 580
10.517280578613281 580
10.522710084915161 580
10.52880048751831 579
10.535044431686401 579
10.540581941604614 579
10.546710968017578 579
10.553069114685059 579
10.559045314788818 579
10.565291404724121 579
10.571000099182129 580
10.577170848846436 580
10.582706451416016 580
10.588763952255249 580
10.595034122467041 579
10.60138750076294 579
10.607481956481934 579
10.612953424453735 579
10.618943452835083 579
10.625196695327759 579
10.630681991577148 579
10.641066789627075 580
10.647340536117554 580
10.654572248458862 580
10.659909725189209 579
10.665939569473267 579
10.671601295471191 579
10.67760157585144 579
10.683106899261475 579
10.689095973968506 579
10.695347547531128 579
10.700946807861328 580
10.707949161529541 580
10.714181423187256 580
10.719548225402832 580
10.725608587265015 579
10.731149911880493 579
10.737268447875977 579
10.742778778076172 579
10.748799324035645 579
10.755866765975952 579
10.761465549468994 580
10.7675940990448 580
10.77311897277832 580
10.779114484786987 580
10.785375356674194 580
10.790917873382568 579
10.796950817108154 579
10.8021981716156 579
10.809323072433472 579
10.81550121307373 579
10.82106351852417 579
10.827219009399414 579
10.832673788070679 580
10.838810682296753 580
10.845107555389404 580
10.850603342056274 580
10.857447862625122 580
10.862996816635132 579
10.869000673294067 579
10.875314474105835 579
10.880857467651367 579
10.886995792388916 579
10.892186641693115 579
10.898204326629639 579
10.904736757278442 580
10.911122798919678 580
10.91719675064087 580
10.922648668289185 580
10.928632020950317 580
10.934908390045166 580
10.940064907073975 579
10.946083307266235 579
10.951773881912231 579
10.958752393722534 579
10.965029239654541 579
10.970645189285278 579
10.977807998657227 580
10.984163284301758 580
10.989528894424438 580
10.995627164840698 580
11.00119137763977 579
11.007993459701538 579
11.014321565628052 579
11.019744873046875 579
11.025759935379028 579
11.03135371208191 579
11.041173696517944 580
11.047365665435791 580
11.052842140197754 580
11.05998182296753 580
11.06600308418274 579
11.07183289527893 579
11.07792353630066 579
11.084137439727783 579
11.089528799057007 579
11.095612287521362 579
11.101321697235107 580
11.107322931289673 580
11.114657640457153 580
11.119871377944946 580
11.12584376335144 580
11.131554126739502 579
11.137643575668335 579
11.143157958984375 579
11.149139404296875 579
11.15540337562561 579
11.161789655685425 579
11.167822122573853 579
11.173711776733398 580
11.17948317527771 580
11.185591697692871 580
11.191272258758545 580
11.197309494018555 580
11.202767848968506 579
11.20871615409851 579
11.221524715423584 579
11.227709293365479 579
11.233218431472778 579
11.239190816879272 579
11.245434284210205 580
11.251144170761108 580
11.25721001625061 580
11.264221429824829 580
11.26957106590271 580
11.275651931762695 580
11.28121304512024 579
11.28724479675293 579
11.292705774307251 579
11.298676490783691 579
11.304935455322266 579
11.310323715209961 580
11.317472696304321 580
11.323041200637817 580
11.334748029708862 580
11.34311842918396 579
11.349491119384766 579
11.36100959777832 579
11.36805272102356 579
11.376287460327148 579
11.382623672485352 580
11.38857626914978 580
11.397241115570068 580
11.402726173400879 580
11.408822059631348 580
11.415836095809937 579
11.424673557281494 579
11.430105209350586 579
11.44124436378479 579
11.447441339492798 579
11.454659223556519 579
11.46004056930542 580
11.467816591262817 580
11.4761221408844 580
11.481685876846313 579
11.487847566604614 579
11.495165348052979 579
11.505054950714111 579
11.510600566864014 579
11.51749849319458 579
11.52697205543518 580
11.534977912902832 580
11.542309522628784 580
11.548742532730103 579
11.555062294006348 579
11.569710969924927 579
11.57576322555542 579
11.583216905593872 579
11.5895414352417 579
11.595614194869995 580
11.603007793426514 580
11.609150171279907 580
11.61540675163269 580
11.625937461853027 580
11.631537437438965 579
11.63757848739624 579
11.645936489105225 579
11.651525735855103 579
11.657554149627686 579
11.66479206085205 579
11.671313524246216 580
11.67807412147522 580
11.689832925796509 580
11.69585371017456 580
11.704276084899902 580
11.709830284118652 580
11.715820550918579 579
11.73230767250061 579
11.738584756851196 579
11.74488878250122 580
11.755372524261475 580
11.761174201965332 580
11.769999742507935 580
11.776028156280518 580
11.784627676010132 579
11.791760921478271 579
11.799771308898926 579
11.811834573745728 580
11.824127435684204 580
11.83177900314331 580
11.841616153717041 579
11.849864959716797 579
11.858199119567871 579
11.864705324172974 579
11.87160873413086 579
11.881748676300049 580
11.887802124023438 580
11.893724918365479 580
11.900006532669067 580
11.905991792678833 580
11.911658763885498 579
11.917675495147705 579
11.925013542175293 579
11.930261850357056 579
11.936154127120972 579
11.941755771636963 579
11.94781494140625 580
11.953707456588745 580
11.95946478843689 580
11.96554970741272 580
11.9712495803833 580
11.978060960769653 579
11.984326124191284 579
11.989831447601318 579
11.995849847793579 579
12.001431226730347 579
12.007566213607788 579
12.013056755065918 579
12.019083738327026 580
12.026095151901245 580
12.031920909881592 580
12.037922620773315 580
12.044164896011353 580
12.049564361572266 580
12.055617809295654 579
12.06114673614502 579
12.06724238395691 579
12.072687864303589 579
12.079575538635254 579
12.085636377334595 579
12.091309547424316 579
12.097322940826416 580
12.102826595306396 580
12.108784437179565 580
12.115059614181519 580
12.120306968688965 580
12.12738561630249 579
12.132842302322388 579
12.14095664024353 579
12.147208452224731 579
12.152680158615112 579
12.158666372299194 579
12.16493558883667 580
12.17012095451355 580
12.17733359336853 580
12.182841300964355 580
12.188781261444092 580
12.19503903388977 580
12.200298070907593 579
12.206245183944702 579
12.211942434310913 579
12.219005584716797 579
12.225234031677246 579
12.231649398803711 580
12.241605997085571 580
12.247844696044922 580
12.25376009941101 580
12.259634733200073 580
12.265718221664429 579
12.271493434906006 579
12.2786283493042 579
12.284913778305054 579
12.290106058120728 579
12.296103715896606 579
12.301661968231201 580
12.307711601257324 580
12.313230514526367 580
12.319209575653076 580
12.325416803359985 580
12.332741022109985 579
12.338707208633423 579
12.345030069351196 579
12.350308895111084 579
12.356219291687012 579
12.361767292022705 579
12.367744207382202 579
12.37322211265564 580
12.380236625671387 580
12.38614559173584 580
12.391802549362183 580
12.398000478744507 579
12.404265880584717 579
12.409873247146606 579
12.415873289108276 579
12.421429872512817 579
12.427457332611084 579
12.434773206710815 580
12.439990997314453 580
12.446035146713257 580
12.451676845550537 580
12.457679510116577 580
12.46315860748291 580
12.46911096572876 579
12.475409269332886 579
12.481733798980713 579
12.487772703170776 579
12.493251323699951 579
12.49923062324524 580
12.505483150482178 580
12.512164831161499 580
12.518312215805054 580
12.524814128875732 580
12.530110359191895 579
12.537299394607544 579
12.542798519134521 579
12.548748016357422 579
12.555030345916748 579
12.560299158096313 579
12.566860914230347 579
12.572086811065674 580
12.578112363815308 580
12.585408449172974 580
12.590970516204834 580
12.597018718719482 579
12.602246046066284 579
12.60830307006836 579
12.61483097076416 579
12.620004653930664 579
12.62598180770874 579
12.631687641143799 580
12.641907215118408 580
12.648979902267456 580
12.65521240234375 580
12.661043643951416 580
12.667206048965454 579
12.67266845703125 579
12.678677320480347 579
12.685630083084106 579
12.6913161277771 579
12.697334051132202 579
12.702823877334595 579
12.708757162094116 580
12.715052843093872 580
12.720327138900757 580
12.726256608963013 580
12.731845617294312 579
12.73879337310791 579
12.7451012134552 579
12.750720262527466 579
12.756824970245361 579
12.762040376663208 579
12.768073558807373 580
12.774308204650879 580
12.779772758483887 580
12.787068367004395 580
12.792261600494385 580
12.798263549804688 579
12.804726362228394 579
12.810078859329224 579
12.816097974777222 579
12.82166075706482 579
12.827666521072388 579
12.833174228668213 580
12.84008240699768 580
12.84607744216919 580
12.851650953292847 580
12.857677221298218 580
12.863189697265625 579
12.869454383850098 579
12.875561714172363 579
12.881073713302612 579
12.88775086402893 579
12.89324951171875 579
12.899484395980835 580
12.9055814743042 580
12.911182641983032 580
12.917308330535889 580
12.922772884368896 580
12.928979396820068 579
12.935227155685425 579
12.941638946533203 579
12.947653770446777 579
12.953153610229492 579
12.959115982055664 579
12.96540093421936 579
12.970916032791138 580
12.976979732513428 580
12.982248783111572 580
12.989550590515137 580
12.99567461013794 580
13.001239776611328 579
13.007288932800293 579
13.012768745422363 579
13.018731355667114 579
13.025044202804565 579
13.030550241470337 579
13.036275386810303 580
13.047206163406372 580
13.052713394165039 580
13.058799982070923 580
13.065047025680542 579
13.070615768432617 579
13.07677149772644 579
13.08197546005249 579
13.087992906570435 579
13.095319986343384 579
13.100879669189453 579
13.106996774673462 580
13.11219573020935 580
13.118255376815796 580
13.124738693237305 580
13.129979610443115 579
13.13596796989441 579
13.142326354980469 579
13.14857268333435 579
13.154868364334106 579
13.160020112991333 579
13.166060209274292 579
13.171738862991333 580
13.177854776382446 580
13.184154272079468 580
13.189532995223999 580
13.196817636489868 579
13.201999425888062 579
13.20804738998413 579
13.214303731918335 579
13.221375465393066 579
13.227580308914185 579
13.233103036880493 579
13.239120244979858 580
13.246137619018555 580
13.251745223999023 580
13.257751941680908 580
13.263199806213379 580
13.2691650390625 579
13.2754487991333 579
13.281085968017578 579
13.287222146987915 579
13.29268217086792 579
13.299540281295776 579
13.305622816085815 579
13.311306715011597 580
13.317330837249756 580
13.32280421257019 580
13.329632043838501 579
13.335728168487549 579
13.3412926197052 579
13.348078727722168 579
13.354326486587524 579
13.359766483306885 579
13.365763902664185 579
13.371291399002075 579
13.377316236495972 580
13.382823705673218 580
13.388783931732178 580
13.395803928375244 579
13.401448249816895 579
13.407594919204712 579
13.413108587265015 579
13.419096946716309 579
13.425333976745605 579
13.430905103683472 579
13.437035322189331 580
13.447675704956055 580
13.453200340270996 580
13.45949101448059 580
13.465542793273926 580
13.47130298614502 579
13.477333068847656 579
13.48280954360962 579
13.48875880241394 579
13.495099544525146 579
13.5014066696167 579
13.507398843765259 580
13.514960527420044 580
13.520304679870605 580
