00
0.011925458908081055 0
0.024335384368896484 0
0.03031301498413086 1
0.03793478012084961 3
0.04652714729309082 4
0.05332684516906738 6
0.05924558639526367 9
0.06630325317382812 13
0.07559418678283691 16
0.0814521312713623 20
0.08805227279663086 23
0.09551858901977539 26
0.10315704345703125 31
0.11127734184265137 36
0.1179056167602539 40
0.12428617477416992 43
0.1304607391357422 48
0.13825726509094238 52
0.15001344680786133 56
0.15925025939941406 60
0.16585183143615723 63
0.17247414588928223 66
0.17850589752197266 69
0.1872856616973877 72
0.19391322135925293 74
0.20000863075256348 76
0.20736074447631836 81
0.21613430976867676 84
0.22304534912109375 87
0.22892999649047852 91
0.23618316650390625 94
0.24381470680236816 98
0.2528395652770996 100
0.2588357925415039 102
0.26540470123291016 105
0.27310776710510254 109
0.28111839294433594 112
0.2877199649810791 116
0.2941746711730957 118
0.30019569396972656 122
0.3095111846923828 125
0.3160262107849121 128
0.32300877571105957 131
0.33045244216918945 134
0.3372185230255127 137
0.34384775161743164 140
0.35193443298339844 142
0.35770297050476074 144
0.36352062225341797 147
0.37178611755371094 152
0.37967801094055176 154
0.38720011711120605 157
0.39400720596313477 159
0.4000101089477539 161
0.40737056732177734 163
0.41397833824157715 166
0.4199385643005371 168
0.4263498783111572 170
0.4332873821258545 172
0.43941211700439453 174
0.44582629203796387 177
0.45342230796813965 180
0.45948338508605957 183
0.4659311771392822 185
0.4728269577026367 187
0.4784824848175049 189
0.4852583408355713 190
0.49112892150878906 193
0.4977915287017822 196
0.5053958892822266 198
0.5113158226013184 202
0.5180211067199707 204
0.5243735313415527 206
0.5303666591644287 208
0.5370304584503174 211
0.5436508655548096 216
0.5559401512145996 218
0.5628304481506348 220
0.5688419342041016 222
0.5754342079162598 224
0.5812816619873047 228
0.5878183841705322 230
0.5943028926849365 232
0.6002395153045654 235
0.6080191135406494 238
0.6144077777862549 239
0.6204633712768555 241
0.6272060871124268 244
0.6338620185852051 247
0.6398019790649414 250
0.646277904510498 252
0.6531758308410645 256
0.659987211227417 257
0.6664049625396729 259
0.6732296943664551 261
0.6792640686035156 264
0.6856966018676758 266
0.6929221153259277 269
0.6999490261077881 271
0.70737624168396 273
0.7164633274078369 275
0.723374605178833 277
0.7294483184814453 280
0.7360777854919434 281
0.7430093288421631 282
0.7491283416748047 284
0.7555413246154785 286
0.7632160186767578 289
0.7691929340362549 291
0.7756597995758057 292
0.7819235324859619 294
0.7881543636322021 295
0.794987678527832 296
0.8008265495300293 297
0.8071563243865967 299
0.8150057792663574 300
0.820875883102417 302
0.8272228240966797 304
0.8338229656219482 307
0.8397986888885498 309
0.8463356494903564 310
0.853236198425293 312
0.8600804805755615 313
0.8674068450927734 316
0.8740675449371338 317
0.8801014423370361 318
0.8868563175201416 319
0.8934364318847656 320
0.8993761539459229 321
0.9058747291564941 322
0.9134454727172852 325
0.9196414947509766 327
0.9260170459747314 328
0.932889461517334 329
0.9385154247283936 330
0.9452488422393799 333
0.9557778835296631 334
0.96341872215271 336
0.9695279598236084 338
0.976118803024292 339
0.9830060005187988 340
0.9888231754302979 342
0.9953029155731201 344
1.0012314319610596 346
1.007721185684204 347
1.0154027938842773 348
1.0212764739990234 348
1.0277740955352783 350
1.03420090675354 352
1.0402824878692627 353
1.0469152927398682 354
1.0535943508148193 355
1.0594897270202637 357
1.0668349266052246 359
1.0734961032867432 360
1.0794458389282227 362
1.0858609676361084 363
1.0924654006958008 364
1.0984513759613037 365
1.105271577835083 367
1.111144781112671 369
1.118513822555542 370
1.1252152919769287 372
1.13106369972229 372
1.1374108791351318 374
1.1439483165740967 375
1.1499011516571045 376
1.156386375427246 377
1.163238525390625 379
1.1701200008392334 380
1.1767709255218506 381
1.1834192276000977 382
1.189366102218628 384
1.1957826614379883 386
1.2024321556091309 388
1.2082574367523193 391
1.2159173488616943 392
1.2228314876556396 393
1.228501558303833 394
1.2351782321929932 396
1.240997314453125 397
1.2473680973052979 400
1.2539713382720947 400
1.259894847869873 401
1.2671828269958496 402
1.2738313674926758 403
1.2798593044281006 404
1.2862439155578613 405
1.2930867671966553 407
1.2991366386413574 408
1.305534839630127 410
1.3114013671875 411
1.319272518157959 412
1.3257052898406982 413
1.3319346904754639 414
1.338275671005249 415
1.3450820446014404 417
1.3553600311279297 419
1.3612568378448486 421
1.3692059516906738 422
1.375675916671753 423
1.3823411464691162 424
1.3881950378417969 425
1.3950283527374268 426
1.4009957313537598 427
1.407355546951294 429
1.4139952659606934 430
1.4210662841796875 430
1.4277324676513672 431
1.4341473579406738 432
1.4401226043701172 434
1.446810245513916 434
1.4534423351287842 434
1.4595062732696533 435
1.4663877487182617 436
1.4740674495697021 437
1.480027675628662 438
1.4864423274993896 438
1.4933111667633057 439
1.49931001663208 440
1.5057449340820312 440
1.512453556060791 440
1.5194511413574219 440
1.5259621143341064 441
1.5327913761138916 442
1.5385079383850098 442
1.5452680587768555 442
1.5511186122894287 442
1.557713270187378 443
1.5641894340515137 444
1.5712497234344482 444
1.5779714584350586 444
1.5843262672424316 444
1.5902659893035889 445
1.5969877243041992 446
1.6035988330841064 446
1.609527587890625 447
1.6158678531646729 448
1.6236307621002197 449
1.6296515464782715 450
1.6361587047576904 450
1.6430511474609375 450
1.6488430500030518 450
1.6553153991699219 451
1.6611430644989014 452
1.667675495147705 453
1.675276517868042 453
1.6812043190002441 453
1.6878066062927246 453
1.694200038909912 454
1.7019405364990234 455
1.7085270881652832 456
1.7152600288391113 456
1.7210919857025146 456
1.7284502983093262 457
1.7351009845733643 457
1.7409443855285645 458
1.7472972869873047 458
1.7577095031738281 458
1.764122486114502 458
1.7701714038848877 459
1.7779085636138916 460
1.7843348979949951 460
1.7903029918670654 461
1.7969179153442383 461
1.8035814762115479 461
1.80946683883667 462
1.815988540649414 463
1.822859764099121 464
1.8296527862548828 464
1.8360233306884766 464
1.8428986072540283 464
1.8485300540924072 464
1.855208396911621 465
1.861015796661377 466
1.868319034576416 467
1.8760182857513428 468
1.8829078674316406 468
1.8885340690612793 468
1.8952596187591553 468
1.9010896682739258 469
1.907402753829956 471
1.9140448570251465 472
1.919978141784668 472
1.9275240898132324 472
1.934041976928711 472
1.9400334358215332 473
1.9465217590332031 474
1.9533939361572266 475
1.9593584537506104 475
1.965780258178711 475
1.972337007522583 475
1.979297161102295 476
1.9856493473052979 476
1.9918651580810547 477
1.9981942176818848 478
2.0061607360839844 478
2.013075351715088 478
2.0188701152801514 478
2.025291681289673 479
2.0329692363739014 480
2.0388340950012207 481
2.0453290939331055 482
2.05123233795166 482
2.057810068130493 482
2.064236879348755 483
2.0701205730438232 484
2.0769200325012207 485
2.084296941757202 485
2.09029221534729 485
2.096881866455078 485
2.1034975051879883 485
2.1094980239868164 486
2.1160242557525635 487
2.1229019165039062 488
2.129577159881592 488
2.13600754737854 488
2.1428425312042236 488
2.1484873294830322 490
2.1590511798858643 490
2.1656110286712646 491
2.171459436416626 491
2.17844295501709 492
2.185974597930908 492
2.1928062438964844 491
2.1984732151031494 492
2.205273151397705 492
2.211063861846924 494
2.217402696609497 495
2.2239925861358643 495
2.231004476547241 495
2.2375974655151367 496
2.244065046310425 496
2.2500040531158447 496
2.2563841342926025 497
2.263263463973999 498
2.2692301273345947 498
2.2756497859954834 499
2.2831461429595947 499
2.2890636920928955 499
2.2955594062805176 499
2.30137300491333 500
2.3077874183654785 501
2.3142337799072266 502
2.3201937675476074 502
2.3268308639526367 502
2.3341851234436035 502
2.340224504470825 503
2.3468129634857178 504
2.3534412384033203 504
2.359522581100464 505
2.3659005165100098 505
2.3724679946899414 505
2.378220319747925 506
2.3857879638671875 506
2.3923964500427246 507
2.3982057571411133 508
2.4049508571624756 508
2.4105029106140137 508
2.4172139167785645 508
2.429544687271118 510
2.437041759490967 512
2.443695068359375 512
2.4496259689331055 512
2.456010103225708 512
2.4628849029541016 513
2.4688217639923096 514
2.4754369258880615 514
2.4813644886016846 515
2.489154815673828 515
2.4955310821533203 514
2.501375436782837 515
2.50797176361084 515
2.5143325328826904 516
2.5203163623809814 516
2.526965379714966 517
2.5335943698883057 518
2.540536642074585 518
2.547189235687256 519
2.557600259780884 520
2.564175605773926 520
2.5702319145202637 520
2.5769612789154053 520
2.5835750102996826 520
2.59025239944458 522
2.597101926803589 522
2.6037886142730713 523
2.609703540802002 523
2.6160800457000732 524
2.622972011566162 524
2.628830671310425 524
2.6353297233581543 525
2.6429994106292725 526
2.648852586746216 526
2.6554412841796875 527
2.6613645553588867 527
2.667916774749756 527
2.674269676208496 527
2.6801505088806152 528
2.686488628387451 530
2.694230794906616 530
2.7018299102783203 531
2.708235502243042 531
2.7150840759277344 531
2.7209131717681885 532
2.7274153232574463 532
2.7340290546417236 533
2.7409369945526123 534
2.7473435401916504 535
2.7539920806884766 535
2.7600185871124268 535
2.76643967628479 535
2.7732579708099365 535
2.779308319091797 536
2.785881757736206 537
2.7936246395111084 538
2.7996416091918945 538
2.8060226440429688 538
2.812913417816162 538
2.818772315979004 539
2.8252511024475098 540
2.831153154373169 541
2.8377602100372314 541
2.8454341888427734 541
2.8513426780700684 541
2.858004570007324 542
2.8643221855163574 542
2.871352434158325 543
2.87783145904541 544
2.884254217147827 544
2.8902440071105957 544
2.897955894470215 544
2.9042885303497314 545
2.910238265991211 546
2.916893243789673 548
2.9235527515411377 548
2.9294919967651367 549
2.9358761310577393 550
2.9434759616851807 551
2.949491500854492 552
2.959794521331787 551
2.9662792682647705 550
2.973200798034668 550
2.979267120361328 550
2.9858856201171875 550
2.9927778244018555 551
2.999497652053833 552
3.0059077739715576 553
3.0127713680267334 553
3.0188379287719727 554
3.0253496170043945 553
3.0312044620513916 553
3.037654399871826 553
3.0451560020446777 553
3.05102801322937 554
3.0573720932006836 555
3.063946485519409 556
3.069915533065796 556
3.0763986110687256 557
3.0832769870758057 557
3.0892438888549805 556
3.0962793827056885 557
3.103132963180542 558
3.109184980392456 558
3.1156625747680664 558
3.1218512058258057 558
3.1280038356781006 559
3.134369373321533 560
3.140397310256958 560
3.148111581802368 560
3.1548588275909424 561
3.160419464111328 562
3.167060375213623 562
3.173707962036133 563
3.1796464920043945 563
3.1860344409942627 564
3.1928670406341553 564
3.1997876167297363 564
3.20613431930542 564
3.2129406929016113 565
3.2187886238098145 566
3.225327730178833 567
3.2311949729919434 567
3.2376883029937744 567
3.2441232204437256 568
3.251338005065918 568
3.258009195327759 568
3.2643628120422363 568
3.2702863216400146 569
3.276962995529175 570
3.283629894256592 570
3.289578914642334 571
3.2959513664245605 572
3.303598403930664 573
3.309526205062866 573
3.315995931625366 573
3.3229284286499023 573
3.328779935836792 573
3.33526349067688 574
3.341087579727173 575
3.347534656524658 576
3.3590645790100098 576
3.3655505180358887 576
3.3714261054992676 575
3.378282308578491 575
3.3852012157440186 575
3.3910412788391113 575
3.397353172302246 576
3.4052391052246094 576
3.4111618995666504 577
3.417738676071167 577
3.4241955280303955 578
3.4301319122314453 578
3.436943292617798 578
3.443610906600952 578
3.4495463371276855 578
3.456956148147583 578
3.4635887145996094 578
3.4695041179656982 578
3.475865125656128 578
3.4824445247650146 578
3.488215923309326 579
3.495122194290161 579
3.5024099349975586 579
3.5083279609680176 579
3.5151076316833496 579
3.5210087299346924 579
3.5273213386535645 579
3.533942222595215 579
3.539863348007202 580
3.5462303161621094 580
3.5539069175720215 580
3.559899091720581 579
3.5661818981170654 579
3.573087692260742 579
3.579051971435547 579
3.5854222774505615 579
3.5912883281707764 579
3.5977444648742676 579
3.605313539505005 580
3.6111643314361572 580
3.6178176403045654 580
3.62420916557312 580
3.630070209503174 580
3.6365110874176025 579
3.643317222595215 579
3.6492767333984375 580
3.6564788818359375 580
3.663346290588379 580
3.6692724227905273 580
3.675712823867798 580
3.681863784790039 580
3.6879847049713135 580
3.694310188293457 580
3.700533866882324 580
3.7093794345855713 580
3.715698719024658 580
3.721858263015747 580
3.7279701232910156 580
3.7342865467071533 580
3.7403151988983154 580
3.7468807697296143 580
3.753466844558716 580
3.7653040885925293 580
3.7718429565429688 580
3.7781050205230713 580
3.7849490642547607 580
3.790498733520508 580
3.797199010848999 580
3.803778886795044 580
3.8104336261749268 580
3.8170225620269775 580
3.823563575744629 580
3.8293893337249756 580
3.835747003555298 580
3.8419241905212402 580
3.848041296005249 580
3.8543195724487305 580
3.8618271350860596 580
3.869081497192383 580
3.875391960144043 580
3.8811917304992676 580
3.887533187866211 580
3.8939743041992188 580
3.8999619483947754 580
3.906273126602173 580
3.9137988090515137 580
3.919785737991333 580
3.926051139831543 580
3.9328300952911377 580
3.9384570121765137 580
3.9450645446777344 580
3.950838804244995 580
3.957102060317993 580
3.9643654823303223 580
3.971323251724243 580
3.978097915649414 580
3.984377145767212 580
3.9902467727661133 580
3.996767282485962 580
4.003336668014526 580
4.009296417236328 580
4.0164573192596436 580
4.023245096206665 580
4.029298305511475 580
4.0358476638793945 580
4.0423424243927 580
4.0481367111206055 580
4.054481506347656 580
4.061455965042114 580
4.067990064620972 580
4.0742714405059814 580
4.080172061920166 580
4.086472272872925 580
4.0932581424713135 580
4.0992889404296875 580
4.10569953918457 580
4.113124132156372 580
4.118868589401245 580
4.12528133392334 580
4.131056547164917 580
4.137342214584351 580
4.143909215927124 580
4.1497719287872314 580
4.15618896484375 580
4.167526483535767 580
4.17396354675293 580
4.179938554763794 580
4.186330556869507 580
4.193125009536743 580
4.198933124542236 580
4.205377578735352 580
4.21117639541626 580
4.218813180923462 580
4.225266456604004 580
4.231046438217163 580
4.23731803894043 580
4.243884086608887 580
4.249726057052612 580
4.256024122238159 580
4.262848854064941 580
4.269530296325684 580
4.275957345962524 580
4.2824788093566895 580
4.288340330123901 580
4.295077800750732 580
4.300860643386841 580
4.307163238525391 580
4.313722133636475 580
4.320392370223999 580
4.326961040496826 580
4.333550453186035 580
4.339501619338989 580
4.345843315124512 580
4.352363348007202 580
4.358144283294678 580
4.364477634429932 580
4.371461868286133 580
4.377962350845337 580
4.384264230728149 580
4.390124797821045 580
4.396792411804199 580
4.403335809707642 580
4.40925145149231 580
4.415665149688721 580
4.423246383666992 580
4.430313348770142 580
4.436858654022217 580
4.4434123039245605 580
4.449292421340942 580
4.455791234970093 580
4.461933851242065 580
4.469287633895874 580
4.47560977935791 580
4.481381177902222 580
4.487762689590454 580
4.494116306304932 580
4.500017404556274 580
4.506338357925415 580
4.513135671615601 580
4.519906759262085 580
4.526259899139404 580
4.5330681800842285 580
4.53882360458374 580
4.545369386672974 580
4.55115818977356 580
4.557393550872803 580
4.567789793014526 580
4.575567245483398 580
4.581352233886719 580
4.58794641494751 580
4.594280242919922 580
4.600143909454346 580
4.6064581871032715 580
4.613244295120239 580
4.619081258773804 580
4.626164674758911 580
4.632951259613037 580
4.638831615447998 580
4.645251750946045 580
4.651021957397461 580
4.657283782958984 580
4.663855075836182 580
4.669705152511597 580
4.677172899246216 580
4.6837310791015625 580
4.689618825912476 580
4.6960508823394775 580
4.702855587005615 580
4.7084619998931885 580
4.71543288230896 580
4.723733186721802 580
4.72960901260376 580
4.735907077789307 580
4.742410659790039 580
4.748225212097168 580
4.755007982254028 580
4.760523557662964 580
4.767067193984985 580
4.774322032928467 580
4.780173063278198 580
4.786511421203613 580
4.793297052383423 580
4.799223184585571 580
4.805647611618042 580
4.811412334442139 580
4.81816840171814 580
4.831145286560059 580
4.83742094039917 580
4.843940019607544 580
4.849796533584595 580
4.856115102767944 580
4.862910985946655 580
4.869520425796509 580
4.8770058155059814 580
4.883593320846558 580
4.889490127563477 580
4.895805597305298 580
4.901964902877808 580
4.908098936080933 580
4.91438102722168 580
4.920286655426025 580
4.927826166152954 580
4.934174060821533 580
4.940226078033447 580
4.946824789047241 580
4.953398942947388 580
4.9593095779418945 580
4.969482421875 580
4.976918458938599 580
4.983530044555664 580
4.9894866943359375 580
4.9960432052612305 580
5.0028839111328125 580
5.008466005325317 580
5.015077590942383 580
5.020825147628784 580
5.028172492980957 580
5.03447413444519 580
5.040321350097656 580
5.046837329864502 580
5.053407669067383 580
5.059401512145996 580
5.065841436386108 580
5.072339773178101 580
5.079286336898804 580
5.085647821426392 580
5.091402530670166 580
5.098778009414673 580
5.105326414108276 580
5.111108303070068 580
5.1176838874816895 580
5.124065399169922 580
5.131043195724487 580
5.137347459793091 580
5.143899202346802 580
5.149775981903076 580
5.1560423374176025 580
5.162831544876099 580
5.16832971572876 580
5.175136089324951 580
5.1824939250946045 580
5.1882405281066895 580
5.194989204406738 580
5.200497388839722 580
5.207028388977051 580
5.213611602783203 580
5.2194905281066895 580
5.2258124351501465 580
5.233351469039917 580
5.239391088485718 580
5.245704889297485 580
5.251842021942139 580
5.265202522277832 580
5.273113489151001 580
5.278928518295288 580
5.286109209060669 580
5.292875528335571 580
5.298763275146484 580
5.3051958084106445 580
5.311009407043457 580
5.317302942276001 580
5.323845386505127 580
5.329808712005615 580
5.337190628051758 580
5.343744516372681 580
5.3496177196502686 580
5.356051921844482 580
5.365966796875 580
5.3728272914886475 580
5.37852931022644 580
5.386031150817871 580
5.392808437347412 580
5.398534059524536 580
5.405165433883667 580
5.410962343215942 580
5.417354583740234 580
5.423895359039307 580
5.429728269577026 580
5.4370481967926025 580
5.443609952926636 580
5.44948148727417 580
5.4559338092803955 580
5.462749242782593 580
5.468282461166382 580
5.475113868713379 580
5.480870723724365 580
5.488175868988037 580
5.494457721710205 580
5.500330209732056 580
5.5068488121032715 580
5.513441801071167 580
5.519343137741089 580
5.525636434555054 580
5.531405448913574 580
5.539187908172607 580
5.545482635498047 580
5.55125617980957 580
5.557725191116333 580
5.564103603363037 580
5.569957256317139 580
5.576266527175903 580
5.583065509796143 580
5.589728593826294 580
5.596128940582275 580
5.602926015853882 580
5.608754873275757 580
5.615233898162842 580
5.620985746383667 580
5.627239465713501 580
5.63376784324646 580
5.640438556671143 580
5.6470115184783936 580
5.653571367263794 580
5.659595251083374 580
5.665880441665649 580
5.672369480133057 580
5.678163766860962 580
5.6844353675842285 580
5.691866397857666 580
5.697985410690308 580
5.704269886016846 580
5.7101709842681885 580
5.716808795928955 580
5.723349571228027 580
5.729647159576416 580
5.738246917724609 580
5.744948625564575 580
5.750430583953857 580
5.7569544315338135 580
5.767108678817749 580
5.773641586303711 580
5.7797040939331055 580
5.786119699478149 580
5.79372501373291 580
5.7997071743011475 580
5.80603551864624 580
5.812819242477417 580
5.818309307098389 580
5.825002908706665 580
5.8304853439331055 580
5.837228298187256 580
5.845044851303101 580
5.850541353225708 580
5.857091188430786 580
5.863620042800903 580
5.870195388793945 580
5.876486778259277 580
5.883246183395386 580
5.889117240905762 580
5.896337032318115 580
5.90313982963562 580
5.9088873863220215 580
5.91532564163208 580
5.9210875034332275 580
5.927347421646118 580
5.933923959732056 580
5.939799547195435 580
5.9471354484558105 580
5.9537200927734375 580
5.9597015380859375 580
5.9660468101501465 580
5.97289252281189 580
5.978777170181274 580
5.985211610794067 580
5.992430686950684 580
5.998204469680786 580
6.00487208366394 580
6.010399580001831 580
6.017071723937988 580
6.023617506027222 580
6.029490232467651 580
6.035853624343872 580
6.043377637863159 580
6.049280881881714 580
6.055628776550293 580
6.06137752532959 580
6.067809820175171 580
6.0741868019104 580
6.080165863037109 580
6.08648943901062 580
6.094008684158325 580
6.1050755977630615 580
6.110862493515015 580
6.117184162139893 580
6.123734951019287 580
6.129622459411621 580
6.136008262634277 580
6.142827749252319 580
6.149533271789551 580
6.155858278274536 580
6.1623780727386475 580
6.172866344451904 580
6.1787495613098145 580
6.185310363769531 580
6.191098690032959 580
6.1988914012908936 580
6.205303192138672 580
6.211051940917969 580
6.217340469360352 580
6.223905324935913 580
6.229750871658325 580
6.2361531257629395 580
6.242955684661865 580
6.249680042266846 580
6.256131887435913 580
6.262946605682373 580
6.268529415130615 580
6.275131464004517 580
6.280907869338989 580
6.287213087081909 580
6.2937445640563965 580
6.300435781478882 580
6.307005405426025 580
6.3135786056518555 580
6.3195576667785645 580
6.325913429260254 580
6.332412004470825 580
6.33812952041626 580
6.344478130340576 580
6.351831912994385 580
6.358029365539551 580
6.364308595657349 580
6.370310068130493 580
6.376960277557373 580
6.3835344314575195 580
6.3894078731536865 580
6.3957884311676025 580
6.403268814086914 580
6.409144401550293 580
6.4154417514801025 580
6.421253204345703 580
6.427725315093994 580
6.434064865112305 580
6.440040826797485 580
6.446346044540405 580
6.453847646713257 580
6.45970344543457 580
6.466024160385132 580
6.472797155380249 580
6.479471206665039 580
6.485767126083374 580
6.491940498352051 580
6.4982075691223145 580
6.505694627761841 580
6.511454105377197 580
6.517967939376831 580
6.5243024826049805 580
6.530183792114258 580
6.536489963531494 580
6.543256998062134 580
6.549134254455566 580
6.556341886520386 580
6.563171625137329 580
6.573563814163208 580
6.579512119293213 580
6.58598256111145 580
6.592798948287964 580
6.59851598739624 580
6.605748891830444 580
6.611926078796387 580
6.618199586868286 580
6.624969959259033 580
6.630502939224243 580
6.637085437774658 580
6.643611192703247 580
6.649465560913086 580
6.6565234661102295 580
6.663315534591675 580
6.669177532196045 580
6.675588846206665 580
6.681391954421997 580
6.688004970550537 580
6.694309234619141 580
6.700176477432251 580
6.70772123336792 580
6.714066505432129 580
6.719984292984009 580
6.726309299468994 580
6.733109951019287 580
6.739068984985352 580
6.745805978775024 580
6.754326105117798 580
6.760391712188721 580
6.766952037811279 580
6.773515224456787 580
6.779390335083008 580
6.785673379898071 580
6.791431188583374 580
6.798065423965454 580
6.805507659912109 580
6.811387777328491 580
6.817790508270264 580
6.824164152145386 580
6.831947326660156 580
6.838075160980225 580
6.844346046447754 580
6.850268602371216 580
6.8579676151275635 580
6.8642730712890625 580
6.871185779571533 580
6.8775410652160645 580
6.883944988250732 580
6.88995099067688 580
6.89622688293457 580
6.903006315231323 580
6.909747838973999 580
6.916162014007568 580
6.922924995422363 580
6.928498268127441 580
6.935137987136841 580
6.94089150428772 580
6.947218894958496 580
6.953754663467407 580
6.960381984710693 580
6.969738245010376 580
6.977236032485962 580
6.983762979507446 580
6.989759206771851 580
6.99615216255188 580
7.002924919128418 580
7.009649038314819 580
7.01606011390686 580
7.022822380065918 580
7.028324842453003 580
7.035109043121338 580
7.0409181118011475 580
7.047214031219482 580
7.053746461868286 580
7.0603721141815186 580
7.066942930221558 580
7.073506832122803 580
7.079401254653931 580
7.08577036857605 580
7.091918230056763 580
7.098156690597534 580
7.104956150054932 580
7.111870050430298 580
7.117980003356934 580
7.124263763427734 580
7.130098581314087 580
7.136412620544434 580
7.143309593200684 580
7.1492719650268555 580
7.155745506286621 580
7.163355350494385 580
7.169262170791626 580
7.17561149597168 580
7.181360721588135 580
7.187787294387817 580
7.1941516399383545 580
7.199998140335083 580
7.206307411193848 580
7.213901042938232 580
7.219858646392822 580
7.226140022277832 580
7.232930421829224 580
7.23849630355835 580
7.245131254196167 580
