00
0.00757145881652832 0
0.020201444625854492 0
0.030925989151000977 1
0.036954402923583984 2
0.0437169075012207 5
0.05029296875 7
0.05627107620239258 9
0.06378579139709473 12
0.07042098045349121 16
0.07634282112121582 19
0.08267402648925781 22
0.08956623077392578 26
0.09560108184814453 30
0.10198569297790527 34
0.10783600807189941 39
0.11567902565002441 43
0.12215924263000488 48
0.12838959693908691 54
0.13453125953674316 58
0.14084267616271973 63
0.14677834510803223 68
0.15338850021362305 72
0.16002106666564941 79
0.16669464111328125 84
0.17333412170410156 89
0.17996430397033691 94
0.18604826927185059 100
0.19241714477539062 106
0.19923830032348633 111
0.20480799674987793 116
0.2115650177001953 123
0.21900033950805664 128
0.22501349449157715 134
0.23174762725830078 139
0.23757576942443848 144
0.24430322647094727 151
0.250732421875 156
0.25666117668151855 162
0.2633087635040283 169
0.2706797122955322 174
0.2766251564025879 180
0.28298497200012207 185
0.2898728847503662 190
0.29584789276123047 198
0.302351713180542 203
0.3089456558227539 209
0.3147714138031006 216
0.3223750591278076 222
0.3292703628540039 227
0.33492588996887207 232
0.34166693687438965 238
0.34751105308532715 244
0.35415053367614746 250
0.3605997562408447 256
0.3677527904510498 264
0.3742513656616211 269
0.3806896209716797 274
0.38663482666015625 280
0.3933243751525879 286
0.39992213249206543 291
0.4058797359466553 298
0.4122743606567383 304
0.41996312141418457 309
0.42601442337036133 320
0.4370119571685791 326
0.4437377452850342 333
0.4503517150878906 339
0.4563486576080322 344
0.46340489387512207 354
0.4722001552581787 357
0.47881650924682617 364
0.4847855567932129 370
0.49158549308776855 376
0.49741244316101074 381
0.503756046295166 388
0.510383129119873 394
0.5162837505340576 400
0.5235719680786133 407
0.5302019119262695 412
0.5361616611480713 418
0.5426380634307861 424
0.5494816303253174 429
0.5552871227264404 434
0.5617697238922119 440
0.5676441192626953 447
0.5753173828125 453
0.5817880630493164 458
0.5876419544219971 464
0.5940456390380859 471
0.6005442142486572 477
0.6065587997436523 482
0.6133570671081543 488
0.6200339794158936 495
0.6267099380493164 501
0.6333026885986328 506
0.6399321556091309 512
0.6458878517150879 519
0.6522507667541504 523
0.6584432125091553 530
0.6647474765777588 536
0.6721532344818115 543
0.6788530349731445 548
0.6846799850463867 554
0.6913881301879883 560
0.6969761848449707 565
0.7036919593811035 572
0.7103922367095947 576
0.7163548469543457 581
0.7239000797271729 586
0.730553150177002 588
0.7364635467529297 591
0.7429618835449219 593
0.7498347759246826 595
0.755774974822998 597
0.7621681690216064 598
0.7683358192443848 598
0.7757108211517334 598
0.7822220325469971 598
0.7884290218353271 596
0.79463791847229 595
0.8013885021209717 593
0.807448148727417 591
0.8138244152069092 588
0.8204805850982666 586
0.8276338577270508 582
0.8379027843475342 580
0.8447666168212891 579
0.8516597747802734 578
0.8575365543365479 577
0.8641524314880371 577
0.8706378936767578 577
0.8795413970947266 577
0.8853240013122559 578
0.8918590545654297 578
0.8977305889129639 579
0.9044368267059326 579
0.9108469486236572 580
0.9168012142181396 580
0.9233531951904297 580
0.9306683540344238 580
0.9365084171295166 580
0.9427938461303711 580
0.949580192565918 580
0.955315113067627 580
0.9618206024169922 580
0.9676105976104736 580
0.9740102291107178 580
0.9816668033599854 580
0.98740553855896 580
0.9936940670013428 580
1.0002293586730957 580
1.0062031745910645 580
1.0124893188476562 580
1.019258737564087 580
1.0249438285827637 580
1.0323560237884521 580
1.0388784408569336 580
1.0446147918701172 580
1.0509190559387207 580
1.0567827224731445 580
1.0633277893066406 580
1.0698497295379639 580
1.0757560729980469 580
1.082935094833374 580
1.0897102355957031 580
1.0955591201782227 580
1.101867914199829 580
1.107689380645752 580
1.114206314086914 580
1.1205432415008545 580
1.12638258934021 580
1.1337542533874512 580
1.1402864456176758 580
1.1462945938110352 580
1.1525771617889404 580
1.1593396663665771 580
1.1649210453033447 580
1.1715474128723145 580
1.1773111820220947 580
1.1844813823699951 580
1.1907603740692139 580
1.1966273784637451 580
1.203014612197876 580
1.209758996963501 580
1.2155704498291016 580
1.221863031387329 580
1.2276089191436768 580
1.2394623756408691 580
1.2453103065490723 580
1.2518458366394043 580
1.2576403617858887 580
1.2644286155700684 580
1.270738124847412 580
1.276582956314087 580
1.284003734588623 580
1.2904229164123535 580
1.2962853908538818 580
1.3025598526000977 580
1.3093595504760742 580
1.314908742904663 580
1.321617603302002 580
1.327388048171997 580
1.3346941471099854 580
1.3413784503936768 580
1.3468677997589111 580
1.3534002304077148 580
1.3599162101745605 580
1.3657655715942383 580
1.3721139430999756 580
1.3778605461120605 580
1.385660171508789 580
1.3920421600341797 580
1.3978142738342285 580
1.4042372703552246 580
1.4105868339538574 580
1.4163661003112793 580
1.4226291179656982 580
1.4293971061706543 580
1.4360146522521973 580
1.442427158355713 580
1.4492266178131104 580
1.4547150135040283 580
1.4614923000335693 580
1.4694328308105469 580
1.475658655166626 580
1.4819540977478027 580
1.4895563125610352 580
1.495309591293335 580
1.501810073852539 580
1.5075342655181885 580
1.5137944221496582 580
1.5203313827514648 580
1.526296615600586 580
1.5325772762298584 580
1.5401203632354736 580
1.5459725856781006 580
1.5523242950439453 580
1.5587959289550781 580
1.5647249221801758 580
1.5713562965393066 580
1.5768532752990723 580
1.583482027053833 580
1.590745210647583 580
1.5966157913208008 580
1.6029016971588135 580
1.6096911430358887 580
1.6155564785003662 580
1.6219675540924072 580
1.6277687549591064 580
1.6398468017578125 580
1.6458191871643066 580
1.6523633003234863 580
1.6588914394378662 580
1.6647250652313232 580
1.6713736057281494 580
1.67684006690979 580
1.6834869384765625 580
1.6908228397369385 580
1.6967031955718994 580
1.7029619216918945 580
1.7097089290618896 580
1.715538501739502 580
1.7218542098999023 580
1.7276766300201416 580
1.7340166568756104 580
1.7416918277740479 580
1.747459888458252 580
1.7536823749542236 580
1.7602300643920898 580
1.7661242485046387 580
1.7724168300628662 580
1.7789103984832764 580
1.7847566604614258 580
1.7921550273895264 580
1.7979300022125244 580
1.8045470714569092 580
1.8107848167419434 580
1.816643238067627 580
1.822906494140625 580
1.8296959400177002 580
1.8355281352996826 580
1.8426320552825928 580
1.849431037902832 580
1.854949712753296 580
1.8616652488708496 580
1.867450475692749 580
1.8746082782745361 580
1.8808984756469727 580
1.8867413997650146 580
1.8942022323608398 580
1.9005305767059326 580
1.906362533569336 580
1.9127237796783447 580
1.9194812774658203 580
1.9253838062286377 580
1.9317843914031982 580
1.9389963150024414 580
1.9457404613494873 580
1.9520289897918701 580
1.9578158855438232 580
1.9642009735107422 580
1.9705257415771484 580
1.976353406906128 580
1.9827218055725098 580
1.9894864559173584 580
1.996168613433838 580
2.0024635791778564 580
2.0104479789733887 580
2.0163207054138184 580
2.0226213932037354 580
2.029439687728882 580
2.0396175384521484 580
2.0464909076690674 580
2.0529215335845947 580
2.059702157974243 580
2.065645456314087 580
2.071916341781616 580
2.0776960849761963 580
2.084028959274292 580
2.090451955795288 580
2.0973763465881348 580
2.1037895679473877 580
2.1102981567382812 580
2.1163580417633057 580
2.12264084815979 580
2.129370927810669 580
2.134932279586792 580
2.1414966583251953 580
2.148411750793457 580
2.1545493602752686 580
2.1607980728149414 580
2.1667609214782715 580
2.173391819000244 580
2.1799309253692627 580
2.18595814704895 580
2.1922414302825928 580
2.199725866317749 580
2.2055580615997314 580
2.2118542194366455 580
2.217630386352539 580
2.224184513092041 580
2.2305240631103516 580
2.236351728439331 580
2.242598533630371 580
2.2501749992370605 580
2.2560501098632812 580
2.2623393535614014 580
2.2688558101654053 580
2.274594306945801 580
2.2808613777160645 580
2.286824941635132 580
2.293337821960449 580
2.3006436824798584 580
2.3066232204437256 580
2.3129358291625977 580
2.319746971130371 580
2.325554847717285 580
2.331847906112671 580
2.3376216888427734 580
