00
0.018547534942626953 0
0.032042503356933594 0
0.038420677185058594 1
0.04751133918762207 2
0.053566694259643555 4
0.0601353645324707 6
0.06765913963317871 8
0.07359790802001953 12
0.08074235916137695 15
0.0898127555847168 18
0.09570121765136719 23
0.10227704048156738 27
0.1097567081451416 30
0.1173865795135498 36
0.12548422813415527 43
0.13206982612609863 47
0.13852643966674805 52
0.144484281539917 58
0.15203523635864258 62
0.1596081256866455 70
0.1683192253112793 78
0.1785717010498047 83
0.18474364280700684 90
0.1938033103942871 97
0.20027852058410645 102
0.20717668533325195 108
0.2151789665222168 114
0.2215886116027832 120
0.22834563255310059 127
0.23717308044433594 132
0.24317646026611328 136
0.2496929168701172 144
0.2581496238708496 149
0.2647674083709717 154
0.2714540958404541 162
0.28032994270324707 166
0.2872447967529297 170
0.29311633110046387 174
0.30204319953918457 182
0.30855321884155273 185
0.3146207332611084 191
0.32364487648010254 196
0.33010005950927734 201
0.336714506149292 207
0.34395337104797363 211
0.35033488273620605 215
0.35732054710388184 218
0.3633887767791748 222
0.36979126930236816 226
0.37563562393188477 231
0.38232898712158203 235
0.38919520378112793 238
0.39621806144714355 243
0.4024662971496582 247
0.40929484367370605 250
0.41515421867370605 254
0.4216630458831787 258
0.42830944061279297 262
0.43428587913513184 265
0.44110107421875 269
0.4484236240386963 272
0.4544060230255127 276
0.4610869884490967 280
0.46775341033935547 283
0.473712682723999 287
0.4802577495574951 290
0.4871256351470947 297
0.4979100227355957 300
0.5039587020874023 304
0.5102975368499756 307
0.517228364944458 310
0.5231189727783203 312
0.5297017097473145 315
0.5355937480926514 319
0.5423076152801514 323
0.5499491691589355 326
0.5561561584472656 330
0.5623743534088135 334
0.5687353610992432 338
0.58011794090271 342
0.5867457389831543 345
0.5927934646606445 349
0.6005070209503174 351
0.6073687076568604 353
0.6131923198699951 354
0.6196677684783936 357
0.6261944770812988 360
0.6338512897491455 363
0.6403026580810547 366
0.6479485034942627 369
0.6539034843444824 372
0.6604070663452148 375
0.6672673225402832 378
0.6730937957763672 380
0.6796238422393799 381
0.685481071472168 384
0.6919782161712646 387
0.6996090412139893 390
0.7055201530456543 394
0.7120389938354492 396
0.718508243560791 398
0.7245795726776123 400
0.7312073707580566 404
0.7378206253051758 405
0.7437522411346436 408
0.7512896060943604 411
0.7580115795135498 413
0.7639598846435547 414
0.7703647613525391 416
0.7773027420043945 418
0.7833640575408936 421
0.7897584438323975 423
0.7956411838531494 425
0.8033280372619629 426
0.8097264766693115 428
0.8156130313873291 430
0.8220822811126709 432
0.8285274505615234 433
0.8345887660980225 434
0.8413476943969727 436
0.8480288982391357 437
0.8546006679534912 439
0.8613579273223877 440
0.8679947853088379 442
0.8739204406738281 444
0.880298376083374 446
0.8871974945068359 447
0.8930172920227051 448
0.900390625 448
0.907336950302124 449
0.913156270980835 450
0.9196345806121826 451
0.9254970550537109 453
0.9319965839385986 455
0.9384350776672363 456
0.9443747997283936 458
0.9519984722137451 458
0.9584615230560303 459
0.9645290374755859 460
0.9711506366729736 463
0.9818470478057861 466
0.988339900970459 468
0.9943859577178955 470
1.002013921737671 471
1.008573055267334 472
1.014538049697876 474
1.0212461948394775 476
1.027876377105713 477
1.0338013172149658 478
1.0401546955108643 479
1.0467264652252197 480
1.0536489486694336 481
1.0600295066833496 482
1.0676240921020508 483
1.0735726356506348 485
1.0800683498382568 486
1.0866332054138184 488
1.092571496963501 489
1.0993707180023193 491
1.1070823669433594 492
1.11273193359375 493
1.1194508075714111 494
1.1253328323364258 495
1.1316673755645752 496
1.1383030414581299 497
1.144404649734497 498
1.1510720252990723 500
1.1585276126861572 501
1.1644842624664307 503
1.1710999011993408 504
1.1778285503387451 505
1.1837525367736816 507
1.1901659965515137 508
1.1970500946044922 508
1.2030742168426514 508
1.210360050201416 509
1.2171614170074463 510
1.2232069969177246 510
1.2296786308288574 511
1.2355701923370361 511
1.2420718669891357 511
1.2484779357910156 512
1.2544124126434326 512
1.2630457878112793 512
1.2695021629333496 513
1.2753815650939941 514
1.2816951274871826 514
1.2882776260375977 515
1.2942185401916504 516
1.300598382949829 516
1.308201551437378 516
1.3141307830810547 517
1.320528507232666 518
1.327406406402588 518
1.333221435546875 518
1.339660882949829 519
1.3455207347869873 520
1.352245807647705 520
1.359762191772461 520
1.365584135055542 520
1.3720402717590332 522
1.38261079788208 523
1.3894526958465576 524
1.395259141921997 524
1.401665449142456 524
1.4095025062561035 525
1.4154250621795654 525
1.421863079071045 526
1.42832350730896 526
1.4343361854553223 527
1.4411225318908691 528
1.447760820388794 528
1.4537053108215332 528
1.4611179828643799 528
1.4676907062530518 529
1.4736387729644775 530
1.4801270961761475 531
1.4866952896118164 531
1.4924898147583008 532
1.4994945526123047 531
1.5053329467773438 531
1.512800931930542 531
1.5194692611694336 532
1.5254771709442139 533
1.5319876670837402 533
1.5384700298309326 534
1.5444047451019287 534
1.5507664680480957 534
1.557574987411499 535
1.5644586086273193 536
1.5711612701416016 537
1.5778272151947021 537
1.5837328433990479 537
1.5901565551757812 537
1.5966782569885254 538
1.6024317741394043 538
1.6093289852142334 539
1.6167926788330078 539
1.6227929592132568 540
1.6295008659362793 540
1.6353871822357178 541
1.6423707008361816 542
1.6501402854919434 542
1.6567473411560059 542
1.6637344360351562 542
1.6701345443725586 543
1.6766679286956787 544
1.6825706958770752 544
1.6893720626831055 545
1.6952054500579834 545
1.7015819549560547 545
1.7081570625305176 546
1.7151103019714355 546
1.7214868068695068 547
1.7280762195587158 548
1.7340683937072754 549
1.7405545711517334 549
1.7473747730255127 549
1.753194808959961 549
1.759634017944336 549
1.7672693729400635 550
1.7730648517608643 552
1.7833783626556396 553
1.7898550033569336 554
1.7957122325897217 554
1.8024847507476807 554
1.8092279434204102 554
1.816645622253418 554
1.822418451309204 555
1.829228401184082 556
1.8347673416137695 556
1.8413727283477783 556
1.8479866981506348 557
1.8538975715637207 558
1.8603689670562744 559
1.868051528930664 560
1.8740770816802979 559
1.880392074584961 559
1.887206792831421 558
1.8930480480194092 558
1.8995132446289062 559
1.9053313732147217 560
1.9116482734680176 560
1.9194557666778564 561
1.9252727031707764 560
1.9316296577453613 560
1.938201904296875 560
1.9441063404083252 561
1.9503982067108154 562
1.9572701454162598 563
1.9630813598632812 564
1.9702718257904053 565
1.9771196842193604 565
1.983076810836792 565
1.989534616470337 565
1.9953794479370117 566
2.001984119415283 566
2.0099925994873047 567
2.01619553565979 568
2.0235912799835205 568
2.0300543308258057 568
2.036604881286621 568
2.042504072189331 569
2.0492167472839355 570
2.0547449588775635 570
2.0614235401153564 570
2.068032741546631 571
2.0747761726379395 572
2.0814242362976074 572
2.088108539581299 573
2.0940864086151123 574
2.100560188293457 574
2.107389211654663 574
2.1132192611694336 574
2.1203930377960205 575
2.1273128986358643 575
2.1333556175231934 576
2.1397061347961426 576
2.1455912590026855 576
2.1520419120788574 576
2.158445358276367 577
2.1645126342773438 578
2.1721887588500977 578
2.1824285984039307 578
2.18940806388855 577
2.1952598094940186 577
2.201691150665283 577
2.2082321643829346 578
2.214312791824341 578
2.2218217849731445 578
2.228409767150879 579
2.2343313694000244 579
2.2407448291778564 579
2.2475833892822266 579
2.253540515899658 579
2.2600643634796143 579
2.26759672164917 579
2.2742834091186523 579
2.2807562351226807 579
2.2875795364379883 579
2.2935869693756104 579
2.2999422550201416 579
2.30572772026062 580
2.3122854232788086 580
2.318575620651245 579
2.3255574703216553 579
2.332075357437134 579
2.3384623527526855 579
2.3444697856903076 580
2.3510425090789795 580
2.357707977294922 580
2.3635971546173096 580
2.3699393272399902 580
2.377488613128662 580
2.3833930492401123 580
2.3898138999938965 579
2.395608901977539 580
2.4022741317749023 580
2.4086086750030518 580
2.4145569801330566 580
2.4283087253570557 580
2.434241771697998 580
2.440549850463867 580
2.447305202484131 580
2.4530601501464844 580
2.459667444229126 580
2.4654715061187744 580
2.471794843673706 580
2.4792962074279785 580
2.484809398651123 580
2.4916298389434814 580
2.4981884956359863 580
2.5041542053222656 580
2.510460376739502 580
2.517259359359741 580
2.5232136249542236 580
2.5303239822387695 580
2.537165880203247 580
2.542752265930176 580
2.5493597984313965 580
2.555107831954956 580
2.561434030532837 580
2.567992687225342 580
2.5738837718963623 580
2.5856573581695557 580
2.592315435409546 580
2.5985984802246094 580
2.6045961380004883 580
2.611234426498413 580
2.617810010910034 580
2.6237146854400635 580
2.630758762359619 580
2.6378836631774902 580
2.645184278488159 580
2.651625871658325 580
2.6581902503967285 580
2.664098024368286 580
2.670358657836914 580
2.677123546600342 580
2.683727979660034 580
2.690100908279419 580
2.696603536605835 580
2.7024996280670166 580
2.7091610431671143 580
2.7146928310394287 580
2.7212414741516113 580
2.727800130844116 580
2.734497308731079 580
2.7407710552215576 580
2.7475948333740234 580
2.753446578979492 580
2.7599024772644043 580
2.765679121017456 580
2.7722485065460205 580
2.7785227298736572 580
2.7856171131134033 580
2.7920079231262207 580
2.7983529567718506 580
2.8041951656341553 580
2.8105225563049316 580
2.81734037399292 580
2.823314905166626 580
2.829643487930298 580
2.8372299671173096 580
2.8427958488464355 580
2.849457263946533 580
2.855196475982666 580
2.8614959716796875 580
2.868016242980957 580
2.8738772869110107 580
2.8802742958068848 580
2.8878769874572754 580
2.8937461376190186 580
2.900127410888672 580
2.906646490097046 580
2.9125096797943115 580
2.919194221496582 580
2.9246857166290283 580
2.93123459815979 580
2.9385721683502197 580
2.9445552825927734 580
2.951146125793457 580
2.957676410675049 580
2.9635345935821533 580
2.969874620437622 580
2.9756267070770264 580
2.9874746799468994 580
2.9934308528900146 580
2.9999475479125977 580
3.0061113834381104 580
3.0123605728149414 580
3.0186593532562256 580
3.0245134830474854 580
3.0308117866516113 580
3.038400650024414 580
3.0444107055664062 580
3.050705909729004 580
3.0574851036071777 580
3.0634632110595703 580
3.0697500705718994 580
3.0755558013916016 580
3.0820014476776123 580
3.089463472366333 580
3.095210313796997 580
3.1014609336853027 580
3.1079890727996826 580
3.1138858795166016 580
3.120286703109741 580
3.127047300338745 580
3.1325600147247314 580
3.140023946762085 580
3.146172285079956 580
3.1522843837738037 580
3.158564567565918 580
3.1644351482391357 580
3.171074867248535 580
3.177631378173828 580
3.1836655139923096 580
3.1907684803009033 580
3.1975350379943848 580
3.2033591270446777 580
3.2096569538116455 580
3.21549129486084 580
3.221858501434326 580
3.2283012866973877 580
3.2341299057006836 580
3.2415966987609863 580
3.2481958866119385 580
3.254065990447998 580
3.265244960784912 580
3.27168345451355 580
3.2839550971984863 580
3.2953896522521973 580
3.3020074367523193 580
3.3083603382110596 580
3.3143150806427 580
3.3216474056243896 580
3.329397439956665 580
3.337980270385742 580
3.344757080078125 580
3.351512908935547 580
3.358243227005005 580
3.367194414138794 580
3.3727574348449707 580
3.382253885269165 580
3.392080068588257 580
3.4007346630096436 580
3.4075398445129395 580
3.4135215282440186 580
3.4199280738830566 580
3.4301328659057617 580
3.436626434326172 580
3.445269823074341 580
3.453320026397705 580
3.459949016571045 580
3.468224048614502 580
3.4740891456604004 580
3.4805045127868652 580
3.4914276599884033 580
3.499277353286743 580
3.5047426223754883 580
3.5123062133789062 580
3.520771026611328 580
3.5275864601135254 580
3.5336780548095703 580
3.541091203689575 580
3.5495970249176025 580
3.558375358581543 580
3.5675463676452637 580
3.5733916759490967 580
3.580512762069702 580
3.587514638900757 580
3.5966269969940186 580
3.602532386779785 580
3.6093101501464844 580
3.620471477508545 580
3.62799072265625 580
3.6339800357818604 580
3.641411066055298 580
3.649940252304077 580
3.6574811935424805 580
3.6722593307495117 580
3.6799426078796387 580
3.6896188259124756 580
3.697521924972534 580
3.7071378231048584 580
3.7130613327026367 580
3.7204182147979736 580
3.730637550354004 580
3.7384257316589355 580
3.7482705116271973 580
3.7585701942443848 580
3.767639636993408 580
3.7754907608032227 580
3.7883572578430176 580
3.794306755065918 580
3.8055849075317383 580
3.812067747116089 580
3.818655252456665 580
3.827354669570923 580
3.8331258296966553 580
3.8396570682525635 580
3.845505952835083 580
3.8531293869018555 580
3.8595328330993652 580
3.865276575088501 580
3.8715429306030273 580
3.8780667781829834 580
3.883910894393921 580
3.8902382850646973 580
3.8967485427856445 580
3.9038145542144775 580
3.910128116607666 580
3.9166176319122314 580
3.922410011291504 580
3.928687810897827 580
3.9345715045928955 580
3.941082239151001 580
3.94759464263916 580
3.9542789459228516 580
3.9606826305389404 580
3.967470407485962 580
3.9732091426849365 580
3.9796295166015625 580
3.9854342937469482 580
3.991672992706299 580
3.998196601867676 580
4.005099534988403 580
4.011393785476685 580
4.017940282821655 580
4.023898601531982 580
4.0301737785339355 580
4.0367090702056885 580
4.042437791824341 580
4.048736095428467 580
4.05618691444397 580
4.062281131744385 580
4.068552017211914 580
4.080117225646973 580
4.086662292480469 580
4.092515230178833 580
4.099236965179443 580
4.106630086898804 580
4.112401962280273 580
4.118736982345581 580
4.1245973110198975 580
4.131136417388916 580
4.137668609619141 580
4.143660306930542 580
4.14995551109314 580
4.157519102096558 580
4.163334131240845 580
4.1696226596832275 580
4.1754021644592285 580
4.184264898300171 580
4.1922287940979 580
4.198530673980713 580
4.2056496143341064 580
4.212352752685547 580
4.218607187271118 580
4.224475383758545 580
4.2307422161102295 580
4.237522125244141 580
4.243328332901001 580
4.249660491943359 580
4.257262706756592 580
4.263966798782349 580
4.270291090011597 580
4.277077674865723 580
4.282615423202515 580
4.289310455322266 580
4.295089483261108 580
4.3013482093811035 580
4.308635711669922 580
4.314482688903809 580
4.321139574050903 580
4.327673435211182 580
4.333549499511719 580
4.339988470077515 580
4.346097230911255 580
4.352243900299072 580
4.359566688537598 580
4.3653178215026855 580
4.371595859527588 580
4.378134727478027 580
4.384140491485596 580
4.390411615371704 580
4.397158145904541 580
4.402723073959351 580
4.41007661819458 580
4.4166271686553955 580
4.422400712966919 580
4.4302659034729 580
4.437043905258179 580
4.442755460739136 580
4.449361085891724 580
4.454809665679932 580
4.462263345718384 580
4.468554973602295 580
4.474503517150879 580
4.480792999267578 580
4.487603187561035 580
4.493520498275757 580
4.500046730041504 580
4.506201982498169 580
4.513531446456909 580
4.519864797592163 580
4.525633335113525 580
4.532006025314331 580
4.538365840911865 580
4.544252872467041 580
4.550599575042725 580
4.557388544082642 580
4.5640950202941895 580
4.570353746414185 580
4.577141284942627 580
4.585514068603516 580
4.593156099319458 580
4.599793195724487 580
4.605590581893921 580
4.613178014755249 580
4.61971378326416 580
4.625520467758179 580
4.631980895996094 580
4.638332843780518 580
4.64418363571167 580
4.650529623031616 580
4.657579183578491 580
4.665625333786011 580
4.672014474868774 580
4.6784141063690186 580
4.684421539306641 580
4.690697193145752 580
4.697479724884033 580
4.703315734863281 580
4.709666967391968 580
4.717210292816162 580
4.722797632217407 580
4.729504585266113 580
4.735257863998413 580
4.741638422012329 580
4.748197317123413 580
4.754060745239258 580
4.760324001312256 580
4.767998933792114 580
4.773905038833618 580
4.780188083648682 580
4.786697149276733 580
4.7924346923828125 580
4.798723459243774 580
4.804733991622925 580
4.811283349990845 580
4.818582057952881 580
4.824471950531006 580
4.830764293670654 580
4.837607383728027 580
4.843542814254761 580
4.849855661392212 580
4.855584144592285 580
4.862218141555786 580
4.869661092758179 580
4.875481128692627 580
4.881850481033325 580
4.888301849365234 580
4.894166946411133 580
4.90042519569397 580
4.907216310501099 580
