0 0 0
7.891654968261719e-05 -14706 0
0.007436990737915039 -14706 0
0.014066457748413086 -14706 0
0.022960901260375977 -14705 3
0.03143763542175293 -14705 20
0.03713870048522949 -14704 68
0.04343843460083008 -14704 68
0.04998207092285156 -14703 75
0.05544400215148926 -14702 91
0.06240415573120117 -14702 97
0.0679330825805664 -14701 88
0.0742807388305664 -14700 107
0.08152508735656738 -14700 116
0.08718490600585938 -14699 122
0.09343934059143066 -14698 125
0.10000109672546387 -14697 132
0.10546278953552246 -14696 135
0.11217188835144043 -14695 139
0.11746883392333984 -14694 144
0.12414145469665527 -14693 148
0.13199853897094727 -14692 150
0.13736295700073242 -14691 153
0.14357948303222656 -14690 154
0.15015125274658203 -14690 155
0.15557527542114258 -14688 157
0.16234946250915527 -14688 158
0.16785430908203125 -14686 158
0.1741182804107666 -14685 159
0.18156099319458008 -14684 161
0.19196438789367676 -14683 162
0.19733214378356934 -14682 162
0.20401287078857422 -14681 161
0.21071624755859375 -14680 162
0.21640825271606445 -14678 163
0.22274565696716309 -14678 164
0.23012495040893555 -14676 163
0.2355489730834961 -14675 164
0.24248576164245605 -14674 163
0.24802660942077637 -14673 163
0.2542712688446045 -14672 164
0.2609748840332031 -14671 164
0.2665719985961914 -14670 165
0.2728860378265381 -14669 166
0.28017640113830566 -14668 166
0.28560614585876465 -14667 166
0.292339563369751 -14666 164
0.29793810844421387 -14665 165
0.30434489250183105 -14664 164
0.31089186668395996 -14663 165
0.3165159225463867 -14662 166
0.3228144645690918 -14661 167
0.3283994197845459 -14660 165
0.33548688888549805 -14658 165
0.34224581718444824 -14658 165
0.3475315570831299 -14656 165
0.35404205322265625 -14656 166
0.36070990562438965 -14654 167
0.3664071559906006 -14654 166
0.37279248237609863 -14652 166
0.37833189964294434 -14652 166
0.38554835319519043 -14650 166
0.39246463775634766 -14650 167
0.39803624153137207 -14648 167
0.4042952060699463 -14647 168
0.41083574295043945 -14646 167
0.41646623611450195 -14645 167
0.422961950302124 -14644 168
0.4284970760345459 -14643 167
0.43602967262268066 -14642 167
0.4425327777862549 -14641 168
0.448091983795166 -14640 168
0.45432066917419434 -14639 168
0.4608895778656006 -14638 168
0.46651744842529297 -14637 165
0.47287750244140625 -14636 165
0.4784104824066162 -14634 165
0.486011266708374 -14634 165
0.49247217178344727 -14632 166
0.49803996086120605 -14632 166
0.5050375461578369 -14630 166
0.5115025043487549 -14630 165
0.5172092914581299 -14628 164
0.5238730907440186 -14628 164
0.5302462577819824 -14626 165
0.5370066165924072 -14625 166
0.5434134006500244 -14624 166
0.549971342086792 -14623 166
0.5554013252258301 -14622 166
0.5621457099914551 -14621 167
0.5674586296081543 -14620 166
0.5739285945892334 -14619 167
0.580268383026123 -14618 168
0.5916125774383545 -14616 168
0.5973708629608154 -14615 167
0.6041221618652344 -14614 167
0.6108789443969727 -14613 166
0.6165158748626709 -14612 167
0.6228241920471191 -14611 167
0.6283736228942871 -14610 168
0.63553786277771 -14608 168
0.6423442363739014 -14608 167
0.6478774547576904 -14606 167
0.6542999744415283 -14606 165
0.6610162258148193 -14604 166
0.6666312217712402 -14604 167
0.6729855537414551 -14602 167
0.6785461902618408 -14602 167
0.6859872341156006 -14600 167
0.6925239562988281 -14599 167
0.698075532913208 -14598 166
0.7043187618255615 -14597 166
0.7108674049377441 -14596 166
0.7164866924285889 -14595 167
0.7229390144348145 -14594 167
0.7285103797912598 -14593 167
0.7347419261932373 -14592 166
0.7424726486206055 -14591 165
0.7480218410491943 -14590 165
0.7544360160827637 -14589 165
0.7609996795654297 -14588 166
0.7665698528289795 -14587 165
0.7728815078735352 -14586 166
0.7784159183502197 -14585 165
0.7848484516143799 -14584 165
0.793015718460083 -14582 165
0.798532247543335 -14582 166
0.8047800064086914 -14580 166
0.8113343715667725 -14580 166
0.8170418739318848 -14578 167
0.8232767581939697 -14578 166
0.829573392868042 -14576 167
0.8352243900299072 -14575 166
0.843001127243042 -14574 167
0.8485105037689209 -14573 168
0.8547308444976807 -14572 170
0.8612916469573975 -14571 170
0.8669664859771729 -14570 168
0.8732752799987793 -14569 169
0.8795747756958008 -14568 166
0.8852393627166748 -14567 166
0.8926990032196045 -14566 167
0.8982548713684082 -14565 166
0.9046633243560791 -14564 168
0.9113814830780029 -14563 167
0.9170417785644531 -14562 166
0.9232897758483887 -14561 166
0.9298601150512695 -14560 165
0.9352953433990479 -14558 165
0.9427096843719482 -14558 165
0.9482665061950684 -14556 166
0.9545004367828369 -14556 166
0.9612216949462891 -14554 166
0.9668614864349365 -14554 165
0.9731118679046631 -14552 165
0.9790236949920654 -14552 165
0.9848413467407227 -14550 166
0.9959874153137207 -14548 167
1.002640724182129 -14548 167
1.008199691772461 -14546 166
1.0145907402038574 -14546 166
1.021446704864502 -14544 165
1.0271408557891846 -14544 166
1.0333995819091797 -14542 166
1.0399243831634521 -14541 166
1.0467898845672607 -14540 166
1.0530004501342773 -14539 166
1.0585262775421143 -14538 166
1.064741849899292 -14537 165
1.0712776184082031 -14536 166
1.0769894123077393 -14535 166
1.0833914279937744 -14534 167
1.0899055004119873 -14533 166
1.0964603424072266 -14532 166
1.1028082370758057 -14531 167
1.108320713043213 -14530 166
1.1145312786102295 -14529 168
1.1211566925048828 -14528 167
1.1268553733825684 -14527 168
1.1330974102020264 -14526 168
1.1389811038970947 -14524 167
1.146390676498413 -14524 166
1.1527366638183594 -14522 168
1.1582696437835693 -14522 167
1.1645328998565674 -14520 167
1.1712863445281982 -14520 168
1.1769721508026123 -14518 166
1.1832334995269775 -14518 166
1.1895699501037598 -14516 165
1.1963939666748047 -14515 166
1.2029023170471191 -14514 165
1.2084240913391113 -14513 165
1.2146294116973877 -14512 166
1.2212016582489014 -14511 164
1.226860761642456 -14510 165
1.2330889701843262 -14509 164
1.2386064529418945 -14508 164
1.2460355758666992 -14507 164
1.252514123916626 -14506 164
1.2580718994140625 -14505 165
1.2644808292388916 -14504 167
1.2709791660308838 -14503 166
1.2766046524047852 -14502 166
1.2828857898712158 -14501 166
1.2884137630462646 -14500 165
1.2955994606018066 -14498 167
1.3025789260864258 -14498 167
1.308135747909546 -14496 167
1.314384937286377 -14496 167
1.3210391998291016 -14494 166
1.326634168624878 -14494 166
1.3329708576202393 -14492 166
1.338494062423706 -14492 166
1.3447024822235107 -14490 168
1.352412462234497 -14490 167
1.3579583168029785 -14488 166
1.364295482635498 -14487 166
1.370828628540039 -14486 165
1.3764283657073975 -14485 164
1.3829069137573242 -14484 166
1.3929390907287598 -14482 168
1.4006288051605225 -14481 168
1.4061567783355713 -14480 166
1.4127192497253418 -14479 165
1.4182660579681396 -14478 165
1.4246413707733154 -14477 165
1.431365728378296 -14476 166
1.4370229244232178 -14475 166
1.4434113502502441 -14474 167
1.4509437084197998 -14473 166
1.456533432006836 -14472 166
1.4628267288208008 -14471 164
1.4683747291564941 -14470 164
1.4746489524841309 -14469 164
1.4812219142913818 -14468 164
1.4869346618652344 -14467 166
1.4931774139404297 -14466 166
1.5007576942443848 -14464 165
1.5062987804412842 -14464 165
1.5126676559448242 -14462 163
1.5182504653930664 -14462 165
1.524540901184082 -14460 166
1.5311932563781738 -14460 166
1.536851167678833 -14458 167
1.5430712699890137 -14458 166
1.5505118370056152 -14456 166
1.5559885501861572 -14455 166
1.562692403793335 -14454 167
1.5682549476623535 -14453 167
1.5744867324829102 -14452 168
1.5809760093688965 -14451 168
1.5865609645843506 -14450 166
1.5928699970245361 -14449 168
1.5984175205230713 -14448 166
1.6055960655212402 -14447 166
1.612314224243164 -14446 168
1.6175789833068848 -14445 167
1.624260663986206 -14444 167
1.6308104991912842 -14443 168
1.6363184452056885 -14442 166
1.6427483558654785 -14441 166
1.648310899734497 -14440 165
1.655592679977417 -14438 165
1.662302017211914 -14438 165
1.6676018238067627 -14436 166
1.6740660667419434 -14436 166
1.6807377338409424 -14434 165
1.6862926483154297 -14434 164
1.6928372383117676 -14432 164
1.6983652114868164 -14432 166
1.7058913707733154 -14430 166
1.7123937606811523 -14430 166
1.7178959846496582 -14428 166
1.7241320610046387 -14428 165
1.7359023094177246 -14425 165
1.7425928115844727 -14424 165
1.7481424808502197 -14423 167
1.7554082870483398 -14422 167
1.7621376514434814 -14421 166
1.7675063610076904 -14420 166
1.7739777565002441 -14419 165
1.780289888381958 -14418 165
1.785935640335083 -14416 166
1.79726243019104 -14415 167
1.8048176765441895 -14414 167
1.8115577697753906 -14413 166
1.8172650337219238 -14412 166
1.8240272998809814 -14411 165
1.8305516242980957 -14410 165
1.8359925746917725 -14408 167
1.8424644470214844 -14408 167
1.8480863571166992 -14406 167
1.8552489280700684 -14406 168
1.8621447086334229 -14404 167
1.8674819469451904 -14403 167
1.877579927444458 -14402 166
1.8840889930725098 -14401 167
1.8905956745147705 -14400 168
1.8960297107696533 -14398 167
1.902536392211914 -14398 165
1.909874439239502 -14396 166
1.9153292179107666 -14396 165
1.9221765995025635 -14394 165
1.9274890422821045 -14393 166
1.9339964389801025 -14392 165
1.9405238628387451 -14391 164
1.9459881782531738 -14390 165
1.9526801109313965 -14389 164
1.960050344467163 -14388 163
1.965494155883789 -14387 164
1.972318172454834 -14386 165
1.9776124954223633 -14385 165
1.9842700958251953 -14384 166
1.990846872329712 -14383 166
1.9964570999145508 -14382 165
2.0027830600738525 -14381 165
2.010145425796509 -14380 166
2.0155727863311768 -14379 167
2.022310495376587 -14378 167
2.027597665786743 -14377 168
2.034072160720825 -14376 167
2.040802240371704 -14375 166
2.0472781658172607 -14374 166
2.053500175476074 -14373 167
2.061079263687134 -14371 167
2.066657066345215 -14370 167
2.0730457305908203 -14369 167
2.0785722732543945 -14368 167
2.0850789546966553 -14367 166
2.091526508331299 -14366 166
2.097201347351074 -14365 165
2.1038873195648193 -14364 165
2.111218214035034 -14363 168
2.116976261138916 -14362 167
2.123206853866577 -14361 168
2.129520893096924 -14360 167
2.1352498531341553 -14359 165
2.1415834426879883 -14358 166
2.147246837615967 -14357 166
2.1534812450408936 -14356 165
2.1610913276672363 -14354 167
2.16678524017334 -14354 166
2.172995090484619 -14353 166
2.1785390377044678 -14352 165
2.1847736835479736 -14351 165
2.1947271823883057 -14349 165
2.20149564743042 -14348 165
2.2071855068206787 -14347 166
2.214726686477661 -14346 166
2.2215137481689453 -14345 166
2.2272098064422607 -14344 164
2.233466863632202 -14343 164
2.2400498390197754 -14342 164
2.245486259460449 -14340 165
2.252178192138672 -14340 165
2.25748348236084 -14338 167
2.2647616863250732 -14338 166
2.271362543106079 -14336 166
2.2770118713378906 -14336 166
2.2834091186523438 -14334 166
2.289973258972168 -14333 167
2.2954201698303223 -14332 167
2.3022282123565674 -14331 169
2.307548999786377 -14330 167
2.3147523403167725 -14329 167
2.3213043212890625 -14328 167
2.3269882202148438 -14327 168
2.3332698345184326 -14326 167
2.339590311050415 -14325 167
2.3454511165618896 -14324 167
2.3521711826324463 -14323 166
2.3575146198272705 -14322 167
2.364840269088745 -14321 165
2.3713927268981934 -14320 165
2.3770697116851807 -14319 165
2.383366107940674 -14318 165
2.389913320541382 -14317 166
2.3953380584716797 -14316 166
2.4022414684295654 -14315 165
2.407508611679077 -14314 165
2.414874792098999 -14312 164
2.421471357345581 -14312 165
2.427155017852783 -14310 166
2.4334776401519775 -14310 167
2.4400787353515625 -14308 165
2.4455480575561523 -14307 165
2.452286958694458 -14306 165
2.457576036453247 -14305 165
2.4650990962982178 -14304 166
2.472052812576294 -14303 166
2.4774234294891357 -14302 166
2.4838850498199463 -14301 167
2.490264654159546 -14300 166
2.4959192276000977 -14299 165
2.502410411834717 -14298 166
2.507939100265503 -14297 164
2.5141983032226562 -14296 166
2.522012233734131 -14295 167
2.5274124145507812 -14294 166
2.5339155197143555 -14293 166
2.540266990661621 -14292 166
2.545952796936035 -14290 166
2.552459478378296 -14290 165
2.5580031871795654 -14288 167
2.5643017292022705 -14288 166
2.5716187953948975 -14286 168
2.577317476272583 -14285 168
2.583942174911499 -14284 168
2.5904955863952637 -14283 166
2.60084867477417 -14282 167
2.606440544128418 -14280 168
2.6129415035247803 -14279 167
2.620661497116089 -14278 166
2.6262404918670654 -14277 166
2.6326160430908203 -14276 165
2.638172149658203 -14275 164
2.6446001529693604 -14274 165
2.6511666774749756 -14273 165
2.6568591594696045 -14272 164
2.6630818843841553 -14271 164
2.670729398727417 -14270 164
2.6762771606445312 -14269 164
2.682675361633301 -14268 164
2.6882801055908203 -14267 165
2.6945552825927734 -14266 165
2.7012574672698975 -14265 167
2.706970691680908 -14264 167
2.7132065296173096 -14263 166
2.7207584381103516 -14262 166
2.7262895107269287 -14260 165
2.7328827381134033 -14260 165
2.7384440898895264 -14258 166
2.7446703910827637 -14258 168
2.751227855682373 -14256 166
2.756951093673706 -14256 167
2.763374090194702 -14254 167
2.770829439163208 -14253 165
2.7764410972595215 -14252 167
2.78277587890625 -14251 168
2.790017604827881 -14250 167
2.795438766479492 -14249 166
2.8021256923675537 -14248 167
2.807424783706665 -14247 165
2.813878059387207 -14246 166
2.821329355239868 -14245 166
2.8270153999328613 -14244 166
2.833258867263794 -14243 167
2.839524745941162 -14242 167
2.8452517986297607 -14241 167
2.851595401763916 -14240 167
2.8572654724121094 -14239 166
2.863915205001831 -14238 167
2.8702585697174072 -14236 166
2.876997232437134 -14236 166
2.8834421634674072 -14234 166
2.8899710178375244 -14234 167
2.8953888416290283 -14232 165
2.902045965194702 -14232 165
2.907423257827759 -14230 164
2.913926601409912 -14230 164
2.9202651977539062 -14228 165
2.926884174346924 -14227 166
2.933151960372925 -14226 165
2.939091920852661 -14225 165
2.9452710151672363 -14224 165
2.9516096115112305 -14223 164
2.9572746753692627 -14222 165
2.963545322418213 -14221 165
2.9701669216156006 -14220 166
2.9768574237823486 -14219 166
2.983078718185425 -14218 165
2.9890294075012207 -14216 165
2.999890089035034 -14215 166
