0 0 0
9.012222290039062e-05 -14913 0
0.009454965591430664 -14913 0
0.015485048294067383 -14913 0
0.021835803985595703 -14913 0
0.029938459396362305 -14913 0
0.03557729721069336 -14913 0
0.04567384719848633 -14913 0
0.052042245864868164 -14913 0
0.05856800079345703 -14913 0
0.0641169548034668 -14913 0
0.07103991508483887 -14913 0
0.07813334465026855 -14913 0
0.08363485336303711 -14913 0
0.08998894691467285 -14913 0
0.09561562538146973 -14913 0
0.1018075942993164 -14913 0
0.10772919654846191 -14913 0
0.11350226402282715 -14913 0
0.12016105651855469 -14913 0
0.12679219245910645 -14913 0
0.13317418098449707 -14913 0
0.13979220390319824 -14913 0
0.1454300880432129 -14913 0
0.15159821510314941 -14913 0
0.1570901870727539 -14913 0
0.1632828712463379 -14913 0
0.1697854995727539 -14913 0
0.1754302978515625 -14913 0
0.18252182006835938 -14913 0
0.1888272762298584 -14913 0
0.19459915161132812 -14913 0
0.20102548599243164 -14913 0
0.20624446868896484 -14913 0
0.21272039413452148 -14913 0
0.21918559074401855 -14913 0
0.22463774681091309 -14913 0
0.23182177543640137 -14913 0
0.23772096633911133 -14913 0
0.24350810050964355 -14913 0
0.2501673698425293 -14913 0
0.2557992935180664 -14913 0
0.2620103359222412 -14913 0
0.2684645652770996 -14913 0
0.2738306522369385 -14913 0
0.2812988758087158 -14913 0
0.28682708740234375 -14913 0
0.29303979873657227 -14913 0
0.2995631694793701 -14913 0
0.30509519577026367 -14913 0
0.3115575313568115 -14913 0
0.31702113151550293 -14913 0
0.32318735122680664 -14913 0
0.3309195041656494 -14913 0
0.3361790180206299 -14913 0
0.34259843826293945 -14913 0
0.3488922119140625 -14913 0
0.3544943332672119 -14913 0
0.3609464168548584 -14913 0
0.36647987365722656 -14913 0
0.37287378311157227 -14913 0
0.3795793056488037 -14913 0
0.38603973388671875 -14913 0
0.3922092914581299 -14913 0
0.39874768257141113 -14913 0
0.4041249752044678 -14913 0
0.4107823371887207 -14913 0
0.4160428047180176 -14913 0
0.4222123622894287 -14913 0
0.42875194549560547 -14913 0
0.43560171127319336 -14913 0
0.44576096534729004 -14913 0
0.45213890075683594 -14913 0
0.45868420600891113 -14913 0
0.46420955657958984 -14913 0
0.4710390567779541 -14913 0
0.4764854907989502 -14913 0
0.4836745262145996 -14913 0
0.49024295806884766 -14913 0
0.49585390090942383 -14913 0
0.502065896987915 -14913 0
0.5085484981536865 -14913 0
0.5140993595123291 -14913 0
0.5207953453063965 -14913 0
0.5260517597198486 -14913 0
0.5331416130065918 -14913 0
0.5397539138793945 -14913 0
0.5453033447265625 -14913 0
0.5517289638519287 -14913 0
0.557227611541748 -14913 0
0.5634019374847412 -14913 0
0.5699224472045898 -14913 0
0.5755677223205566 -14913 0
0.5817298889160156 -14913 0
0.5892713069915771 -14913 0
0.5946836471557617 -14913 0
0.6011152267456055 -14913 0
0.6066131591796875 -14913 0
0.612962007522583 -14913 0
0.6194660663604736 -14913 0
0.6249277591705322 -14913 0
0.6312723159790039 -14913 0
0.6384491920471191 -14913 0
0.6440229415893555 -14913 0
0.6506528854370117 -14913 0
0.6559693813323975 -14913 0
0.6621325016021729 -14913 0
0.6686708927154541 -14913 0
0.6741962432861328 -14913 0
0.6816041469573975 -14913 0
0.6887927055358887 -14913 0
0.6941628456115723 -14913 0
0.7008299827575684 -14913 0
0.7060878276824951 -14913 0
0.7125144004821777 -14913 0
0.7188191413879395 -14913 0
0.7241857051849365 -14913 0
0.73103928565979 -14913 0
0.7377398014068604 -14913 0
0.7434840202331543 -14913 0
0.7500262260437012 -14913 0
0.7556328773498535 -14913 0
0.7618041038513184 -14913 0
0.7676825523376465 -14913 0
0.7738277912139893 -14913 0
0.7801141738891602 -14913 0
0.7857382297515869 -14913 0
0.7931759357452393 -14913 0
0.799811601638794 -14913 0
0.8054518699645996 -14913 0
0.811650276184082 -14913 0
0.8171024322509766 -14913 0
0.8232715129852295 -14913 0
0.8298225402832031 -14913 0
0.8354589939117432 -14913 0
0.8464996814727783 -14913 0
0.8529906272888184 -14913 0
0.8596346378326416 -14913 0
0.8651597499847412 -14913 0
0.8715898990631104 -14913 0
0.8770887851715088 -14913 0
0.883277177810669 -14913 0
0.8907921314239502 -14913 0
0.896066427230835 -14913 0
0.9026229381561279 -14913 0
0.9089155197143555 -14913 0
0.9146554470062256 -14913 0
0.9210808277130127 -14913 0
0.9265820980072021 -14913 0
0.9328296184539795 -14913 0
0.940086841583252 -14913 0
0.9457399845123291 -14913 0
0.9519760608673096 -14913 0
0.9584484100341797 -14913 0
0.9637362957000732 -14913 0
0.9705989360809326 -14913 0
0.9759321212768555 -14913 0
0.9820919036865234 -14913 0
0.9885950088500977 -14913 0
0.9952094554901123 -14913 0
1.0014846324920654 -14913 0
1.0069961547851562 -14913 0
1.0131504535675049 -14913 0
1.0196211338043213 -14913 0
1.0251586437225342 -14913 0
1.0316126346588135 -14913 0
1.0370714664459229 -14913 0
1.0441701412200928 -14913 0
1.050849199295044 -14913 0
1.0561378002166748 -14913 0
1.0625336170196533 -14913 0
1.0687785148620605 -14913 0
1.0741426944732666 -14913 0
1.080794095993042 -14913 0
1.086090087890625 -14913 0
1.0935101509094238 -14913 0
1.0999913215637207 -14913 0
1.1056218147277832 -14913 0
1.111886978149414 -14913 0
1.1181001663208008 -14913 0
1.1234939098358154 -14913 0
1.1299960613250732 -14913 0
1.1356027126312256 -14913 0
1.1428487300872803 -14913 0
1.149552583694458 -14913 0
1.1551258563995361 -14913 0
1.1615378856658936 -14913 0
1.1670234203338623 -14913 0
1.1731905937194824 -14913 0
1.1796507835388184 -14913 0
1.1851418018341064 -14913 0
1.1914024353027344 -14913 0
1.1987709999084473 -14913 0
1.2041375637054443 -14913 0
1.2109546661376953 -14913 0
1.2161877155303955 -14913 0
1.2225887775421143 -14913 0
1.2288899421691895 -14913 0
1.2344799041748047 -14913 0
1.2409274578094482 -14913 0
1.2519023418426514 -14913 0
1.2581079006195068 -14913 0
1.2638864517211914 -14913 0
1.2707574367523193 -14913 0
1.276024341583252 -14913 0
1.2821857929229736 -14913 0
1.2887251377105713 -14913 0
1.2954905033111572 -14913 0
1.301727294921875 -14913 0
1.3072199821472168 -14913 0
1.3134067058563232 -14913 0
1.31988525390625 -14913 0
1.32552170753479 -14913 0
1.3318595886230469 -14913 0
1.33772611618042 -14913 0
1.3435125350952148 -14913 0
1.3510892391204834 -14913 0
1.356586217880249 -14913 0
1.3627550601959229 -14913 0
1.3692007064819336 -14913 0
1.3745782375335693 -14913 0
1.3809821605682373 -14913 0
1.3862206935882568 -14913 0
1.3928003311157227 -14913 0
1.4011170864105225 -14913 0
1.4066672325134277 -14913 0
1.4128637313842773 -14913 0
1.419524908065796 -14913 0
1.4250986576080322 -14913 0
1.431384563446045 -14913 0
1.4368705749511719 -14913 0
1.4430887699127197 -14913 0
1.4508230686187744 -14913 0
1.456092119216919 -14913 0
1.4625279903411865 -14913 0
1.4687995910644531 -14913 0
1.4741547107696533 -14913 0
1.480875015258789 -14913 0
1.4861030578613281 -14913 0
1.4926128387451172 -14913 0
1.4998602867126465 -14913 0
1.505518913269043 -14913 0
1.5118870735168457 -14913 0
1.5177247524261475 -14913 0
1.523482322692871 -14913 0
1.530012607574463 -14913 0
1.5356132984161377 -14913 0
1.5417969226837158 -14913 0
1.547652006149292 -14913 0
1.5549228191375732 -14913 0
1.5612432956695557 -14913 0
1.5667214393615723 -14913 0
1.573146104812622 -14913 0
1.579641342163086 -14913 0
1.5851547718048096 -14913 0
1.5914225578308105 -14913 0
1.5969271659851074 -14913 0
1.6041405200958252 -14913 0
1.610804796218872 -14913 0
1.6160533428192139 -14913 0
1.6222200393676758 -14913 0
1.6287517547607422 -14913 0
1.6345195770263672 -14913 0
1.6409368515014648 -14913 0
1.6520156860351562 -14913 0
1.6585040092468262 -14913 0
1.6640443801879883 -14913 0
1.6708567142486572 -14913 0
1.6770298480987549 -14913 0
1.6897025108337402 -14913 0
1.6952931880950928 -14913 0
1.702589750289917 -14913 0
1.7088854312896729 -14913 0
1.7142038345336914 -14913 0
1.720860481262207 -14913 0
1.7260901927947998 -14913 0
1.7325921058654785 -14913 0
1.7388906478881836 -14913 0
1.744215488433838 -14913 0
1.7510671615600586 -14913 0
1.757688045501709 -14913 0
1.7634572982788086 -14913 0
1.7700088024139404 -14913 0
1.7756142616271973 -14913 0
1.7817883491516113 -14913 0
1.7876079082489014 -14913 0
1.793363094329834 -14913 0
1.799863576889038 -14913 0
1.8061411380767822 -14913 0
1.8127577304840088 -14913 0
1.819206714630127 -14913 0
1.824629783630371 -14913 0
1.831066608428955 -14913 0
