0 0 0
7.963180541992188e-05 -11037 0
0.007490634918212891 -11037 0
0.014208555221557617 -11038 -2
0.020927906036376953 -11038 -7
0.028180837631225586 -11040 -13
0.034670114517211914 -11041 -84
0.04126119613647461 -11042 -174
0.04699850082397461 -11043 -159
0.05327153205871582 -11045 -209
0.05956268310546875 -11046 -245
0.06514954566955566 -11048 -269
0.07158780097961426 -11050 -288
0.07837700843811035 -11052 -302
0.08460879325866699 -11054 -318
0.0913853645324707 -11057 -332
0.0970759391784668 -11059 -343
0.10340023040771484 -11061 -353
0.10995602607727051 -11063 -363
0.1154017448425293 -11066 -374
0.12215018272399902 -11069 -382
0.12850284576416016 -11071 -390
0.13476800918579102 -11074 -396
0.1413435935974121 -11076 -401
0.14702248573303223 -11078 -406
0.15345072746276855 -11081 -410
0.16007685661315918 -11084 -415
0.16550350189208984 -11087 -419
0.17232990264892578 -11090 -424
0.17910099029541016 -11092 -428
0.18504762649536133 -11094 -431
0.19154024124145508 -11097 -432
0.19722604751586914 -11100 -435
0.20346736907958984 -11102 -434
0.2100534439086914 -11105 -435
0.21590662002563477 -11108 -434
0.2226111888885498 -11111 -435
0.2299942970275879 -11114 -437
0.2354733943939209 -11117 -441
0.24219369888305664 -11119 -441
0.247514009475708 -11123 -444
0.2539858818054199 -11124 -446
0.2602980136871338 -11127 -444
0.2659335136413574 -11131 -447
0.2754054069519043 -11136 -447
0.2839665412902832 -11138 -449
0.29032015800476074 -11142 -450
0.296295166015625 -11144 -448
0.3028702735900879 -11147 -449
0.3084239959716797 -11150 -447
0.3146512508392334 -11152 -445
0.3212089538574219 -11155 -445
0.3269307613372803 -11158 -445
0.33434295654296875 -11161 -449
0.3409085273742676 -11164 -447
0.3465099334716797 -11166 -451
0.3529934883117676 -11170 -452
0.3585519790649414 -11172 -451
0.3647904396057129 -11175 -452
0.37136387825012207 -11178 -451
0.3770759105682373 -11181 -450
0.384227991104126 -11184 -450
0.390993595123291 -11186 -450
0.39657115936279297 -11189 -450
0.4029207229614258 -11192 -450
0.40844058990478516 -11194 -449
0.41470885276794434 -11197 -449
0.42136120796203613 -11200 -448
0.4270625114440918 -11204 -448
0.4343268871307373 -11206 -449
0.44088172912597656 -11209 -452
0.44654369354248047 -11212 -452
0.4530501365661621 -11214 -455
0.4586019515991211 -11217 -455
0.46481847763061523 -11220 -454
0.47138500213623047 -11222 -451
0.47713160514831543 -11226 -448
0.4845757484436035 -11229 -449
0.4911472797393799 -11232 -448
0.49684691429138184 -11234 -449
0.5030994415283203 -11237 -449
0.5090398788452148 -11240 -449
0.5152511596679688 -11242 -449
0.5218710899353027 -11245 -451
0.5273306369781494 -11249 -449
0.5346152782440186 -11252 -452
0.5411937236785889 -11254 -451
0.5468759536743164 -11257 -452
0.5531136989593506 -11260 -453
0.5590882301330566 -11262 -453
0.5650451183319092 -11265 -453
0.5719976425170898 -11268 -451
0.5773913860321045 -11271 -449
0.5846636295318604 -11274 -448
0.5912868976593018 -11276 -448
0.5970072746276855 -11279 -448
0.6032867431640625 -11282 -450
0.609551191329956 -11285 -449
0.6153888702392578 -11288 -452
0.6221492290496826 -11290 -454
0.6274728775024414 -11294 -453
0.6350727081298828 -11296 -452
0.6415228843688965 -11299 -451
0.6472265720367432 -11302 -452
0.6534767150878906 -11305 -451
0.660053014755249 -11308 -451
0.6655004024505615 -11311 -451
0.6723008155822754 -11316 -450
0.6826963424682617 -11318 -450
0.6900384426116943 -11321 -448
0.6960043907165527 -11324 -448
0.7026829719543457 -11327 -449
0.7082650661468506 -11330 -449
0.714510440826416 -11333 -454
0.7210333347320557 -11336 -455
0.7266216278076172 -11338 -454
0.7329859733581543 -11341 -453
0.7402822971343994 -11344 -451
0.7461981773376465 -11347 -450
0.7527899742126465 -11350 -449
0.7583460807800293 -11352 -448
0.7645940780639648 -11355 -450
0.7711532115936279 -11358 -450
0.7768490314483643 -11362 -450
0.7840168476104736 -11364 -451
0.7914173603057861 -11367 -449
0.797107458114624 -11370 -450
0.8033814430236816 -11372 -450
0.8099250793457031 -11375 -451
0.8155374526977539 -11379 -452
0.8222897052764893 -11380 -454
0.8275952339172363 -11384 -454
0.8340697288513184 -11387 -455
0.8413662910461426 -11390 -452
0.847062349319458 -11392 -449
0.8533327579498291 -11395 -448
0.8598582744598389 -11398 -447
0.8653080463409424 -11400 -448
0.8723113536834717 -11403 -448
0.8776187896728516 -11407 -451
0.8841218948364258 -11410 -451
0.8914709091186523 -11412 -451
0.8971607685089111 -11415 -453
0.9034433364868164 -11418 -452
0.9100062847137451 -11420 -452
0.9154608249664307 -11424 -451
0.9221680164337158 -11426 -451
0.9274957180023193 -11429 -451
0.9341952800750732 -11432 -451
0.9415216445922852 -11435 -451
0.9472277164459229 -11437 -450
0.9534919261932373 -11440 -447
0.9601056575775146 -11443 -448
0.9655401706695557 -11446 -448
0.9722793102264404 -11448 -448
0.9775915145874023 -11452 -449
0.9841024875640869 -11454 -454
0.991626501083374 -11457 -452
0.997384786605835 -11461 -453
1.0040111541748047 -11463 -452
1.0105705261230469 -11466 -451
1.016007661819458 -11469 -451
1.022515058517456 -11472 -449
1.0280675888061523 -11474 -448
1.034327507019043 -11477 -450
1.0416245460510254 -11480 -449
1.0474119186401367 -11484 -450
1.0540189743041992 -11485 -451
1.0605714321136475 -11489 -449
1.0660045146942139 -11492 -450
1.0724897384643555 -11496 -450
1.0825846195220947 -11499 -452
1.088137149810791 -11502 -452
1.0954093933105469 -11504 -454
1.102353811264038 -11507 -455
1.1078708171844482 -11510 -451
1.1143083572387695 -11513 -450
1.120894193649292 -11516 -449
1.1264853477478027 -11518 -447
1.1329832077026367 -11521 -448
1.138502836227417 -11524 -449
1.145615816116333 -11528 -451
1.1523594856262207 -11530 -450
1.157865047454834 -11533 -451
1.1641418933868408 -11535 -451
1.1708571910858154 -11538 -451
1.1764333248138428 -11541 -450
1.1828088760375977 -11544 -452
1.1883199214935303 -11546 -450
1.1956255435943604 -11550 -452
1.202390193939209 -11552 -451
1.2079102993011475 -11556 -451
1.2141573429107666 -11558 -450
1.2207653522491455 -11561 -448
1.2263190746307373 -11564 -446
1.2328686714172363 -11566 -447
1.2384231090545654 -11569 -447
1.2455353736877441 -11573 -450
1.2523012161254883 -11574 -451
1.2575914859771729 -11578 -453
1.2642672061920166 -11581 -452
1.2708139419555664 -11584 -452
1.2765007019042969 -11586 -450
1.2828173637390137 -11589 -452
1.288341999053955 -11592 -449
1.2959980964660645 -11595 -452
1.3024725914001465 -11598 -452
1.3080828189849854 -11601 -450
1.314328670501709 -11603 -450
1.3208701610565186 -11606 -451
1.3264622688293457 -11609 -447
1.3328301906585693 -11612 -448
1.3383862972259521 -11614 -447
1.3458621501922607 -11618 -450
1.352529764175415 -11620 -451
1.3581037521362305 -11623 -454
1.3643717765808105 -11626 -456
1.3709077835083008 -11628 -454
1.3765077590942383 -11631 -451
1.382831335067749 -11634 -451
1.3883380889892578 -11637 -449
1.3959975242614746 -11640 -449
1.4024908542633057 -11642 -450
1.4080495834350586 -11646 -450
1.4154062271118164 -11648 -451
1.422055721282959 -11651 -450
1.427436351776123 -11654 -449
1.4338781833648682 -11656 -451
1.4402401447296143 -11659 -450
1.4469208717346191 -11663 -452
1.453155279159546 -11666 -453
1.459014654159546 -11668 -453
1.4648685455322266 -11671 -453
1.4715750217437744 -11675 -451
1.4823412895202637 -11678 -451
1.487891674041748 -11682 -449
1.4943037033081055 -11684 -447
1.5021898746490479 -11687 -447
1.507502794265747 -11691 -446
1.5139684677124023 -11692 -449
1.520310640335083 -11696 -451
1.5262045860290527 -11699 -451
1.5328049659729004 -11702 -454
1.5383284091949463 -11704 -451
1.5445661544799805 -11708 -453
1.5523731708526611 -11710 -452
1.5579369068145752 -11714 -452
1.5641820430755615 -11715 -452
1.5707416534423828 -11719 -450
1.5762939453125 -11722 -450
1.5829074382781982 -11724 -450
1.5885021686553955 -11727 -447
1.594900131225586 -11730 -447
1.6025612354278564 -11733 -449
1.6081297397613525 -11736 -447
1.6145048141479492 -11738 -451
1.6210589408874512 -11742 -452
1.626652479171753 -11744 -454
1.6329777240753174 -11747 -456
1.6384921073913574 -11750 -454
1.6447162628173828 -11753 -451
1.6525838375091553 -11756 -452
1.6581346988677979 -11758 -449
1.6643571853637695 -11761 -450
1.6709105968475342 -11764 -448
1.6765446662902832 -11767 -449
1.6962480545043945 -11776 -449
1.703597068786621 -11778 -450
1.7101688385009766 -11782 -449
1.7160193920135498 -11785 -451
1.7225205898284912 -11788 -451
1.728161096572876 -11790 -454
1.7344090938568115 -11793 -455
1.7409298419952393 -11796 -454
1.7465431690216064 -11798 -452
1.7535974979400635 -11801 -449
1.7602035999298096 -11804 -449
1.765636920928955 -11807 -448
1.7725372314453125 -11810 -450
1.7833583354949951 -11816 -451
1.7929799556732178 -11819 -450
1.8028602600097656 -11824 -450
1.8114676475524902 -11827 -451
1.817206859588623 -11832 -453
1.827160358428955 -11834 -451
1.8336048126220703 -11837 -452
1.8402049541473389 -11840 -452
1.8481082916259766 -11844 -452
1.8554518222808838 -11847 -448
1.862363338470459 -11850 -447
1.8709733486175537 -11854 -447
1.8811326026916504 -11858 -450
1.8869102001190186 -11861 -451
1.8956196308135986 -11866 -452
1.9032952785491943 -11868 -453
1.9099359512329102 -11871 -451
1.9155550003051758 -11876 -452
1.92415189743042 -11878 -449
1.9307749271392822 -11881 -451
1.9363117218017578 -11884 -450
1.9435803890228271 -11886 -450
1.9514081478118896 -11891 -449
1.960080862045288 -11894 -450
1.9655253887176514 -11898 -447
1.9748327732086182 -11902 -448
1.9832730293273926 -11906 -450
1.9915335178375244 -11909 -452
2.000150680541992 -11912 -453
2.009512186050415 -11916 -455
2.0154271125793457 -11920 -451
2.023015022277832 -11923 -449
2.032914400100708 -11927 -449
2.0384600162506104 -11931 -449
2.0466132164001465 -11934 -450
2.05293607711792 -11938 -449
2.062199592590332 -11940 -451
2.067506790161133 -11944 -450
2.0764613151550293 -11947 -450
2.082836627960205 -11950 -451
2.088395118713379 -11952 -450
2.0946829319000244 -11956 -455
2.1034791469573975 -11960 -453
2.1130480766296387 -11963 -453
2.1185824871063232 -11966 -450
2.124802350997925 -11970 -448
2.1335608959198 -11972 -447
2.1401784420013428 -11975 -446
2.145620584487915 -11980 -448
2.1582958698272705 -11984 -452
2.1670644283294678 -11988 -451
2.173611640930176 -11990 -451
2.1802005767822266 -11994 -451
2.196084499359131 -12001 -453
2.202666997909546 -12004 -452
2.210081100463867 -12006 -451
2.221008062362671 -12012 -451
2.2265748977661133 -12014 -449
2.233078718185425 -12018 -447
2.2421958446502686 -12022 -448
2.2509074211120605 -12026 -450
2.25655198097229 -12029 -451
2.266018867492676 -12033 -454
2.275989532470703 -12038 -455
2.288365125656128 -12042 -450
2.2947957515716553 -12045 -451
2.3030214309692383 -12049 -448
2.311497449874878 -12054 -450
2.320122718811035 -12056 -450
2.3255600929260254 -12060 -450
2.332341194152832 -12062 -449
2.3425986766815186 -12067 -449
2.3481788635253906 -12070 -450
2.35443377494812 -12073 -451
2.363039493560791 -12076 -454
2.3708226680755615 -12080 -454
2.3764665126800537 -12082 -452
2.383192539215088 -12085 -454
2.3894989490509033 -12088 -450
2.3950753211975098 -12090 -450
2.4015214443206787 -12093 -448
2.4072184562683105 -12096 -447
2.414520502090454 -12100 -450
2.4229650497436523 -12103 -449
2.428513526916504 -12106 -451
2.4350481033325195 -12108 -451
2.441498279571533 -12111 -450
2.4472055435180664 -12114 -450
2.4534873962402344 -12116 -450
2.4600908756256104 -12120 -453
2.4668314456939697 -12123 -451
2.4731433391571045 -12126 -452
2.4790377616882324 -12128 -453
2.4849071502685547 -12131 -452
2.4916350841522217 -12134 -450
2.4973247051239014 -12136 -449
2.5036022663116455 -12139 -447
2.5101959705352783 -12143 -447
2.51690411567688 -12146 -448
2.523134231567383 -12148 -450
2.5290818214416504 -12151 -454
2.5350167751312256 -12154 -453
2.541430950164795 -12156 -451
2.547111749649048 -12159 -453
2.5535342693328857 -12162 -452
2.5621700286865234 -12166 -451
2.568490743637085 -12169 -451
2.574739933013916 -12172 -452
2.5813100337982178 -12174 -451
2.587040662765503 -12177 -450
2.593306303024292 -12180 -450
2.599622964859009 -12182 -450
2.60526180267334 -12185 -448
2.6121418476104736 -12189 -448
2.6185684204101562 -12192 -448
2.624790668487549 -12194 -451
2.631382942199707 -12197 -453
2.6370584964752197 -12200 -454
2.6432974338531494 -12202 -454
2.649625062942505 -12205 -454
2.6553072929382324 -12208 -451
2.661872148513794 -12210 -451
2.668393611907959 -12214 -447
2.674830436706543 -12217 -449
2.6843631267547607 -12221 -449
2.6922993659973145 -12224 -450
2.697601795196533 -12228 -451
2.7042958736419678 -12230 -448
2.7109861373901367 -12233 -449
2.7173657417297363 -12236 -449
2.7236263751983643 -12238 -450
2.730215072631836 -12242 -454
2.7360076904296875 -12245 -451
2.7425131797790527 -12248 -455
2.748098611831665 -12250 -455
2.7543246746063232 -12253 -453
2.76090669631958 -12256 -451
2.766537666320801 -12258 -448
2.773878812789917 -12262 -447
2.781100034713745 -12264 -448
2.786787271499634 -12267 -447
2.7931900024414062 -12270 -449
2.7994978427886963 -12272 -451
2.8050646781921387 -12275 -451
2.811539649963379 -12278 -453
2.817239999771118 -12282 -452
2.8245790004730225 -12284 -452
2.831164598464966 -12287 -450
2.8368592262268066 -12290 -451
2.843100070953369 -12292 -452
2.8490240573883057 -12295 -451
2.855240821838379 -12298 -451
2.861603260040283 -12300 -451
2.867264986038208 -12304 -446
2.874626398086548 -12307 -446
2.8811769485473633 -12310 -447
2.8869006633758545 -12312 -448
2.8931658267974854 -12315 -450
2.899099349975586 -12318 -452
2.905078887939453 -12320 -452
2.91198992729187 -12323 -453
2.9173874855041504 -12327 -452
2.9247031211853027 -12330 -452
2.9312779903411865 -12332 -451
2.9369866847991943 -12335 -449
2.943281650543213 -12338 -449
2.949578285217285 -12340 -449
2.95542311668396 -12344 -449
2.9621856212615967 -12346 -450
2.9675118923187256 -12349 -449
2.975066900253296 -12352 -450
2.981496810913086 -12354 -449
2.9872021675109863 -12357 -449
2.9934909343719482 -12360 -451
