0 0 0
0.0006544589996337891 -7331 2
0.0059986114501953125 -7331 2
0.012652158737182617 -7330 13
0.02004861831665039 -7329 30
0.027016639709472656 -7327 172
0.03565812110900879 -7326 164
0.041912078857421875 -7324 274
0.04849410057067871 -7322 293
0.054407596588134766 -7318 347
0.06088709831237793 -7316 389
0.0664212703704834 -7313 417
0.07267379760742188 -7311 455
0.07922101020812988 -7307 484
0.0856788158416748 -7304 501
0.09192276000976562 -7300 526
0.09848642349243164 -7297 556
0.1086270809173584 -7290 578
0.11463332176208496 -7286 598
0.1211862564086914 -7282 605
0.1267242431640625 -7278 625
0.13431119918823242 -7274 635
0.14081692695617676 -7271 653
0.1486344337463379 -7266 658
0.15426898002624512 -7260 666
0.16080594062805176 -7258 672
0.16634511947631836 -7252 676
0.17271804809570312 -7248 688
0.17926406860351562 -7244 693
0.1857917308807373 -7239 697
0.19229793548583984 -7235 701
0.19866013526916504 -7231 707
0.20404553413391113 -7225 712
0.2107563018798828 -7222 716
0.21628594398498535 -7216 717
0.22254657745361328 -7214 717
0.22922611236572266 -7208 720
0.23566794395446777 -7204 723
0.24194717407226562 -7199 726
0.24856138229370117 -7194 731
0.25398755073547363 -7189 733
0.2608933448791504 -7186 733
0.26642489433288574 -7180 735
0.2727024555206299 -7177 734
0.27922582626342773 -7171 735
0.28563427925109863 -7167 734
0.2923243045806885 -7162 735
0.2986884117126465 -7158 740
0.3043982982635498 -7152 744
0.31087732315063477 -7149 745
0.31642675399780273 -7143 744
0.322674036026001 -7140 742
0.32931065559387207 -7134 743
0.33492398262023926 -7130 744
0.34197521209716797 -7125 743
0.34859657287597656 -7119 743
0.35442566871643066 -7114 744
0.36093640327453613 -7110 747
0.3664836883544922 -7106 750
0.37276458740234375 -7101 750
0.37932300567626953 -7096 751
0.3849201202392578 -7091 744
0.3924849033355713 -7088 744
0.39896464347839355 -7082 744
0.40440917015075684 -7077 746
0.41106176376342773 -7073 750
0.41662144660949707 -7068 751
0.4228367805480957 -7064 751
0.4294154644012451 -7059 751
0.434981107711792 -7054 750
0.44231581687927246 -7050 750
0.4486887454986572 -7046 747
0.45432066917419434 -7040 743
0.46083760261535645 -7037 747
0.46633005142211914 -7031 750
0.472703218460083 -7026 754
0.4792804718017578 -7022 751
0.4848763942718506 -7017 752
0.49183034896850586 -7013 750
0.498368501663208 -7008 750
0.5068755149841309 -7001 748
0.5143718719482422 -6995 747
0.5211169719696045 -6990 750
0.5266854763031006 -6986 753
0.5331888198852539 -6981 755
0.5408773422241211 -6976 755
0.5464341640472412 -6970 750
0.5526986122131348 -6966 749
0.5592854022979736 -6962 747
0.5649135112762451 -6957 748
0.5712244510650635 -6952 749
0.5767486095428467 -6948 749
0.5829639434814453 -6944 749
0.590984582901001 -6938 753
0.5965402126312256 -6933 757
0.6028029918670654 -6928 751
0.6093308925628662 -6924 752
0.6149435043334961 -6920 749
0.6219565868377686 -6915 749
0.6285338401794434 -6910 749
0.6339461803436279 -6904 750
0.6413753032684326 -6900 750
0.6470210552215576 -6896 754
0.6536226272583008 -6891 752
0.6599545478820801 -6886 754
0.6656312942504883 -6882 752
0.6718976497650146 -6878 748
0.6785299777984619 -6873 747
0.6839416027069092 -6867 748
0.6907031536102295 -6862 753
0.6970393657684326 -6858 754
0.7032654285430908 -6854 753
0.7099909782409668 -6849 753
0.7156550884246826 -6844 753
0.7219223976135254 -6840 751
0.7284989356994629 -6836 752
0.7339446544647217 -6830 748
0.7406964302062988 -6825 747
0.7479166984558105 -6820 750
0.7534723281860352 -6816 755
0.759937047958374 -6811 755
0.7656023502349854 -6807 753
0.7720098495483398 -6802 752
0.7785806655883789 -6798 751
0.7844176292419434 -6792 750
0.7909023761749268 -6787 750
0.7979850769042969 -6783 748
0.8036801815032959 -6778 748
0.8100237846374512 -6774 752
0.8156986236572266 -6769 755
0.821979284286499 -6765 756
0.828561544418335 -6760 753
0.8344008922576904 -6754 750
0.8408689498901367 -6750 749
0.8479893207550049 -6745 750
0.8535592555999756 -6741 748
0.8599545955657959 -6736 750
0.8656203746795654 -6732 750
0.8718838691711426 -6727 751
0.8784623146057129 -6722 755
0.8838903903961182 -6716 755
0.8907856941223145 -6712 753
0.8975346088409424 -6708 749
0.9034562110900879 -6700 749
0.9137601852416992 -6696 749
0.92059326171875 -6691 752
0.9258718490600586 -6685 752
0.932487964630127 -6682 754
0.9389710426330566 -6676 754
0.9444453716278076 -6672 753
0.9518740177154541 -6667 752
0.9584519863128662 -6662 749
0.9638919830322266 -6656 746
0.9706056118011475 -6654 748
0.9758834838867188 -6648 751
0.9823708534240723 -6644 755
0.9887251853942871 -6640 754
0.994375467300415 -6634 753
1.001678228378296 -6630 751
1.0079472064971924 -6625 751
1.0137503147125244 -6620 751
1.0203933715820312 -6616 749
1.0257554054260254 -6612 748
1.0320003032684326 -6607 750
1.0385658740997314 -6602 754
1.0443861484527588 -6596 755
1.0516669750213623 -6592 754
1.0579664707183838 -6587 752
1.0635156631469727 -6583 752
1.0704212188720703 -6578 751
1.0757851600646973 -6574 749
1.081974983215332 -6569 750
1.0885720252990723 -6565 751
1.0939722061157227 -6559 752
1.1013803482055664 -6554 756
1.106919527053833 -6550 755
1.1131443977355957 -6545 751
1.1196873188018799 -6541 749
1.1254003047943115 -6536 747
1.1318371295928955 -6532 749
1.1384103298187256 -6527 751
1.143824815750122 -6523 751
1.1513354778289795 -6516 754
1.1568844318389893 -6512 754
1.163118839263916 -6508 753
1.1698284149169922 -6503 754
1.1755046844482422 -6498 754
1.181757926940918 -6494 749
1.1883070468902588 -6490 747
1.1939055919647217 -6484 748
1.2014176845550537 -6479 752
1.2069370746612549 -6474 756
1.213148832321167 -6470 752
1.2197020053863525 -6466 752
1.225400686264038 -6461 753
1.2316207885742188 -6456 751
1.237518548965454 -6452 749
1.2433104515075684 -6448 748
1.2510478496551514 -6442 747
1.2566673755645752 -6437 750
1.262908935546875 -6432 755
1.2694103717803955 -6428 755
1.275005578994751 -6424 752
1.2813067436218262 -6419 751
1.2868430614471436 -6414 750
1.2930734157562256 -6410 749
1.2997782230377197 -6404 750
1.3065564632415771 -6396 749
1.3167333602905273 -6392 751
1.3230881690979004 -6387 754
1.3297944068908691 -6383 756
1.3354949951171875 -6378 754
1.34190034866333 -6374 750
1.3484251499176025 -6368 749
1.3550491333007812 -6363 749
1.3613991737365723 -6359 750
1.3669037818908691 -6354 751
1.3734409809112549 -6350 752
1.379835844039917 -6345 753
1.3855223655700684 -6341 754
1.3918218612670898 -6336 754
1.3983702659606934 -6332 754
1.4049890041351318 -6326 746
1.4112889766693115 -6321 746
1.4168307781219482 -6317 749
1.4230692386627197 -6312 749
1.4298121929168701 -6308 754
1.4354884624481201 -6303 753
1.4417510032653809 -6298 752
1.4483273029327393 -6294 753
1.4550056457519531 -6288 751
1.461310625076294 -6284 752
1.4668350219726562 -6279 749
1.4730820655822754 -6275 747
1.479689598083496 -6270 748
1.4853856563568115 -6266 752
1.4918100833892822 -6261 754
1.4983410835266113 -6256 755
1.5048856735229492 -6250 751
1.511277198791504 -6246 752
1.5168251991271973 -6242 752
1.5230052471160889 -6237 750
1.5295672416687012 -6232 749
1.5352845191955566 -6228 749
1.541503667831421 -6224 752
1.5470242500305176 -6219 753
1.553497314453125 -6213 754
1.5612502098083496 -6208 756
1.5668139457702637 -6204 750
1.5730171203613281 -6200 748
1.5796034336090088 -6195 749
1.5852692127227783 -6190 750
1.591491937637329 -6186 750
1.5970094203948975 -6182 750
1.6032025814056396 -6176 753
1.6110680103302002 -6171 753
1.6182639598846436 -6166 756
1.6236991882324219 -6162 751
1.630021333694458 -6158 749
1.635662317276001 -6153 746
1.6419031620025635 -6148 747
1.64847993850708 -6144 753
1.6539008617401123 -6138 752
1.6612963676452637 -6133 751
1.6668367385864258 -6129 753
1.6733043193817139 -6124 752
1.679826021194458 -6120 752
1.6854698657989502 -6115 750
1.691896677017212 -6111 747
1.6984500885009766 -6106 745
1.7039356231689453 -6099 751
1.7154457569122314 -6093 754
1.7218246459960938 -6088 756
1.728351354598999 -6084 753
1.7342641353607178 -6078 751
1.74090576171875 -6074 751
1.7464511394500732 -6069 749
1.7526886463165283 -6064 749
1.7599282264709473 -6060 748
1.7656660079956055 -6055 751
1.7718966007232666 -6050 754
1.778449296951294 -6046 756
1.7839031219482422 -6040 755
1.7959489822387695 -6031 749
1.8024811744689941 -6028 749
1.808992862701416 -6022 749
1.8154566287994385 -6018 751
1.8218836784362793 -6013 749
1.8284871578216553 -6008 753
1.8338963985443115 -6002 754
1.840606451034546 -6000 755
1.8458943367004395 -5994 753
1.8526067733764648 -5990 751
1.8591675758361816 -5984 746
1.8655929565429688 -5980 749
1.8718645572662354 -5976 750
1.8784255981445312 -5971 752
1.8838493824005127 -5966 752
1.890550136566162 -5962 754
1.895860195159912 -5958 753
1.902332067489624 -5953 754
1.9086823463439941 -5947 752
1.9155683517456055 -5942 748
1.9218389987945557 -5938 747
1.9284000396728516 -5934 748
1.933802604675293 -5929 753
1.9404640197753906 -5924 756
1.9458463191986084 -5918 754
1.9525103569030762 -5915 752
1.9590401649475098 -5909 752
1.9655988216400146 -5905 751
1.971987247467041 -5900 751
1.978581190109253 -5896 750
1.9840078353881836 -5890 748
1.9907128810882568 -5887 750
1.9960277080535889 -5881 754
2.002514362335205 -5878 756
2.009007215499878 -5872 754
2.0154783725738525 -5867 751
2.021782875061035 -5863 748
2.0283360481262207 -5858 749
2.033928871154785 -5852 749
2.040663003921509 -5849 749
2.045936107635498 -5843 751
2.0524210929870605 -5840 754
2.0589447021484375 -5836 755
2.065479040145874 -5830 756
2.071762800216675 -5825 753
2.07830810546875 -5820 750
2.0839221477508545 -5815 747
2.0909483432769775 -5810 749
2.0965099334716797 -5806 750
2.102747917175293 -5801 753
2.112044334411621 -5792 753
2.120887517929077 -5789 753
2.1264138221740723 -5783 754
2.1328070163726807 -5778 752
2.1395204067230225 -5774 748
2.1451945304870605 -5770 748
2.1515746116638184 -5765 749
2.1575183868408203 -5760 754
2.1634325981140137 -5754 755
2.1711044311523438 -5750 753
2.1766762733459473 -5746 754
2.1829159259796143 -5741 753
2.1894264221191406 -5736 753
2.1950509548187256 -5732 750
2.2013370990753174 -5728 748
2.206860303878784 -5723 749
2.2132761478424072 -5717 750
2.221025228500366 -5712 754
2.2265613079071045 -5708 755
2.2328133583068848 -5703 754
2.2393250465393066 -5699 752
2.2449417114257812 -5694 750
2.2512831687927246 -5690 750
2.256856918334961 -5685 751
2.2630667686462402 -5679 749
2.270892858505249 -5676 747
2.2764482498168945 -5670 752
2.2827136516571045 -5666 755
2.2892444133758545 -5661 754
2.294832706451416 -5657 753
2.3011882305145264 -5652 751
2.3066980838775635 -5648 749
2.3129701614379883 -5643 747
2.320552349090576 -5639 750
2.325876474380493 -5633 751
2.3325138092041016 -5630 749
2.339164972305298 -5624 752
2.3447277545928955 -5619 753
2.351125478744507 -5614 756
2.3566999435424805 -5610 753
2.362971305847168 -5606 751
2.370717763900757 -5601 748
2.376008987426758 -5595 748
2.3824517726898193 -5592 751
2.3890936374664307 -5586 754
2.3946220874786377 -5582 753
2.4010674953460693 -5577 753
2.406585216522217 -5572 754
2.412829637527466 -5568 753
2.419351100921631 -5564 751
2.425834894180298 -5559 749
2.4323084354400635 -5554 748
2.4386508464813232 -5550 751
2.44404673576355 -5544 753
2.45090651512146 -5540 753
2.456472635269165 -5535 755
2.4630661010742188 -5530 752
2.4711148738861084 -5524 752
2.476712465286255 -5520 751
2.482961416244507 -5516 750
2.489614486694336 -5511 747
2.495262622833252 -5506 749
2.501497507095337 -5502 754
2.507023811340332 -5494 755
2.5183587074279785 -5488 756
2.5252277851104736 -5484 751
2.531597852706909 -5479 749
2.537907838821411 -5475 750
2.5437231063842773 -5470 750
2.55004620552063 -5466 751
2.555713415145874 -5461 752
2.561927556991577 -5457 751
2.568504810333252 -5451 756
2.5753848552703857 -5446 755
2.581693172454834 -5442 753
2.587963342666626 -5437 751
2.5935518741607666 -5433 747
2.6004772186279297 -5428 748
2.605853319168091 -5424 750
2.612279176712036 -5418 753
2.619499444961548 -5413 754
2.6259522438049316 -5407 754
2.6326165199279785 -5404 752
2.639147996902466 -5398 753
2.644688129425049 -5394 752
2.651071071624756 -5389 748
2.656641721725464 -5384 747
2.6628611087799072 -5380 749
2.66939640045166 -5376 752
2.675893783569336 -5370 755
2.6823790073394775 -5366 754
2.6886982917785645 -5360 753
2.6944918632507324 -5356 752
2.700956344604492 -5352 753
2.706522226333618 -5347 749
2.7127633094787598 -5342 747
2.7192821502685547 -5338 749
2.725752115249634 -5332 752
2.732377290725708 -5329 755
2.73893141746521 -5324 755
2.744410753250122 -5318 755
2.7510640621185303 -5314 752
2.7565953731536865 -5309 751
2.7628135681152344 -5305 749
2.7693700790405273 -5300 750
2.775818109512329 -5296 750
2.782320737838745 -5292 749
2.788639545440674 -5287 752
2.7943074703216553 -5281 753
2.8008251190185547 -5278 756
2.806317090988159 -5272 752
2.8127400875091553 -5267 749
2.8192903995513916 -5263 749
2.8249058723449707 -5258 749
2.8319742679595947 -5254 751
2.8386127948760986 -5249 750
2.844008684158325 -5243 753
2.8507330417633057 -5240 754
2.8560173511505127 -5234 752
2.8626527786254883 -5231 752
2.8693747520446777 -5225 751
2.8749656677246094 -5221 746
2.881981611251831 -5216 748
2.8885695934295654 -5212 749
2.894019842147827 -5206 753
2.9007513523101807 -5202 756
2.906046152114868 -5195 754
2.91645884513855 -5189 754
2.92283296585083 -5184 752
2.930797576904297 -5180 750
2.9363489151000977 -5174 748
2.9427103996276855 -5170 748
2.949249505996704 -5165 751
2.954730749130249 -5160 754
2.961101531982422 -5156 755
2.9666643142700195 -5152 755
2.972898483276367 -5147 751
2.980865955352783 -5142 751
2.986431360244751 -5136 749
2.9928815364837646 -5132 750
2.999387741088867 -5128 748
