0 0 0
0.00045561790466308594 -9294 0
0.0078105926513671875 -9294 0
0.015208005905151367 -9294 8
0.0218963623046875 -9292 68
0.0291292667388916 -9291 22
0.035352230072021484 -9290 34
0.04209637641906738 -9288 236
0.047815561294555664 -9286 288
0.05406498908996582 -9284 303
0.05994009971618652 -9282 344
0.06579422950744629 -9279 373
0.07236337661743164 -9276 389
0.07903909683227539 -9273 420
0.08547019958496094 -9270 452
0.09198355674743652 -9267 469
0.09758400917053223 -9264 493
0.10410761833190918 -9261 503
0.11001992225646973 -9258 519
0.11597561836242676 -9254 532
0.12243533134460449 -9251 539
0.12913250923156738 -9246 552
0.13537359237670898 -9243 562
0.14188814163208008 -9240 569
0.14747357368469238 -9236 578
0.15379548072814941 -9233 584
0.159407377243042 -9229 590
0.16584134101867676 -9226 599
0.1723463535308838 -9222 604
0.1789853572845459 -9217 609
0.18522882461547852 -9213 615
0.1917877197265625 -9210 618
0.1973729133605957 -9206 617
0.20369839668273926 -9202 618
0.20927643775939941 -9198 622
0.2156982421875 -9194 627
0.2224900722503662 -9190 630
0.22818994522094727 -9186 631
0.23549103736877441 -9182 634
0.24209880828857422 -9178 638
0.24780583381652832 -9174 639
0.25405192375183105 -9170 643
0.25994086265563965 -9166 640
0.26583075523376465 -9162 644
0.27234983444213867 -9158 640
0.2780599594116211 -9154 640
0.285508394241333 -9150 644
0.2920863628387451 -9146 647
0.2977776527404785 -9142 648
0.3040149211883545 -9138 649
0.30953216552734375 -9134 650
0.3157365322113037 -9128 650
0.3262491226196289 -9124 651
0.3337879180908203 -9118 650
0.3393282890319824 -9114 648
0.34597134590148926 -9110 647
0.3525221347808838 -9107 645
0.3582172393798828 -9103 649
0.36447620391845703 -9099 652
0.3710663318634033 -9095 656
0.37649965286254883 -9090 656
0.3839540481567383 -9086 653
0.38950228691101074 -9082 651
0.3957099914550781 -9078 651
0.40239810943603516 -9074 652
0.4080984592437744 -9070 649
0.41437816619873047 -9066 651
0.42095351219177246 -9062 651
0.426377534866333 -9058 654
0.4338812828063965 -9053 657
0.4394378662109375 -9049 659
0.44571876525878906 -9045 657
0.45226001739501953 -9041 656
0.457958459854126 -9038 653
0.4643845558166504 -9034 652
0.4709444046020508 -9030 651
0.47655177116394043 -9024 651
0.48395824432373047 -9020 654
0.4895286560058594 -9016 653
0.4957387447357178 -9012 655
0.5023066997528076 -9008 655
0.5079753398895264 -9005 658
0.514214038848877 -9001 657
0.5204710960388184 -8997 657
0.5263447761535645 -8993 654
0.5330812931060791 -8988 651
0.53944993019104 -8984 649
0.5456752777099609 -8980 653
0.552208662033081 -8976 654
0.5579466819763184 -8972 657
0.5642194747924805 -8968 657
0.5704994201660156 -8964 655
0.5760700702667236 -8960 656
0.5829432010650635 -8955 655
0.5893781185150146 -8951 656
0.5956325531005859 -8947 654
0.6023454666137695 -8943 650
0.6080217361450195 -8939 651
0.6142666339874268 -8935 651
0.620842456817627 -8931 656
0.6262848377227783 -8928 658
0.6328930854797363 -8922 660
0.6393153667449951 -8918 655
0.6457080841064453 -8913 655
0.6533603668212891 -8910 655
0.6588735580444336 -8905 655
0.6651155948638916 -8902 654
0.6717054843902588 -8897 653
0.6772711277008057 -8894 652
0.6837003231048584 -8890 653
0.6911380290985107 -8886 655
0.6965534687042236 -8880 658
0.7034327983856201 -8876 659
0.7089991569519043 -8872 657
0.7152538299560547 -8868 652
0.7242429256439209 -8862 654
0.7320353984832764 -8858 652
0.7385067939758301 -8853 653
0.7451627254486084 -8850 654
0.7519073486328125 -8845 654
0.7574949264526367 -8841 655
0.7639951705932617 -8837 657
0.7695298194885254 -8833 658
0.7757236957550049 -8829 657
0.7822904586791992 -8825 654
0.7890350818634033 -8820 651
0.7952804565429688 -8816 651
0.8018782138824463 -8812 650
0.8074865341186523 -8808 654
0.8137915134429932 -8804 655
0.8193767070770264 -8800 656
0.8257632255554199 -8796 657
0.83233642578125 -8792 657
0.8379974365234375 -8787 656
0.8452799320220947 -8783 658
0.8518452644348145 -8779 655
0.8574306964874268 -8776 653
0.863926887512207 -8772 653
0.8694407939910889 -8768 652
0.8756875991821289 -8764 655
0.8823678493499756 -8760 659
0.8880600929260254 -8754 659
0.8953361511230469 -8750 657
0.901862621307373 -8746 656
0.9074804782867432 -8742 657
0.913823127746582 -8738 655
0.9193651676177979 -8735 654
0.9255928993225098 -8731 654
0.9321475028991699 -8727 651
0.9378747940063477 -8722 652
0.9452202320098877 -8718 657
0.9517743587493896 -8714 656
0.9573490619659424 -8710 660
0.9637022018432617 -8706 660
0.9692611694335938 -8702 655
0.9755032062530518 -8698 653
0.9820261001586914 -8694 653
0.9876270294189453 -8689 653
0.9951233863830566 -8686 655
1.001854658126831 -8681 654
1.0074386596679688 -8677 656
1.0137264728546143 -8673 656
1.0192549228668213 -8669 657
1.0254933834075928 -8665 659
1.031999111175537 -8661 659
1.0375909805297852 -8657 656
1.0449132919311523 -8654 653
1.0514626502990723 -8648 651
1.0569441318511963 -8644 651
1.0635910034179688 -8640 653
1.0691237449645996 -8636 656
1.075345754623413 -8632 658
1.0819075107574463 -8628 657
1.0874977111816406 -8624 659
1.0945568084716797 -8621 656
1.1011388301849365 -8617 660
1.1065478324890137 -8612 657
1.1133003234863281 -8609 653
1.1188232898712158 -8601 652
1.1292073726654053 -8597 654
1.1356172561645508 -8593 656
1.1423256397247314 -8588 658
1.1490991115570068 -8584 657
1.1555078029632568 -8580 658
1.162092924118042 -8576 655
1.1677680015563965 -8572 657
1.1739778518676758 -8568 655
1.1794939041137695 -8564 654
1.1860032081604004 -8560 652
1.1924664974212646 -8555 652
1.1992383003234863 -8551 654
1.2054665088653564 -8547 659
1.2120239734649658 -8543 658
1.217620849609375 -8539 660
1.223984718322754 -8536 658
1.2294871807098389 -8532 655
1.2356948852539062 -8528 655
1.2424044609069824 -8522 654
1.2491343021392822 -8518 653
1.2555317878723145 -8514 654
1.262099027633667 -8510 652
1.267784833908081 -8506 653
1.2740366458892822 -8503 656
1.2799274921417236 -8499 659
1.2857615947723389 -8495 658
1.2923200130462646 -8490 658
1.2990801334381104 -8486 653
1.305528163909912 -8482 652
1.3120651245117188 -8478 652
1.3177571296691895 -8474 655
1.3239848613739014 -8470 655
1.3294944763183594 -8466 656
1.3357431888580322 -8462 655
1.3422560691833496 -8458 656
1.3489952087402344 -8453 655
1.35524582862854 -8449 659
1.3619434833526611 -8445 656
1.3675482273101807 -8441 653
1.3738291263580322 -8437 652
1.379373550415039 -8433 651
1.3857645988464355 -8429 653
1.3923351764678955 -8425 655
1.3990302085876465 -8420 657
1.405282735824585 -8416 658
1.4118258953094482 -8412 656
1.4174318313598633 -8408 656
1.4239377975463867 -8404 656
1.4294559955596924 -8400 657
1.4356601238250732 -8396 655
1.4422121047973633 -8392 652
1.4479293823242188 -8387 652
1.455230951309204 -8383 653
1.461794137954712 -8380 655
1.4673936367034912 -8376 660
1.4737427234649658 -8372 658
1.4792771339416504 -8368 655
1.4856762886047363 -8364 653
1.4922094345092773 -8360 652
1.497896671295166 -8354 652
1.5051028728485107 -8352 654
1.5118470191955566 -8346 654
1.5174586772918701 -8343 653
1.5275349617004395 -8336 654
1.5340092182159424 -8332 657
1.5395286083221436 -8328 659
1.5462050437927246 -8323 659
1.553741455078125 -8319 655
1.5592594146728516 -8315 653
1.565521001815796 -8311 652
1.5720694065093994 -8307 653
1.5777859687805176 -8304 654
1.584024429321289 -8300 654
1.5895466804504395 -8296 656
1.5957636833190918 -8292 657
1.6036369800567627 -8286 657
1.60917067527771 -8282 659
1.6153781414031982 -8278 659
1.6219496726989746 -8274 655
1.6274974346160889 -8270 653
1.6337902545928955 -8267 651
1.6392991542816162 -8263 652
1.6457066535949707 -8258 656
1.6541481018066406 -8254 657
1.6604371070861816 -8250 658
1.6662986278533936 -8246 657
1.6729109287261963 -8242 658
1.6782853603363037 -8238 657
1.684516429901123 -8234 655
1.6910834312438965 -8230 655
1.6964964866638184 -8225 655
1.704017162322998 -8221 651
1.7099380493164062 -8217 651
1.7158198356628418 -8213 654
1.722524881362915 -8209 657
1.7282040119171143 -8205 661
1.7344334125518799 -8201 657
1.7410125732421875 -8197 659
1.746448278427124 -8192 655
1.7532453536987305 -8188 656
1.7595527172088623 -8184 655
1.7657742500305176 -8180 654
1.7724850177764893 -8176 652
1.778160810470581 -8172 652
1.784538984298706 -8168 654
1.796276330947876 -8160 658
1.80293869972229 -8155 660
1.809248685836792 -8151 658
1.8155596256256104 -8147 652
1.8221535682678223 -8143 653
1.827833652496338 -8140 653
1.8340625762939453 -8136 654
1.8399403095245361 -8132 654
1.8462224006652832 -8128 655
1.8529014587402344 -8122 654
1.859313726425171 -8118 658
1.8655309677124023 -8114 658
1.8720333576202393 -8110 659
1.8776371479034424 -8106 656
1.8839821815490723 -8103 653
1.889526605606079 -8099 653
1.8957281112670898 -8095 652
1.9025161266326904 -8091 654
1.909252643585205 -8086 656
1.9155075550079346 -8082 657
1.922046184539795 -8076 657
1.9323828220367432 -8071 658
1.9380824565887451 -8067 658
1.9445011615753174 -8064 656
1.951124906539917 -8060 655
1.9569077491760254 -8054 652
1.9644484519958496 -8050 651
1.9710335731506348 -8046 653
1.9764454364776611 -8041 657
1.9831836223602295 -8038 659
1.9884767532348633 -8033 657
1.9949960708618164 -8030 658
2.001499652862549 -8027 655
2.006930112838745 -8022 653
2.014197587966919 -8018 656
2.0204617977142334 -8014 653
2.026353597640991 -8010 654
2.033289909362793 -8006 653
2.0387988090515137 -8000 654
2.0450615882873535 -7998 658
2.0515968799591064 -7992 660
2.057138681411743 -7988 658
2.064337968826294 -7985 656
2.070870876312256 -7981 654
2.076289653778076 -7977 654
2.0832130908966064 -7973 653
2.088536024093628 -7968 654
2.0950255393981934 -7965 655
2.101533889770508 -7960 654
2.1069440841674805 -7956 655
2.1142168045043945 -7952 657
2.1205005645751953 -7948 659
2.1261909008026123 -7944 658
2.132538080215454 -7940 656
2.1382274627685547 -7936 653
2.1448750495910645 -7932 651
2.1512436866760254 -7928 651
2.1568784713745117 -7923 654
2.1641178131103516 -7919 656
2.1704866886138916 -7915 656
2.176212787628174 -7911 657
2.1825363636016846 -7907 658
2.188201427459717 -7904 656
2.194434404373169 -7900 655
2.2010233402252197 -7896 657
2.206570625305176 -7890 655
2.2139883041381836 -7886 651
2.219513416290283 -7882 651
2.2257652282714844 -7878 654
2.2323381900787354 -7874 656
2.238006591796875 -7870 658
2.244255542755127 -7867 660
2.2505364418029785 -7863 657
2.2561988830566406 -7859 656
2.2638988494873047 -7854 655
2.269439458847046 -7850 656
2.2756481170654297 -7846 654
2.2822155952453613 -7842 653
2.2879321575164795 -7838 652
2.2943599224090576 -7834 652
2.3008995056152344 -7830 656
2.3063414096832275 -7826 658
2.3137600421905518 -7821 660
2.3193464279174805 -7817 656
2.32847261428833 -7810 651
2.3362770080566406 -7806 654
2.3431642055511475 -7802 652
2.348457098007202 -7797 653
2.3551106452941895 -7794 654
2.361698865890503 -7790 653
2.3683624267578125 -7786 656
2.3748350143432617 -7782 658
2.381214141845703 -7776 658
2.386993885040283 -7772 659
2.393458604812622 -7768 657
2.3989830017089844 -7764 651
2.4052655696868896 -7760 651
2.4118053913116455 -7756 652
2.418320894241333 -7751 655
2.4249773025512695 -7749 655
2.431459426879883 -7745 656
2.4369256496429443 -7740 656
2.4435322284698486 -7736 657
2.449063777923584 -7732 656
2.4553279876708984 -7728 657
2.4618446826934814 -7724 656
2.468330144882202 -7720 652
2.4748375415802 -7716 651
2.4819388389587402 -7711 651
2.487514019012451 -7707 654
2.4938266277313232 -7703 655
2.4993696212768555 -7699 657
2.5058248043060303 -7695 658
2.5123801231384277 -7690 657
2.5191309452056885 -7686 655
2.5253539085388184 -7682 654
2.5318808555603027 -7678 654
2.5375022888183594 -7674 653
2.543832540512085 -7670 651
2.5493686199188232 -7666 652
2.5557334423065186 -7662 655
2.56243896484375 -7658 659
2.5692007541656494 -7653 657
2.575460433959961 -7649 657
2.58195161819458 -7645 656
2.58750581741333 -7641 653
2.5938539505004883 -7637 653
2.59944486618042 -7633 655
2.6056785583496094 -7630 653
2.6122055053710938 -7626 654
2.618924379348755 -7620 654
2.6253445148468018 -7616 657
2.631864547729492 -7612 657
2.6374800205230713 -7608 659
2.64381742477417 -7604 656
2.6511306762695312 -7600 653
2.6565511226654053 -7595 652
2.6632964611053467 -7593 652
2.669999122619629 -7588 653
2.675839900970459 -7584 655
2.6825573444366455 -7580 656
2.6882944107055664 -7576 656
2.694528102874756 -7572 655
2.7010960578918457 -7568 659
2.7065367698669434 -7562 658
2.713284969329834 -7560 656
2.7185614109039307 -7554 654
2.7256832122802734 -7548 652
2.735710620880127 -7544 652
2.7429163455963135 -7540 654
2.7482852935791016 -7535 656
2.7549188137054443 -7532 659
2.76125431060791 -7528 658
2.766948938369751 -7523 655
2.77418851852417 -7519 656
2.780482530593872 -7515 656
2.7860543727874756 -7512 654
2.7924647331237793 -7508 653
2.798149347305298 -7504 653
2.8045284748077393 -7500 653
2.8111026287078857 -7496 655
2.8169403076171875 -7490 660
2.824244976043701 -7486 659
2.8307836055755615 -7482 660
2.8361799716949463 -7478 656
2.842539072036743 -7475 655
2.848219633102417 -7471 654
2.8544788360595703 -7467 653
2.861110210418701 -7463 654
2.8669347763061523 -7458 653
2.8742053508758545 -7454 655
2.8805222511291504 -7450 655
2.886160135269165 -7446 658
2.8924899101257324 -7442 658
2.898181915283203 -7438 659
2.9044477939605713 -7434 656
2.9110403060913086 -7430 655
2.9164512157440186 -7425 651
2.924139976501465 -7421 651
2.9304347038269043 -7417 654
2.935997247695923 -7413 656
2.9429209232330322 -7409 656
2.9482741355895996 -7405 656
2.95450758934021 -7401 656
2.961090564727783 -7397 658
2.9665002822875977 -7392 660
2.974266767501831 -7388 656
2.9808413982391357 -7384 653
2.9864821434020996 -7379 651
2.9932265281677246 -7376 651
2.9985387325286865 -7371 653
