0 0 0
8.416175842285156e-05 -14913 0
0.008870363235473633 -14913 0
0.016944408416748047 -14913 0
0.025130510330200195 -14913 0
0.031980037689208984 -14913 0
0.03725719451904297 -14913 2
0.04389476776123047 -14913 2
0.050533294677734375 -14912 6
0.05614352226257324 -14912 6
0.06247687339782715 -14912 13
0.06807899475097656 -14912 13
0.07529377937316895 -14911 23
0.08201289176940918 -14911 23
0.08730506896972656 -14911 41
0.0937645435333252 -14910 46
0.10031318664550781 -14910 50
0.1058356761932373 -14910 50
0.11247086524963379 -14909 57
0.11803817749023438 -14909 58
0.12566256523132324 -14908 58
0.13221311569213867 -14908 60
0.1377718448638916 -14908 60
0.14400482177734375 -14908 61
0.15054750442504883 -14907 63
0.15611648559570312 -14906 63
0.16252851486206055 -14906 63
0.16809606552124023 -14906 63
0.1757187843322754 -14905 66
0.18228793144226074 -14905 65
0.18785953521728516 -14904 65
0.19411277770996094 -14904 67
0.20066165924072266 -14904 67
0.20625042915344238 -14903 66
0.21259140968322754 -14903 67
0.21810388565063477 -14902 68
0.22533082962036133 -14902 67
0.23227667808532715 -14902 67
0.23781633377075195 -14901 68
0.24408793449401855 -14900 68
0.2507796287536621 -14900 68
0.2563471794128418 -14900 68
0.2627103328704834 -14899 68
0.26824045181274414 -14899 68
0.27571702003479004 -14898 68
0.282224178314209 -14898 69
0.2876904010772705 -14898 69
0.29413700103759766 -14897 68
0.3007235527038574 -14897 69
0.3063070774078369 -14896 68
0.31260180473327637 -14896 68
0.31812548637390137 -14896 69
0.3253769874572754 -14895 69
0.3321349620819092 -14895 69
0.33743953704833984 -14894 70
0.3439514636993408 -14894 70
0.3505864143371582 -14893 68
0.3561422824859619 -14893 69
0.3625211715698242 -14892 68
0.368119478225708 -14892 68
0.37523484230041504 -14892 68
0.38214898109436035 -14891 69
0.3876841068267822 -14891 69
0.39397382736206055 -14890 69
0.40319204330444336 -14890 69
0.41099071502685547 -14889 69
0.4166717529296875 -14889 69
0.4230537414550781 -14888 70
0.4308292865753174 -14888 70
0.4364051818847656 -14887 69
0.44274401664733887 -14887 70
0.4483020305633545 -14886 70
0.454514741897583 -14886 69
0.46106529235839844 -14886 69
0.46680355072021484 -14885 70
0.47324204444885254 -14884 69
0.48078060150146484 -14884 69
0.4863755702972412 -14884 70
0.49268388748168945 -14884 70
0.49825429916381836 -14883 70
0.5044600963592529 -14882 70
0.5111672878265381 -14882 69
0.516831636428833 -14882 69
0.5230939388275146 -14881 69
0.5308260917663574 -14881 70
0.5363922119140625 -14880 71
0.5426852703094482 -14880 71
0.5482356548309326 -14880 71
0.5544483661651611 -14879 71
0.5610494613647461 -14878 70
0.5667648315429688 -14878 70
0.5730183124542236 -14878 70
0.5805273056030273 -14877 69
0.5860562324523926 -14877 70
0.5926055908203125 -14876 70
0.5980842113494873 -14876 69
0.6043474674224854 -14876 70
0.6108808517456055 -14875 70
0.6165854930877686 -14875 70
0.6228322982788086 -14874 71
0.6303250789642334 -14874 71
0.6357948780059814 -14873 70
0.6424660682678223 -14873 70
0.6479952335357666 -14872 70
0.6543786525726318 -14872 70
0.660914421081543 -14872 70
0.6664972305297852 -14871 70
0.6728932857513428 -14871 69
0.680370569229126 -14870 69
0.6858198642730713 -14870 69
0.6922976970672607 -14870 69
0.6978228092193604 -14869 69
0.7040920257568359 -14868 69
0.7107975482940674 -14868 70
0.7163541316986084 -14868 70
0.7226681709289551 -14867 69
0.7281692028045654 -14867 70
0.7352726459503174 -14866 70
0.7419590950012207 -14866 69
0.7472774982452393 -14866 69
0.7537450790405273 -14865 70
0.7600970268249512 -14865 70
0.7657163143157959 -14864 71
0.7723665237426758 -14864 71
0.7779204845428467 -14863 69
0.7850329875946045 -14863 70
0.7914166450500488 -14862 69
0.7970919609069824 -14862 69
0.8072419166564941 -14861 70
0.8138844966888428 -14861 70
0.8212528228759766 -14860 69
0.82696533203125 -14860 69
0.8345036506652832 -14859 70
0.841057538986206 -14859 70
0.8467230796813965 -14858 69
0.8529419898986816 -14858 70
0.8588230609893799 -14858 70
0.864649772644043 -14857 70
0.871218204498291 -14857 71
0.876866340637207 -14856 71
0.8840823173522949 -14856 70
0.8907954692840576 -14856 70
0.8963549137115479 -14855 68
0.9028596878051758 -14854 68
0.9083764553070068 -14854 69
0.9146208763122559 -14854 69
0.9211583137512207 -14853 69
0.9268267154693604 -14853 70
0.934124231338501 -14852 69
0.9407143592834473 -14852 69
0.9463100433349609 -14852 69
0.9527747631072998 -14851 69
0.9583263397216797 -14851 70
0.9645287990570068 -14850 70
0.9710865020751953 -14850 70
0.976794958114624 -14850 71
0.9840817451477051 -14849 70
0.9906821250915527 -14848 69
0.9962687492370605 -14848 69
1.0025665760040283 -14848 69
1.00811767578125 -14847 69
1.0144751071929932 -14847 70
1.0210442543029785 -14846 69
1.0266859531402588 -14846 69
1.0331006050109863 -14845 70
1.0431571006774902 -14845 70
1.0503928661346436 -14844 71
1.0558104515075684 -14844 71
1.0622711181640625 -14844 70
1.067807674407959 -14843 70
1.0742135047912598 -14842 70
1.080714225769043 -14842 70
1.0872161388397217 -14842 70
1.0934393405914307 -14841 70
1.100085973739624 -14841 70
1.1057088375091553 -14840 70
1.1122026443481445 -14840 70
1.1174380779266357 -14840 70
1.123887538909912 -14839 70
1.1305670738220215 -14838 69
1.1371548175811768 -14838 71
1.143397331237793 -14838 71
1.1499526500701904 -14837 70
1.1553575992584229 -14837 70
1.1622633934020996 -14836 71
1.1677730083465576 -14836 70
1.1739814281463623 -14836 70
1.1804685592651367 -14835 71
1.1860301494598389 -14834 71
1.1933858394622803 -14834 71
1.1999726295471191 -14834 70
1.2101304531097412 -14833 70
1.2160160541534424 -14832 69
1.2226295471191406 -14832 69
1.228133201599121 -14832 69
1.234489917755127 -14831 70
1.242236614227295 -14831 69
1.2477223873138428 -14830 70
1.2541172504425049 -14830 70
1.2606463432312012 -14830 70
1.26613450050354 -14829 70
1.2725598812103271 -14828 69
1.2781131267547607 -14828 70
1.284303903579712 -14828 70
1.2921314239501953 -14827 69
1.2974426746368408 -14827 70
1.3042449951171875 -14826 69
1.3110151290893555 -14826 69
1.3166694641113281 -14826 69
1.3230535984039307 -14825 68
1.3293440341949463 -14825 68
1.3352344036102295 -14824 69
1.3427724838256836 -14824 69
1.3483049869537354 -14823 68
1.3546907901763916 -14823 69
1.361220121383667 -14822 69
1.3668670654296875 -14822 69
1.3732638359069824 -14822 69
1.379805564880371 -14821 69
1.3852438926696777 -14821 69
1.3927452564239502 -14820 70
1.398287296295166 -14820 70
1.4045188426971436 -14819 70
1.4110350608825684 -14819 70
1.416703462600708 -14818 69
1.4231054782867432 -14818 69
1.429396629333496 -14818 69
1.4351999759674072 -14817 68
1.4427452087402344 -14817 68
1.4482624530792236 -14816 69
1.4544892311096191 -14816 69
1.4610426425933838 -14816 69
1.466688871383667 -14815 69
1.4729349613189697 -14815 69
1.4788398742675781 -14814 70
1.484839916229248 -14814 70
1.4924120903015137 -14813 69
1.4980030059814453 -14813 70
1.504239559173584 -14812 70
1.5107464790344238 -14812 70
1.516324758529663 -14812 70
1.5226261615753174 -14811 70
1.5281391143798828 -14811 69
1.5343925952911377 -14810 69
1.5409190654754639 -14810 69
1.547407865524292 -14809 69
1.554093599319458 -14809 70
1.5606956481933594 -14808 69
1.5662975311279297 -14808 70
1.5726051330566406 -14808 70
1.5781149864196777 -14807 70
1.5843477249145508 -14807 70
1.590944766998291 -14806 70
1.5974397659301758 -14806 69
1.6074097156524658 -14805 70
1.6141877174377441 -14805 70
1.6208596229553223 -14804 70
1.6264636516571045 -14804 71
1.6329224109649658 -14804 69
1.6384365558624268 -14803 70
1.6458852291107178 -14802 69
1.6523706912994385 -14802 69
1.6579022407531738 -14802 69
1.664119005203247 -14801 69
1.670849084854126 -14801 69
1.6763932704925537 -14800 69
1.682847023010254 -14800 69
1.6883573532104492 -14800 70
1.6957814693450928 -14799 70
1.7023005485534668 -14799 69
1.7079241275787354 -14798 70
1.7141916751861572 -14798 70
1.7207047939300537 -14797 69
1.7262792587280273 -14797 70
1.7327547073364258 -14796 70
1.7383136749267578 -14796 70
1.7445261478424072 -14796 70
1.7522568702697754 -14795 70
1.7578344345092773 -14794 69
1.7640607357025146 -14794 69
1.7706043720245361 -14794 69
1.7761075496673584 -14793 69
1.7824971675872803 -14793 70
1.794344425201416 -14792 69
1.8021409511566162 -14792 69
1.8074383735656738 -14791 70
1.8141083717346191 -14791 70
1.8213376998901367 -14790 71
1.827021598815918 -14790 71
1.833259105682373 -14790 71
1.8398032188415527 -14789 70
1.8452446460723877 -14788 70
1.8529133796691895 -14788 69
1.8587980270385742 -14788 69
1.8646392822265625 -14787 69
1.8712122440338135 -14787 69
1.8768491744995117 -14786 69
1.8830811977386475 -14786 69
1.8893418312072754 -14786 70
1.8948721885681152 -14785 69
1.9050517082214355 -14784 70
1.9129858016967773 -14784 70
1.9189085960388184 -14784 70
1.9248244762420654 -14783 70
1.9312617778778076 -14782 70
1.9369277954101562 -14782 69
1.943312406539917 -14782 69
1.9508042335510254 -14781 69
1.9563946723937988 -14781 69
1.9627141952514648 -14780 69
1.9682486057281494 -14780 69
1.974618911743164 -14780 69
1.9811944961547852 -14779 69
1.986877202987671 -14779 68
1.99310302734375 -14778 69
1.999366283416748 -14778 69
2.0107808113098145 -14777 69
2.0163755416870117 -14776 70
2.0228419303894043 -14776 68
2.02838397026062 -14776 68
2.035026788711548 -14775 70
2.0413694381713867 -14775 69
2.0470571517944336 -14774 70
2.0544114112854004 -14774 71
2.061955690383911 -14774 71
2.067288398742676 -14773 69
2.0739400386810303 -14773 69
2.0804271697998047 -14772 68
2.0858538150787354 -14772 68
2.0925211906433105 -14771 69
2.0981013774871826 -14771 69
2.105236530303955 -14770 70
2.1118533611297607 -14770 69
2.1172239780426025 -14770 69
2.1236774921417236 -14769 70
2.129990816116333 -14769 69
2.1354033946990967 -14768 70
2.14213228225708 -14768 70
2.1474032402038574 -14768 70
2.1550941467285156 -14767 70
2.1614227294921875 -14766 70
2.16707444190979 -14766 70
2.1733410358428955 -14766 70
2.179928779602051 -14765 70
2.1853513717651367 -14765 69
2.192103147506714 -14764 69
2.197378396987915 -14764 70
2.204936981201172 -14764 70
2.2118232250213623 -14763 70
2.217158794403076 -14762 70
2.223381519317627 -14762 69
2.229963779449463 -14762 69
2.2353851795196533 -14761 69
2.2421441078186035 -14761 69
2.2474184036254883 -14760 70
2.254603862762451 -14760 70
2.261240005493164 -14760 71
2.2669661045074463 -14759 71
2.2733681201934814 -14759 69
2.2799243927001953 -14758 69
2.285353183746338 -14758 69
2.2920944690704346 -14758 68
2.2974140644073486 -14757 69
2.303889274597168 -14756 69
2.3112313747406006 -14756 69
2.3169333934783936 -14756 69
2.3231966495513916 -14755 70
2.3297371864318848 -14755 69
2.335371255874634 -14754 70
2.3421313762664795 -14754 70
2.347395181655884 -14754 70
2.353893280029297 -14753 70
2.3612608909606934 -14752 69
2.3669679164886475 -14752 69
2.37325382232666 -14752 69
2.379772186279297 -14751 69
2.3852267265319824 -14751 68
2.392117500305176 -14750 69
2.397386074066162 -14750 68
2.4038383960723877 -14749 68
2.4145262241363525 -14749 69
2.421194314956665 -14748 68
2.426844596862793 -14748 69
2.4332265853881836 -14748 69
2.439805030822754 -14747 69
2.445366382598877 -14746 69
2.4522690773010254 -14746 68
2.459355354309082 -14746 68
2.4651784896850586 -14745 69
2.471853494644165 -14745 69
2.4772279262542725 -14744 69
2.4837167263031006 -14744 69
2.4900355339050293 -14744 69
2.4956634044647217 -14743 69
2.5021541118621826 -14743 69
2.5074381828308105 -14742 69
2.514843702316284 -14742 69
2.5212807655334473 -14742 69
2.5269618034362793 -14741 69
2.533198118209839 -14740 69
2.5397002696990967 -14740 69
2.5451440811157227 -14740 69
2.551440477371216 -14740 70
2.5571045875549316 -14739 69
2.56437349319458 -14738 69
2.571077346801758 -14738 70
2.57675838470459 -14738 70
2.5830538272857666 -14737 69
2.5893492698669434 -14737 70
2.5951762199401855 -14736 69
2.6018567085266113 -14736 69
2.6072256565093994 -14735 70
2.6145143508911133 -14735 68
2.621046304702759 -14734 69
2.6266846656799316 -14734 69
2.633049726486206 -14734 69
2.6393401622772217 -14733 69
2.644895076751709 -14733 69
2.6513311862945557 -14732 69
2.6570045948028564 -14732 69
2.6642510890960693 -14732 69
2.6707890033721924 -14731 69
2.6763627529144287 -14730 70
2.6826541423797607 -14730 70
2.6881821155548096 -14730 70
2.694573402404785 -14729 71
2.701153039932251 -14729 71
2.7068443298339844 -14728 69
2.7141175270080566 -14728 69
2.720827102661133 -14728 69
2.7264199256896973 -14727 68
2.7327170372009277 -14727 68
2.7382664680480957 -14726 68
2.7444913387298584 -14726 68
2.751194953918457 -14726 69
2.7568674087524414 -14725 69
2.764152765274048 -14724 69
2.7706785202026367 -14724 70
2.7762551307678223 -14724 70
2.782588481903076 -14723 69
2.7881264686584473 -14723 70
2.7943594455718994 -14722 69
2.80092191696167 -14722 69
2.8065803050994873 -14721 69
2.818417549133301 -14721 70
2.824916362762451 -14720 69
2.8317861557006836 -14720 69
2.837141275405884 -14719 69
2.843770742416382 -14719 70
2.85010027885437 -14718 69
2.8558907508850098 -14718 70
2.862349510192871 -14718 70
2.8693490028381348 -14717 69
2.8751752376556396 -14717 70
2.8818178176879883 -14716 69
2.8871490955352783 -14716 69
2.8933908939361572 -14716 70
2.9000117778778076 -14715 70
2.9054055213928223 -14714 69
2.912153959274292 -14714 70
2.9188544750213623 -14714 70
2.9247066974639893 -14713 69
2.931408405303955 -14713 69
2.9370529651641846 -14712 69
2.9433140754699707 -14712 69
2.94986891746521 -14712 69
2.9553096294403076 -14711 69
2.9620161056518555 -14710 69
2.9683244228363037 -14710 69
2.9745523929595947 -14710 69
2.9812557697296143 -14709 69
2.9869637489318848 -14709 69
2.9933998584747314 -14708 69
2.999969482421875 -14708 69
