0 0 0
8.0108642578125e-05 -7478 0
0.008623600006103516 -7479 -2
0.015775680541992188 -7479 -14
0.023299217224121094 -7480 -11
0.03119373321533203 -7482 -164
0.03848385810852051 -7484 -76
0.044130802154541016 -7486 -253
0.05040287971496582 -7488 -270
0.05633044242858887 -7490 -313
0.06264352798461914 -7492 -352
0.06929326057434082 -7494 -382
0.07468485832214355 -7498 -406
0.08193802833557129 -7500 -431
0.08852791786193848 -7504 -450
0.09424948692321777 -7506 -465
0.10050535202026367 -7509 -484
0.1068122386932373 -7512 -495
0.11246657371520996 -7516 -513
0.11939811706542969 -7519 -526
0.12473869323730469 -7523 -543
0.13201284408569336 -7527 -553
0.1385815143585205 -7530 -561
0.14425420761108398 -7534 -567
0.15050673484802246 -7537 -571
0.15679574012756348 -7540 -581
0.16269493103027344 -7545 -584
0.16941595077514648 -7548 -592
0.17472386360168457 -7552 -595
0.182295560836792 -7556 -599
0.18879079818725586 -7560 -602
0.19448304176330566 -7564 -607
0.20073795318603516 -7567 -615
0.2073667049407959 -7571 -619
0.21280145645141602 -7576 -618
0.21955347061157227 -7578 -617
0.22488760948181152 -7583 -618
0.23232007026672363 -7587 -620
0.23927855491638184 -7591 -622
0.24465346336364746 -7594 -625
0.250885009765625 -7598 -626
0.2574629783630371 -7602 -628
0.2631213665008545 -7607 -629
0.2696387767791748 -7610 -633
0.2751636505126953 -7615 -634
0.2823629379272461 -7618 -634
0.2893059253692627 -7625 -634
0.299877405166626 -7630 -632
0.30547451972961426 -7634 -631
0.3118741512298584 -7638 -634
0.31862711906433105 -7642 -638
0.3243250846862793 -7645 -639
0.3316066265106201 -7650 -639
0.33818840980529785 -7654 -641
0.34380269050598145 -7658 -637
0.35015201568603516 -7662 -640
0.35568952560424805 -7666 -638
0.3620789051055908 -7670 -638
0.3686509132385254 -7673 -636
0.3743855953216553 -7677 -635
0.380692720413208 -7682 -640
0.3881661891937256 -7686 -638
0.3937952518463135 -7690 -643
0.4001016616821289 -7694 -644
0.4056966304779053 -7698 -642
0.4119396209716797 -7702 -640
0.4186697006225586 -7705 -640
0.4243748188018799 -7709 -638
0.43066930770874023 -7714 -641
0.4382610321044922 -7718 -640
0.4438750743865967 -7722 -640
0.45018649101257324 -7726 -639
0.45569729804992676 -7730 -642
0.461972713470459 -7734 -644
0.46851134300231934 -7738 -644
0.4742121696472168 -7741 -643
0.4806406497955322 -7746 -640
0.48821496963500977 -7750 -639
0.4938170909881592 -7754 -637
0.5001516342163086 -7758 -639
0.5056841373443604 -7762 -640
0.51192307472229 -7766 -641
0.5184977054595947 -7770 -642
0.5242524147033691 -7773 -641
0.5305421352386475 -7777 -643
0.5382370948791504 -7782 -644
0.5438249111175537 -7786 -643
0.5503511428833008 -7790 -641
0.5558857917785645 -7794 -638
0.5621316432952881 -7798 -637
0.5686626434326172 -7802 -638
0.5743653774261475 -7806 -640
0.5806896686553955 -7810 -644
0.5882306098937988 -7814 -643
0.5938105583190918 -7818 -642
0.6002867221832275 -7822 -642
0.605832576751709 -7826 -641
0.612149715423584 -7830 -641
0.6186668872833252 -7834 -642
0.6243667602539062 -7838 -640
0.6306846141815186 -7841 -637
0.6382961273193359 -7846 -637
0.6439158916473389 -7850 -639
0.6502504348754883 -7854 -641
0.6557962894439697 -7858 -642
0.6623106002807617 -7862 -646
0.6688001155853271 -7866 -643
0.6744997501373291 -7870 -643
0.6811609268188477 -7874 -639
0.6884796619415283 -7878 -639
0.6987359523773193 -7885 -640
0.7044477462768555 -7889 -639
0.7108514308929443 -7893 -640
0.7174170017242432 -7898 -640
0.7234647274017334 -7902 -644
0.7298710346221924 -7906 -644
0.7354342937469482 -7910 -645
0.7425768375396729 -7913 -643
0.749248743057251 -7917 -640
0.754645586013794 -7921 -638
0.7608780860900879 -7925 -639
0.7674605846405029 -7928 -641
0.7731201648712158 -7934 -643
0.779794454574585 -7938 -643
0.7853422164916992 -7942 -643
0.7925143241882324 -7946 -643
0.7988736629486084 -7949 -644
0.8045732975006104 -7954 -644
0.811234712600708 -7957 -642
0.817579984664917 -7961 -640
0.8232583999633789 -7966 -637
0.8304588794708252 -7970 -637
0.8367891311645508 -7975 -641
0.8438076972961426 -7979 -644
0.8501636981964111 -7982 -645
0.8557205200195312 -7986 -643
0.8619644641876221 -7990 -642
0.8685688972473145 -7994 -641
0.8742680549621582 -7998 -642
0.8805348873138428 -8002 -640
0.8868169784545898 -8007 -639
0.8937118053436279 -8011 -640
0.9002165794372559 -8014 -639
0.9057345390319824 -8018 -639
0.9119679927825928 -8022 -645
0.918571949005127 -8026 -645
0.9242866039276123 -8030 -645
0.9305474758148193 -8034 -643
0.9368770122528076 -8039 -640
0.9440615177154541 -8043 -640
0.9503159523010254 -8047 -639
0.9558444023132324 -8050 -641
0.9623870849609375 -8054 -640
0.968818187713623 -8058 -640
0.9744894504547119 -8062 -641
0.9807872772216797 -8066 -645
0.9873895645141602 -8071 -646
0.9941248893737793 -8075 -643
1.0003671646118164 -8079 -643
1.006256103515625 -8083 -640
1.0121302604675293 -8086 -636
1.018812656402588 -8090 -637
1.0244882106781006 -8094 -641
1.030745029449463 -8098 -640
1.0373265743255615 -8102 -643
1.0440678596496582 -8107 -644
1.050304889678955 -8111 -643
1.0558409690856934 -8115 -643
1.062065839767456 -8119 -644
1.068826675415039 -8122 -642
1.0744919776916504 -8126 -642
1.0811200141906738 -8130 -639
1.0874736309051514 -8134 -639
1.0986003875732422 -8142 -641
1.1043188571929932 -8146 -644
1.1107101440429688 -8150 -645
1.1172564029693604 -8154 -643
1.1228728294372559 -8158 -643
1.1296055316925049 -8161 -642
1.1348881721496582 -8166 -643
1.1415643692016602 -8170 -641
1.148890733718872 -8174 -640
1.1545932292938232 -8178 -639
1.1608331203460693 -8182 -638
1.1674320697784424 -8186 -640
1.1728572845458984 -8190 -642
1.179624080657959 -8193 -645
1.1851415634155273 -8198 -646
1.1914243698120117 -8202 -642
1.1992638111114502 -8206 -641
1.2046256065368652 -8210 -638
1.2111425399780273 -8214 -640
1.2175252437591553 -8218 -640
1.2231519222259521 -8223 -640
1.2296538352966309 -8225 -642
1.2351770401000977 -8230 -641
1.2414445877075195 -8234 -641
1.2488024234771729 -8238 -645
1.2544786930084229 -8242 -645
1.2611355781555176 -8246 -642
1.2675516605377197 -8250 -640
1.2731878757476807 -8255 -637
1.279745101928711 -8257 -638
1.285299301147461 -8262 -641
1.2915735244750977 -8266 -641
1.2988228797912598 -8270 -641
1.3044774532318115 -8274 -643
1.3107333183288574 -8278 -641
1.3172969818115234 -8282 -643
1.3228726387023926 -8287 -642
1.3297889232635498 -8291 -642
1.335327386856079 -8294 -640
1.3415875434875488 -8298 -637
1.348893404006958 -8302 -637
1.3545877933502197 -8306 -641
1.3608262538909912 -8310 -641
1.3674209117889404 -8314 -643
1.372861385345459 -8319 -646
1.3797674179077148 -8323 -645
1.3853249549865723 -8327 -641
1.3915698528289795 -8330 -641
1.3992128372192383 -8334 -642
1.4045836925506592 -8338 -641
1.410855770111084 -8342 -640
1.417419672012329 -8346 -639
1.422858715057373 -8351 -640
1.4301831722259521 -8355 -638
1.4357562065124512 -8359 -646
1.4421563148498535 -8362 -646
1.4498586654663086 -8368 -644
1.4554004669189453 -8372 -640
1.4618499279022217 -8376 -639
1.4684205055236816 -8379 -638
1.4741299152374268 -8383 -638
1.4804158210754395 -8387 -641
1.48636794090271 -8391 -641
1.4923100471496582 -8398 -642
1.5038416385650635 -8402 -644
1.5102992057800293 -8406 -643
1.5158352851867676 -8410 -644
1.5223979949951172 -8414 -642
1.5292587280273438 -8418 -639
1.5346224308013916 -8422 -637
1.5408756732940674 -8426 -637
1.547447919845581 -8430 -641
1.5544383525848389 -8434 -643
1.5611181259155273 -8438 -645
1.5674676895141602 -8442 -644
1.572880506515503 -8447 -643
1.579639196395874 -8450 -642
1.5851633548736572 -8455 -642
1.5915677547454834 -8459 -641
1.598130702972412 -8463 -641
1.6045756340026855 -8466 -638
1.6108472347259521 -8470 -639
1.6174302101135254 -8474 -641
1.6232597827911377 -8480 -644
1.6297545433044434 -8482 -645
1.6353626251220703 -8487 -643
1.6416223049163818 -8491 -642
1.6481854915618896 -8495 -643
1.6545472145080566 -8499 -639
1.6608030796051025 -8502 -640
1.6674227714538574 -8506 -640
1.6728639602661133 -8512 -640
1.6797668933868408 -8515 -639
1.6853368282318115 -8519 -641
1.6915757656097412 -8523 -645
1.6981875896453857 -8527 -645
1.7047088146209717 -8532 -644
1.7113468647003174 -8534 -641
1.718047857284546 -8540 -641
1.7235960960388184 -8544 -638
1.729961633682251 -8548 -637
1.7417409420013428 -8555 -641
1.74835205078125 -8559 -643
1.754849910736084 -8564 -642
1.7613463401794434 -8567 -643
1.7678256034851074 -8572 -642
1.7733089923858643 -8576 -643
1.7798480987548828 -8580 -642
1.7853820323944092 -8583 -641
1.791616678237915 -8587 -637
1.7983767986297607 -8591 -637
1.8048038482666016 -8596 -639
1.8113343715667725 -8599 -642
1.8178293704986572 -8604 -644
1.8232712745666504 -8608 -643
1.8304624557495117 -8612 -642
1.8367860317230225 -8616 -642
1.8423824310302734 -8619 -641
1.8493931293487549 -8623 -639
1.8557093143463135 -8628 -639
1.862095832824707 -8632 -637
1.8686754703521729 -8636 -637
1.8743853569030762 -8640 -639
1.8806490898132324 -8644 -641
1.8872482776641846 -8648 -644
1.8926947116851807 -8654 -644
1.902879238128662 -8659 -641
1.910593032836914 -8663 -640
1.917144775390625 -8667 -639
1.9231252670288086 -8672 -641
1.9298009872436523 -8676 -641
1.9353864192962646 -8680 -640
1.9416096210479736 -8684 -640
1.9481754302978516 -8687 -642
1.9538202285766602 -8691 -644
1.9612040519714355 -8695 -647
1.9675557613372803 -8699 -645
1.9732284545898438 -8704 -643
1.9799370765686035 -8708 -639
1.9854938983917236 -8712 -636
1.991760492324829 -8716 -637
1.9982707500457764 -8719 -639
2.003856658935547 -8723 -642
2.0108425617218018 -8727 -643
2.0174410343170166 -8731 -644
2.0228757858276367 -8736 -643
2.029623508453369 -8738 -643
2.0351479053497314 -8744 -644
2.041614532470703 -8748 -643
2.0481693744659424 -8752 -639
2.053788900375366 -8755 -638
2.0608232021331787 -8759 -637
2.0674407482147217 -8763 -639
2.0728535652160645 -8768 -642
2.0795955657958984 -8771 -644
2.084885358810425 -8776 -643
2.0913772583007812 -8778 -643
2.098106622695923 -8784 -641
2.1037352085113525 -8787 -640
2.111238718032837 -8791 -640
2.1177775859832764 -8795 -639
2.123258113861084 -8800 -639
2.1297521591186523 -8804 -638
2.1353278160095215 -8808 -640
2.1415934562683105 -8812 -643
2.148148536682129 -8816 -645
2.1537718772888184 -8820 -646
2.1611979007720947 -8824 -644
2.167557716369629 -8827 -641
2.1732165813446045 -8832 -640
2.17970871925354 -8835 -639
2.1853039264678955 -8840 -639
2.191551923751831 -8844 -641
2.198115587234497 -8848 -643
2.203735828399658 -8852 -642
2.2108614444732666 -8856 -642
2.2175285816192627 -8860 -642
2.223336935043335 -8864 -644
2.229825735092163 -8868 -644
2.2353920936584473 -8872 -641
2.2418506145477295 -8876 -637
2.248417854309082 -8880 -637
2.25410532951355 -8884 -640
2.260305166244507 -8888 -640
2.26788067817688 -8892 -643
2.273341655731201 -8896 -644
2.2799899578094482 -8900 -643
2.285555124282837 -8904 -642
2.2917873859405518 -8908 -643
2.301863193511963 -8914 -643
2.3086507320404053 -8920 -640
2.3153414726257324 -8924 -638
2.3217661380767822 -8927 -639
2.328451633453369 -8931 -639
2.3341219425201416 -8935 -643
2.34051775932312 -8939 -645
2.3467767238616943 -8943 -646
2.352344274520874 -8946 -643
2.3588221073150635 -8952 -640
2.365571975708008 -8956 -641
2.371962547302246 -8960 -641
2.378523111343384 -8963 -639
2.384261131286621 -8967 -640
2.390523672103882 -8971 -641
2.396833896636963 -8975 -639
2.4026880264282227 -8979 -643
2.4094979763031006 -8982 -644
2.4162509441375732 -8988 -647
2.4220995903015137 -8992 -642
2.4286584854125977 -8996 -641
2.434356927871704 -8999 -638
2.440678358078003 -9003 -637
2.447214365005493 -9007 -639
2.45267653465271 -9011 -640
2.459563732147217 -9014 -640
2.466275453567505 -9020 -643
2.4722957611083984 -9024 -642
2.478756904602051 -9028 -643
2.4844553470611572 -9031 -645
2.49074387550354 -9035 -643
2.4973762035369873 -9039 -640
2.5032076835632324 -9044 -640
2.5096852779388428 -9046 -636
2.5167715549468994 -9052 -638
2.5226314067840576 -9056 -642
2.5293209552764893 -9060 -642
2.5347273349761963 -9064 -644
2.54121732711792 -9067 -644
2.5477726459503174 -9071 -641
2.553265333175659 -9076 -642
2.559781312942505 -9080 -642
2.5668468475341797 -9084 -641
2.572497606277466 -9088 -637
2.5794031620025635 -9092 -638
2.584742546081543 -9096 -637
2.591212272644043 -9099 -640
2.5975475311279297 -9103 -642
2.603189706802368 -9108 -647
2.6097097396850586 -9111 -644
2.6152901649475098 -9116 -641
2.6223204135894775 -9120 -640
2.629279613494873 -9124 -640
2.6346895694732666 -9129 -640
2.6413419246673584 -9131 -638
2.647891044616699 -9136 -640
2.653331756591797 -9140 -638
2.659801721572876 -9144 -640
2.665367603302002 -9148 -643
2.6726419925689697 -9152 -646
2.679314136505127 -9156 -645
2.684723138809204 -9160 -643
2.691174030303955 -9164 -639
2.7005178928375244 -9170 -636
2.7082462310791016 -9175 -639
2.7138452529907227 -9180 -640
2.721315383911133 -9183 -642
2.728025197982788 -9188 -642
2.7335760593414307 -9192 -642
2.7399559020996094 -9196 -641
2.7455251216888428 -9200 -644
2.7518062591552734 -9203 -643
2.7586557865142822 -9207 -641
2.7643356323242188 -9211 -638
2.771578073501587 -9216 -637
2.778144359588623 -9220 -636
2.78377628326416 -9224 -641
2.790083408355713 -9228 -643
2.795623779296875 -9232 -643
2.8018648624420166 -9235 -642
2.808415651321411 -9239 -641
2.814152956008911 -9243 -641
2.8216230869293213 -9248 -640
2.8288333415985107 -9252 -640
2.8344931602478027 -9256 -638
2.840757131576538 -9260 -637
2.847337484359741 -9264 -638
2.852764368057251 -9268 -643
2.859515428543091 -9271 -646
2.8648061752319336 -9276 -646
2.872116804122925 -9280 -643
2.878824472427368 -9284 -641
2.884476661682129 -9288 -640
2.8908655643463135 -9292 -638
2.8974804878234863 -9296 -640
2.902891159057617 -9301 -641
2.9095826148986816 -9303 -641
2.9148848056793213 -9308 -640
2.922123908996582 -9312 -643
2.9287054538726807 -9316 -642
2.9344093799591064 -9320 -644
2.940822124481201 -9324 -645
2.9473960399627686 -9328 -641
2.952829360961914 -9333 -639
2.959588050842285 -9335 -636
2.965120792388916 -9340 -637
2.971404790878296 -9344 -639
2.978793144226074 -9348 -644
2.9845049381256104 -9352 -643
2.990786075592041 -9356 -644
2.9973671436309814 -9360 -644
