0 0 0
8.082389831542969e-05 -12386 0
0.008997440338134766 -12386 0
0.017004728317260742 -12386 -3
0.02356100082397461 -12387 -22
0.029267549514770508 -12388 -93
0.036568641662597656 -12388 -22
0.04316973686218262 -12390 -113
0.04886484146118164 -12391 -151
0.055457115173339844 -12392 -180
0.062046051025390625 -12393 -198
0.07043266296386719 -12396 -209
0.07794713973999023 -12398 -232
0.08537864685058594 -12399 -250
0.0919942855834961 -12401 -262
0.0975799560546875 -12403 -274
0.10431575775146484 -12404 -282
0.10990095138549805 -12407 -293
0.11632251739501953 -12408 -297
0.12286257743835449 -12410 -301
0.12848830223083496 -12412 -308
0.13485026359558105 -12414 -314
0.14227986335754395 -12416 -319
0.1479325294494629 -12419 -322
0.15442156791687012 -12420 -326
0.15999698638916016 -12423 -328
0.1663510799407959 -12425 -327
0.17305684089660645 -12427 -331
0.1786506175994873 -12429 -334
0.18516302108764648 -12431 -336
0.19279193878173828 -12434 -339
0.19844365119934082 -12436 -342
0.2047715187072754 -12438 -342
0.21033191680908203 -12440 -348
0.21658873558044434 -12442 -349
0.22315096855163574 -12444 -349
0.2288651466369629 -12446 -348
0.23526811599731445 -12449 -350
0.2429208755493164 -12451 -350
0.24852871894836426 -12453 -350
0.25489187240600586 -12455 -350
0.2604258060455322 -12457 -352
0.2666361331939697 -12460 -351
0.27322912216186523 -12462 -352
0.27895140647888184 -12464 -352
0.28525686264038086 -12467 -352
0.2944753170013428 -12469 -352
0.30009937286376953 -12471 -352
0.3063685894012451 -12474 -351
0.3130919933319092 -12476 -351
0.31878662109375 -12478 -352
0.3250107765197754 -12480 -353
0.3305625915527344 -12482 -354
0.33680200576782227 -12485 -355
0.34453868865966797 -12487 -357
0.35010695457458496 -12489 -357
0.3565676212310791 -12491 -356
0.36313486099243164 -12493 -356
0.36887288093566895 -12496 -354
0.3751344680786133 -12498 -354
0.3810875415802002 -12500 -352
0.38703203201293945 -12502 -352
0.39464807510375977 -12505 -352
0.4002659320831299 -12507 -353
0.40653562545776367 -12509 -353
0.4133272171020508 -12511 -354
0.4190242290496826 -12513 -356
0.42528343200683594 -12515 -355
0.4316256046295166 -12518 -355
0.43724799156188965 -12520 -353
0.4448106288909912 -12522 -354
0.4503505229949951 -12524 -354
0.45661497116088867 -12527 -357
0.46321535110473633 -12529 -356
0.47353196144104004 -12532 -357
0.4792520999908447 -12535 -357
0.48595380783081055 -12537 -356
0.49344325065612793 -12540 -356
0.49916720390319824 -12542 -354
0.5054459571838379 -12544 -352
0.5120401382446289 -12546 -352
0.5174827575683594 -12549 -352
0.5242235660552979 -12550 -353
0.5295448303222656 -12553 -352
0.5361876487731934 -12554 -354
0.5435690879821777 -12557 -355
0.5492415428161621 -12559 -354
0.5555026531219482 -12562 -357
0.5621020793914795 -12564 -358
0.5675742626190186 -12566 -356
0.5745351314544678 -12569 -357
0.5800995826721191 -12571 -356
0.5863707065582275 -12573 -356
0.5942296981811523 -12575 -356
0.5995855331420898 -12578 -357
0.6060802936553955 -12579 -354
0.6126115322113037 -12582 -354
0.6180627346038818 -12584 -355
0.6245787143707275 -12586 -354
0.6301193237304688 -12588 -354
0.6363856792449951 -12591 -353
0.6429486274719238 -12593 -353
0.6494913101196289 -12596 -353
0.6561861038208008 -12597 -352
0.6627500057220459 -12600 -353
0.6682991981506348 -12602 -356
0.674687385559082 -12604 -356
0.6802756786346436 -12606 -358
0.686551570892334 -12608 -357
0.6931242942810059 -12610 -356
0.6998584270477295 -12614 -359
0.7062973976135254 -12616 -356
0.7130396366119385 -12618 -355
0.7186553478240967 -12620 -354
0.7250583171844482 -12622 -354
0.7305898666381836 -12624 -354
0.7367870807647705 -12626 -352
0.7433617115020752 -12629 -354
0.7500817775726318 -12631 -355
0.7563271522521973 -12633 -355
0.7635564804077148 -12636 -353
0.7692553997039795 -12638 -354
0.7759199142456055 -12640 -354
0.782292366027832 -12642 -354
0.7879421710968018 -12644 -354
0.7944328784942627 -12647 -354
0.8010923862457275 -12649 -356
0.8070933818817139 -12651 -355
0.8135342597961426 -12653 -357
0.8192009925842285 -12655 -359
0.8254663944244385 -12658 -356
0.8320920467376709 -12660 -357
0.8379542827606201 -12662 -356
0.8444728851318359 -12664 -353
0.8518424034118652 -12667 -354
0.8573570251464844 -12669 -353
0.864016056060791 -12671 -352
0.8741359710693359 -12674 -353
0.8794701099395752 -12677 -353
0.886164665222168 -12679 -353
0.8929965496063232 -12682 -355
0.8994166851043701 -12684 -354
0.905909538269043 -12686 -354
0.9125032424926758 -12689 -355
0.9179954528808594 -12691 -356
0.9245257377624512 -12693 -356
0.9300756454467773 -12695 -356
0.9363300800323486 -12697 -356
0.9429161548614502 -12699 -354
0.9493839740753174 -12702 -356
0.956141471862793 -12704 -354
0.9628641605377197 -12706 -354
0.9684975147247314 -12708 -353
0.9748752117156982 -12711 -352
0.9804294109344482 -12713 -352
0.9866712093353271 -12715 -352
0.9932653903961182 -12717 -353
0.9999630451202393 -12720 -352
1.0062570571899414 -12722 -354
1.0129828453063965 -12724 -354
1.0185673236846924 -12726 -357
1.0248746871948242 -12728 -357
1.0304601192474365 -12730 -358
1.0366971492767334 -12733 -355
1.0432395935058594 -12735 -354
1.0489797592163086 -12738 -355
1.0563445091247559 -12740 -353
1.062898874282837 -12742 -353
1.0684897899627686 -12744 -354
1.0749776363372803 -12746 -353
1.0805127620697021 -12748 -353
1.0867652893066406 -12750 -353
1.0935051441192627 -12752 -354
1.0991744995117188 -12755 -353
1.1064457893371582 -12758 -354
1.1129851341247559 -12760 -353
1.1185991764068604 -12762 -353
1.124915599822998 -12764 -353
1.1304383277893066 -12766 -354
1.1368751525878906 -12768 -355
1.1434314250946045 -12770 -357
1.1491405963897705 -12773 -357
1.1563220024108887 -12775 -357
1.1628532409667969 -12778 -358
1.1684575080871582 -12780 -358
1.1747946739196777 -12782 -357
1.1803362369537354 -12784 -351
1.186568260192871 -12786 -354
1.1932828426361084 -12788 -351
1.1989948749542236 -12791 -353
1.20623779296875 -12793 -352
1.212815523147583 -12795 -353
1.2184007167816162 -12797 -353
1.2249276638031006 -12799 -354
1.230515956878662 -12802 -355
1.2367098331451416 -12804 -353
1.243269920349121 -12806 -353
1.24898362159729 -12808 -356
1.2564091682434082 -12811 -356
1.2629737854003906 -12813 -356
1.2685649394989014 -12816 -354
1.2785577774047852 -12818 -356
1.2850713729858398 -12821 -357
1.2905983924865723 -12823 -357
1.2971103191375732 -12825 -357
1.304699420928955 -12828 -356
1.3103017807006836 -12830 -355
1.3167192935943604 -12832 -353
1.3232486248016357 -12834 -352
1.3289847373962402 -12836 -351
1.3352410793304443 -12838 -352
1.3415377140045166 -12840 -353
1.3472094535827637 -12842 -354
1.3540239334106445 -12846 -354
1.360471487045288 -12848 -356
1.3667006492614746 -12850 -357
1.3734378814697266 -12852 -357
1.3791277408599854 -12854 -356
1.385411262512207 -12856 -356
1.391960620880127 -12858 -356
1.3973603248596191 -12860 -355
1.4041492938995361 -12863 -356
1.410522699356079 -12866 -355
1.417482614517212 -12868 -354
1.4242961406707764 -12870 -355
1.4298553466796875 -12872 -354
1.4363203048706055 -12874 -354
1.4428882598876953 -12877 -353
1.4484953880310059 -12879 -353
1.4548509120941162 -12881 -351
1.4622838497161865 -12883 -352
1.4679393768310547 -12886 -354
1.4744346141815186 -12887 -353
1.479996681213379 -12890 -356
1.486485481262207 -12892 -356
1.4931745529174805 -12894 -357
1.4988651275634766 -12897 -357
1.5051124095916748 -12899 -358
1.5127992630004883 -12902 -358
1.5183067321777344 -12904 -357
1.5246801376342773 -12906 -353
1.53025484085083 -12908 -354
1.5365147590637207 -12910 -354
1.5430865287780762 -12912 -353
1.54876708984375 -12914 -353
1.5551700592041016 -12916 -353
1.5627968311309814 -12919 -353
1.56831955909729 -12922 -355
1.5747339725494385 -12924 -355
1.5803003311157227 -12926 -355
1.5865347385406494 -12928 -355
1.5931992530822754 -12930 -354
1.5988762378692627 -12932 -356
1.6054551601409912 -12935 -356
1.6132104396820068 -12937 -355
1.6189217567443848 -12939 -354
1.6251730918884277 -12942 -358
1.6314895153045654 -12944 -356
1.6370625495910645 -12946 -356
1.6435041427612305 -12948 -354
1.6491780281066895 -12950 -354
1.6554596424102783 -12952 -352
1.6631221771240234 -12955 -352
1.6688156127929688 -12958 -351
1.679161548614502 -12960 -353
1.7002768516540527 -12968 -355
1.7067210674285889 -12971 -355
1.7144474983215332 -12972 -357
1.7200064659118652 -12976 -356
1.726288080215454 -12978 -355
1.733039140701294 -12980 -354
1.7386713027954102 -12982 -355
1.7451682090759277 -12984 -356
1.751488208770752 -12986 -353
1.7570698261260986 -12989 -355
1.7654199600219727 -12991 -355
1.7720091342926025 -12993 -354
1.7774572372436523 -12996 -355
1.7841553688049316 -12998 -353
1.7894768714904785 -13000 -352
1.796189546585083 -13002 -352
1.8027536869049072 -13004 -352
1.8083906173706055 -13006 -352
1.815526008605957 -13009 -354
1.8221497535705566 -13011 -354
1.827594518661499 -13014 -356
1.834338903427124 -13015 -358
1.8398523330688477 -13018 -358
1.8461744785308838 -13020 -358
1.8529448509216309 -13022 -356
1.8585777282714844 -13024 -353
1.8659579753875732 -13026 -355
1.8726537227630615 -13030 -353
1.8782436847686768 -13032 -353
1.884690284729004 -13034 -353
1.890277624130249 -13036 -354
1.8965375423431396 -13038 -354
1.9031047821044922 -13040 -354
1.9088315963745117 -13042 -354
1.9163315296173096 -13045 -354
1.9229097366333008 -13047 -353
1.9285495281219482 -13049 -354
1.9348514080047607 -13052 -355
1.940495252609253 -13054 -355
1.9467475414276123 -13056 -354
1.9533143043518066 -13058 -357
1.9590187072753906 -13060 -356
1.9663214683532715 -13063 -359
1.9730825424194336 -13065 -356
1.978837013244629 -13067 -357
1.9850826263427734 -13069 -354
1.9910001754760742 -13071 -353
1.9970612525939941 -13074 -353
2.0040547847747803 -13076 -351
2.009471893310547 -13078 -351
2.016657829284668 -13080 -353
2.0232367515563965 -13082 -352
2.0289785861968994 -13085 -354
2.0354220867156982 -13087 -354
2.0419862270355225 -13089 -355
2.0474295616149902 -13092 -354
2.054182767868042 -13093 -355
2.0595157146453857 -13096 -356
2.066007137298584 -13098 -355
2.0768096446990967 -13102 -357
2.0835676193237305 -13104 -355
2.089251756668091 -13107 -354
2.0960280895233154 -13108 -356
2.102705717086792 -13111 -355
2.108281135559082 -13113 -356
2.114699125289917 -13115 -356
2.1219375133514404 -13118 -354
2.127382516860962 -13120 -353
2.134288787841797 -13122 -352
2.1398544311523438 -13124 -351
2.1461341381073 -13126 -351
2.1527938842773438 -13129 -353
2.158323287963867 -13131 -354
2.1647846698760986 -13133 -356
2.1720545291900635 -13135 -357
2.177487373352051 -13138 -356
2.1841928958892822 -13140 -355
2.189523935317993 -13142 -356
2.1960082054138184 -13144 -356
2.202544689178467 -13146 -353
2.207995891571045 -13148 -355
2.214616298675537 -13151 -354
2.2219958305358887 -13153 -354
2.2274680137634277 -13156 -353
2.234165668487549 -13157 -354
2.239474296569824 -13160 -353
2.245959997177124 -13161 -353
2.252290725708008 -13164 -353
2.257997989654541 -13166 -354
2.2647058963775635 -13168 -351
2.272101879119873 -13170 -353
2.2779154777526855 -13174 -354
2.284438371658325 -13175 -353
2.290008544921875 -13178 -355
2.296300172805786 -13180 -357
2.3028292655944824 -13182 -356
2.3084356784820557 -13184 -356
2.3147964477539062 -13186 -355
2.322100877761841 -13188 -356
2.32755184173584 -13191 -356
2.3344414234161377 -13193 -353
2.3399910926818848 -13196 -353
2.3462910652160645 -13198 -352
2.3528597354888916 -13200 -353
2.3584532737731934 -13202 -353
2.3647613525390625 -13204 -354
2.3703179359436035 -13206 -353
2.37751841545105 -13209 -353
2.384258508682251 -13210 -354
2.3895602226257324 -13213 -355
2.396244764328003 -13215 -356
2.4028360843658447 -13218 -354
2.4084253311157227 -13220 -354
2.414774179458618 -13222 -355
2.4203217029571533 -13224 -355
2.427492141723633 -13227 -356
2.4342620372772217 -13228 -358
2.439568042755127 -13231 -357
2.4460387229919434 -13232 -355
2.4527153968811035 -13235 -355
2.458315372467041 -13237 -355
2.464700698852539 -13240 -354
2.4702792167663574 -13243 -352
2.4823005199432373 -13246 -352
2.488190174102783 -13248 -352
2.4947853088378906 -13250 -354
2.5003137588500977 -13252 -354
2.506716251373291 -13254 -356
2.513441562652588 -13256 -357
2.519158124923706 -13258 -357
2.526670455932617 -13262 -356
2.5332374572753906 -13264 -355
2.538972854614258 -13266 -356
2.545260190963745 -13268 -354
2.5515799522399902 -13270 -354
2.5572280883789062 -13272 -355
2.5636024475097656 -13274 -354
2.569387674331665 -13277 -355
2.576841354370117 -13279 -354
2.5834105014801025 -13281 -354
2.5890986919403076 -13284 -355
2.5953729152679443 -13286 -353
2.601954460144043 -13288 -353
2.607388973236084 -13290 -351
2.614048719406128 -13292 -353
2.619422435760498 -13294 -353
2.6259310245513916 -13297 -355
2.633451461791992 -13299 -355
2.6391499042510986 -13301 -357
2.6454830169677734 -13303 -360
2.6520962715148926 -13306 -358
2.657975912094116 -13308 -356
2.6644577980041504 -13310 -357
2.6700527667999268 -13312 -357
2.676306962966919 -13315 -353
2.6839516162872314 -13317 -352
2.6893653869628906 -13320 -354
2.696007013320923 -13321 -352
2.70255446434021 -13324 -353
2.708003282546997 -13326 -354
2.7145304679870605 -13328 -355
2.7201035022735596 -13330 -354
2.7263712882995605 -13332 -353
2.734135389328003 -13334 -354
2.7394607067108154 -13338 -354
2.7459869384765625 -13339 -353
2.752713680267334 -13342 -353
2.7584450244903564 -13344 -355
2.7654855251312256 -13346 -357
2.772073745727539 -13348 -355
2.7774970531463623 -13351 -357
2.7851526737213135 -13353 -358
2.791091203689575 -13355 -355
2.797030210494995 -13357 -355
2.803577184677124 -13360 -352
2.809243679046631 -13362 -351
2.8159103393554688 -13364 -351
2.822275400161743 -13366 -352
2.827943801879883 -13368 -352
2.8352184295654297 -13371 -352
2.8414971828460693 -13373 -354
2.8470876216888428 -13375 -354
2.8535521030426025 -13377 -355
2.8592770099639893 -13379 -355
2.865532875061035 -13382 -357
2.872110605239868 -13385 -354
2.8835554122924805 -13388 -355
2.8892438411712646 -13390 -356
2.8959314823150635 -13392 -354
2.9022634029388428 -13395 -355
2.908172369003296 -13397 -354
2.9148285388946533 -13399 -355
2.9203996658325195 -13401 -355
2.926612138748169 -13403 -355
2.934497594833374 -13406 -354
2.940063714981079 -13408 -352
2.9463186264038086 -13410 -352
2.952871084213257 -13412 -352
2.958484411239624 -13414 -353
2.964813709259033 -13417 -353
2.9703891277313232 -13419 -353
2.9766132831573486 -13421 -356
2.984398365020752 -13423 -358
2.9899203777313232 -13426 -358
2.9963300228118896 -13428 -357
