0 0 0
7.700920104980469e-05 0 0
0.014074087142944336 0 0
0.02060103416442871 -1 -6
0.026132583618164062 -2 -40
0.03255271911621094 -3 -32
0.03810381889343262 -5 -30
0.04437446594238281 -7 -278
0.05219244956970215 -9 -300
0.05773043632507324 -12 -379
0.06397724151611328 -14 -420
0.07071518898010254 -18 -471
0.07634902000427246 -22 -519
0.08267927169799805 -26 -551
0.08822894096374512 -30 -595
0.09441065788269043 -33 -632
0.10214567184448242 -38 -661
0.10772252082824707 -45 -709
0.11974930763244629 -51 -735
0.12537622451782227 -57 -761
0.13272738456726074 -62 -772
0.13827109336853027 -66 -788
0.14461874961853027 -71 -797
0.1523897647857666 -78 -810
0.15798044204711914 -83 -823
0.1642308235168457 -88 -836
0.17079687118530273 -93 -846
0.1763901710510254 -98 -854
0.18268942832946777 -104 -860
0.1882469654083252 -109 -865
0.194627046585083 -114 -871
0.2024998664855957 -121 -873
0.20810914039611816 -126 -879
0.21441078186035156 -132 -890
0.22096967697143555 -137 -894
0.22667455673217773 -142 -899
0.2329568862915039 -148 -898
0.2388753890991211 -153 -900
0.2448594570159912 -160 -903
0.2541062831878662 -168 -907
0.26067018508911133 -174 -912
0.2662692070007324 -179 -917
0.27264404296875 -184 -920
0.2781956195831299 -190 -920
0.284437894821167 -196 -920
0.29103636741638184 -201 -919
0.29671478271484375 -206 -921
0.30402588844299316 -214 -924
0.3109316825866699 -220 -926
0.3166804313659668 -225 -933
0.32292938232421875 -231 -932
0.3288393020629883 -236 -929
0.3350486755371094 -242 -927
0.34137725830078125 -248 -928
0.3470470905303955 -253 -929
0.35332417488098145 -260 -933
0.36083245277404785 -266 -934
0.3664071559906006 -272 -939
0.372877836227417 -278 -937
0.37842607498168945 -283 -934
0.384629487991333 -288 -931
0.3912312984466553 -294 -933
0.3969459533691406 -300 -936
0.40322399139404297 -308 -939
0.410844087600708 -313 -940
0.41648316383361816 -319 -940
0.4228649139404297 -324 -938
0.42840051651000977 -330 -936
0.4349503517150879 -336 -934
0.44135594367980957 -341 -936
0.4470515251159668 -347 -939
0.45331859588623047 -354 -941
0.4610011577606201 -360 -939
0.46672630310058594 -366 -941
0.4730229377746582 -371 -937
0.4793367385864258 -377 -937
0.484877347946167 -382 -938
0.49178624153137207 -388 -939
0.49716734886169434 -394 -942
0.5034315586090088 -401 -944
0.5108680725097656 -407 -942
0.516484260559082 -414 -936
0.5272965431213379 -424 -937
0.533984899520874 -428 -937
0.5406937599182129 -435 -940
0.5463361740112305 -441 -943
0.5529055595397949 -446 -943
0.5604972839355469 -454 -941
0.5660278797149658 -460 -936
0.5724830627441406 -465 -935
0.5780825614929199 -471 -937
0.5843820571899414 -476 -940
0.5911550521850586 -482 -941
0.5968396663665771 -488 -943
0.6030879020690918 -494 -938
0.6108777523040771 -501 -936
0.6165213584899902 -506 -936
0.6228196620941162 -512 -935
0.6283719539642334 -518 -941
0.6346015930175781 -524 -941
0.641223669052124 -529 -938
0.6469380855560303 -535 -939
0.6532034873962402 -540 -935
0.6607391834259033 -548 -934
0.6663498878479004 -554 -938
0.6728730201721191 -559 -940
0.678410530090332 -565 -944
0.6846342086791992 -570 -940
0.6912050247192383 -576 -936
0.6968920230865479 -582 -935
0.7031795978546143 -587 -936
0.7106015682220459 -595 -937
0.716163158416748 -600 -941
0.72273850440979 -606 -939
0.7283074855804443 -612 -941
0.7347345352172852 -617 -939
0.7412655353546143 -623 -935
0.746978759765625 -628 -934
0.7532658576965332 -634 -936
0.7598516941070557 -642 -942
0.7663981914520264 -647 -942
0.7727243900299072 -653 -939
0.7782609462738037 -658 -939
0.7845017910003662 -664 -937
0.7912375926971436 -670 -937
0.796959638595581 -676 -937
0.8032233715057373 -681 -942
0.8097844123840332 -688 -942
0.8164467811584473 -694 -941
0.8227622509002686 -700 -939
0.8283176422119141 -706 -937
0.8345344066619873 -711 -936
0.8411853313446045 -717 -937
0.8469130992889404 -722 -939
0.8533687591552734 -728 -941
0.8599898815155029 -736 -941
0.8666267395019531 -741 -936
0.8728702068328857 -747 -937
0.8784313201904297 -752 -936
0.884624719619751 -758 -937
0.891193151473999 -764 -935
0.897747278213501 -771 -938
0.9040191173553467 -775 -943
0.9107253551483154 -782 -940
0.9172990322113037 -792 -934
0.9277381896972656 -800 -936
0.934175968170166 -805 -938
0.9408869743347168 -810 -939
0.9464826583862305 -816 -940
0.9530344009399414 -822 -939
0.9593546390533447 -828 -941
0.9662344455718994 -835 -937
0.9727551937103271 -840 -934
0.978299617767334 -846 -937
0.9847135543823242 -852 -940
0.9912772178649902 -858 -942
0.9969851970672607 -863 -941
1.0032835006713867 -869 -940
1.0098209381103516 -874 -939
1.016519546508789 -882 -935
1.0228416919708252 -888 -937
1.0283849239349365 -893 -939
1.034893274307251 -899 -941
1.041323184967041 -904 -943
1.0470283031463623 -910 -942
1.0533018112182617 -916 -941
1.0598809719085693 -922 -937
1.0666100978851318 -929 -936
1.0728728771209717 -934 -936
1.078434944152832 -940 -939
1.0846331119537354 -946 -943
1.0913567543029785 -952 -944
1.0970425605773926 -957 -939
1.1033353805541992 -963 -938
1.1099352836608887 -968 -938
1.116804599761963 -976 -938
1.1230454444885254 -982 -937
1.1293225288391113 -987 -940
1.134901523590088 -993 -944
1.1413376331329346 -998 -942
1.1470208168029785 -1004 -940
1.1534619331359863 -1010 -938
1.160090446472168 -1016 -937
1.165747880935669 -1023 -940
1.1730084419250488 -1029 -943
1.1793200969696045 -1034 -943
1.184889554977417 -1040 -942
1.1913411617279053 -1046 -942
1.1970255374908447 -1051 -939
1.2032816410064697 -1057 -937
1.2098219394683838 -1062 -936
1.215399980545044 -1070 -939
1.2229173183441162 -1076 -940
1.2284574508666992 -1082 -944
1.2347054481506348 -1087 -943
1.2414124011993408 -1093 -940
1.2471189498901367 -1098 -939
1.2533905506134033 -1104 -937
1.259981632232666 -1110 -936
1.265392541885376 -1117 -943
1.2729132175445557 -1123 -944
1.2788445949554443 -1134 -939
1.2909979820251465 -1140 -938
1.298205852508545 -1147 -937
1.3053569793701172 -1155 -937
1.3134093284606934 -1160 -943
1.321899652481079 -1174 -939
1.3338253498077393 -1179 -939
1.3411941528320312 -1186 -937
1.349041223526001 -1194 -939
1.356339931488037 -1202 -941
1.3643763065338135 -1209 -943
1.3727679252624512 -1217 -939
1.3810210227966309 -1224 -938
1.3874549865722656 -1232 -935
1.3961551189422607 -1239 -940
1.404386043548584 -1247 -942
1.4119842052459717 -1254 -942
1.4179766178131104 -1260 -941
1.4253981113433838 -1268 -938
1.4321651458740234 -1271 -936
1.4374620914459229 -1279 -936
1.443932056427002 -1282 -939
1.450624704360962 -1290 -941
1.4561715126037598 -1296 -942
1.462958574295044 -1302 -942
1.469827651977539 -1309 -940
1.4764025211334229 -1314 -937
1.4827218055725098 -1320 -936
1.4882848262786865 -1326 -939
1.4945182800292969 -1332 -942
1.5014183521270752 -1337 -943
1.5070931911468506 -1343 -942
1.5137543678283691 -1348 -940
1.5201551914215088 -1356 -939
1.526895523071289 -1362 -937
1.5331826210021973 -1367 -939
1.5397560596466064 -1373 -941
1.5452251434326172 -1378 -942
1.5520005226135254 -1384 -942
1.5573272705078125 -1392 -939
1.5638201236724854 -1395 -937
1.5701501369476318 -1403 -936
1.577035903930664 -1408 -939
1.5833160877227783 -1414 -940
1.5899176597595215 -1420 -943
1.595381498336792 -1428 -945
1.6021592617034912 -1431 -940
1.607466697692871 -1438 -936
1.6139707565307617 -1442 -937
1.6205437183380127 -1450 -939
1.6270346641540527 -1456 -943
1.6337485313415527 -1461 -943
1.6401195526123047 -1467 -942
1.6457829475402832 -1474 -940
1.6522705554962158 -1478 -938
1.6578328609466553 -1486 -937
1.664139747619629 -1491 -940
1.6706984043121338 -1497 -942
1.6772348880767822 -1502 -944
1.6837315559387207 -1508 -940
1.6901085376739502 -1516 -937
1.69600510597229 -1521 -938
1.7024011611938477 -1527 -937
1.7079665660858154 -1533 -941
1.7142388820648193 -1538 -942
1.7208032608032227 -1548 -943
1.7320082187652588 -1554 -941
1.7373275756835938 -1561 -937
1.7440235614776611 -1564 -936
1.750884771347046 -1572 -941
1.7564959526062012 -1578 -943
1.7630393505096436 -1584 -944
1.769336462020874 -1589 -941
1.7749221324920654 -1596 -938
1.782501459121704 -1602 -940
1.7880849838256836 -1608 -941
1.7943623065948486 -1614 -943
1.8009231090545654 -1619 -943
1.8066201210021973 -1625 -942
1.8130199909210205 -1630 -941
1.8189561367034912 -1636 -939
1.8324317932128906 -1649 -937
1.8380842208862305 -1655 -937
1.8443446159362793 -1661 -943
1.8508968353271484 -1666 -943
1.8566176891326904 -1672 -942
1.862877368927002 -1678 -941
1.8684227466583252 -1683 -937
1.8749496936798096 -1691 -937
1.8825063705444336 -1696 -940
1.8881471157073975 -1702 -942
1.8946080207824707 -1710 -942
1.902250051498413 -1714 -941
1.907825231552124 -1721 -942
1.9140918254852295 -1726 -937
1.9206748008728027 -1732 -936
1.9263103008270264 -1738 -938
1.9333856105804443 -1744 -941
1.940016508102417 -1749 -945
1.9454472064971924 -1757 -941
1.9522294998168945 -1760 -939
1.9577813148498535 -1768 -939
1.9640188217163086 -1772 -937
1.9705774784088135 -1779 -937
1.9761624336242676 -1785 -939
1.9832985401153564 -1790 -943
1.989872694015503 -1796 -940
1.9957523345947266 -1804 -939
2.00225567817688 -1808 -938
2.007854461669922 -1815 -937
2.0141031742095947 -1820 -936
2.0208399295806885 -1826 -938
2.026472568511963 -1832 -942
2.033860445022583 -1838 -943
2.0403926372528076 -1845 -941
2.0458426475524902 -1850 -937
2.052525758743286 -1856 -937
2.0581419467926025 -1862 -939
2.064411163330078 -1868 -941
2.070967197418213 -1873 -939
2.0766844749450684 -1879 -943
2.0838940143585205 -1884 -943
2.0904576778411865 -1892 -939
2.096010446548462 -1898 -935
2.102426052093506 -1903 -936
2.107983350753784 -1909 -940
2.114450216293335 -1914 -943
2.121060848236084 -1920 -940
2.131432294845581 -1932 -940
2.138184070587158 -1937 -938
2.14459228515625 -1943 -940
2.151458501815796 -1948 -940
2.1571247577667236 -1954 -942
2.1633567810058594 -1960 -943
2.1699767112731934 -1965 -940
2.17584228515625 -1973 -938
2.1823337078094482 -1978 -937
2.1894619464874268 -1984 -938
2.1951820850372314 -1990 -941
2.201859474182129 -1996 -941
2.207303762435913 -2003 -944
2.213810920715332 -2007 -943
2.2203474044799805 -2014 -938
2.225841522216797 -2020 -937
2.2325363159179688 -2026 -941
2.239884376525879 -2031 -939
2.245317220687866 -2038 -938
2.2520644664764404 -2042 -939
2.2573699951171875 -2050 -941
2.2638955116271973 -2054 -941
2.2704172134399414 -2061 -941
2.275892972946167 -2067 -938
2.282548189163208 -2072 -937
2.2899723052978516 -2078 -940
2.2958106994628906 -2086 -938
2.302302837371826 -2090 -937
2.3079018592834473 -2097 -940
2.314161777496338 -2102 -942
2.320737361907959 -2108 -939
2.326364517211914 -2114 -938
2.3326950073242188 -2120 -939
2.3401198387145996 -2125 -940
2.3458027839660645 -2132 -940
2.352512836456299 -2138 -937
2.358086585998535 -2144 -938
2.3643879890441895 -2150 -941
2.370988130569458 -2155 -941
2.3767030239105225 -2161 -941
2.382908821105957 -2166 -936
2.390437602996826 -2174 -937
2.395916223526001 -2180 -939
2.4024205207824707 -2185 -941
2.408010482788086 -2191 -943
2.4144270420074463 -2196 -941
2.4210355281829834 -2202 -939
2.4267141819000244 -2208 -935
2.4329559803009033 -2214 -936
2.44443678855896 -2225 -941
2.452378749847412 -2232 -942
2.4599759578704834 -2240 -940
2.469844102859497 -2247 -935
2.476104497909546 -2255 -937
2.482516050338745 -2260 -938
2.4897310733795166 -2266 -943
2.4951937198638916 -2272 -942
2.5018739700317383 -2277 -941
2.5072648525238037 -2283 -940
2.5137641429901123 -2288 -936
2.5201478004455566 -2294 -937
2.5258312225341797 -2306 -938
2.536090612411499 -2313 -943
2.5437979698181152 -2317 -940
2.5504841804504395 -2324 -937
2.5560405254364014 -2330 -937
2.562492847442627 -2336 -935
2.568058490753174 -2341 -939
2.5743179321289062 -2347 -941
2.580845832824707 -2352 -942
2.5864274501800537 -2360 -939
2.593860149383545 -2364 -941
2.6004016399383545 -2371 -935
2.6058599948883057 -2377 -933
2.612344980239868 -2382 -937
2.6178998947143555 -2388 -941
2.624176502227783 -2394 -942
2.6307220458984375 -2400 -939
2.6363577842712402 -2405 -937
2.643446445465088 -2410 -935
2.6500768661499023 -2418 -936
2.6560192108154297 -2424 -938
2.6624159812927246 -2430 -937
2.667964220046997 -2435 -939
2.674417734146118 -2441 -937
2.6809897422790527 -2446 -936
2.686716318130493 -2452 -934
2.6940720081329346 -2460 -938
2.7006592750549316 -2465 -940
2.706282377243042 -2471 -938
2.7128145694732666 -2476 -939
2.7183375358581543 -2482 -936
2.7245829105377197 -2488 -936
2.731175661087036 -2493 -939
2.736867666244507 -2499 -939
2.744192123413086 -2506 -939
2.7507457733154297 -2512 -938
2.7563679218292236 -2518 -936
2.762686252593994 -2523 -933
2.7682688236236572 -2529 -934
2.774679660797119 -2534 -936
2.781259536743164 -2540 -936
2.786989450454712 -2546 -939
2.7942986488342285 -2553 -937
2.801032066345215 -2559 -938
2.8067429065704346 -2564 -934
2.812985420227051 -2570 -934
2.8189311027526855 -2576 -936
2.8248584270477295 -2582 -939
2.8317794799804688 -2587 -941
2.837167263031006 -2592 -937
2.843397378921509 -2600 -936
2.850860357284546 -2606 -938
2.8565120697021484 -2611 -934
2.86283016204834 -2617 -934
2.8683578968048096 -2622 -937
2.8745946884155273 -2628 -941
2.881134510040283 -2634 -941
2.886848211288452 -2640 -940
2.8932559490203857 -2647 -937
2.9018146991729736 -2652 -935
2.9071929454803467 -2658 -936
2.9137375354766846 -2664 -935
2.9201176166534424 -2670 -940
2.9257891178131104 -2679 -942
2.9363913536071777 -2686 -937
2.9428868293762207 -2692 -936
2.9506561756134033 -2700 -934
2.9563024044036865 -2705 -936
2.9627766609191895 -2711 -939
2.9683659076690674 -2716 -940
2.9745919704437256 -2722 -942
2.9811716079711914 -2728 -939
2.986860990524292 -2733 -937
2.9931278228759766 -2741 -933
