0 0 0
8.368492126464844e-05 -14221 0
0.007985591888427734 -14221 -3
0.014443397521972656 -14221 -3
0.021181821823120117 -14222 -7
0.028399229049682617 -14222 -7
0.035134315490722656 -14222 -16
0.0425562858581543 -14223 -44
0.04813027381896973 -14224 -71
0.05846381187438965 -14224 -91
0.06494140625 -14225 -69
0.07187652587890625 -14226 -85
0.07722282409667969 -14227 -108
0.08388423919677734 -14227 -115
0.09137773513793945 -14228 -123
0.09705734252929688 -14229 -128
0.10346627235412598 -14230 -130
0.1101069450378418 -14231 -137
0.11548876762390137 -14232 -139
0.12225556373596191 -14232 -142
0.12777090072631836 -14234 -145
0.1340498924255371 -14234 -148
0.14139986038208008 -14236 -148
0.1470954418182373 -14236 -152
0.15349435806274414 -14238 -153
0.16006803512573242 -14238 -155
0.1657397747039795 -14240 -155
0.1722722053527832 -14240 -155
0.1777641773223877 -14242 -156
0.18401432037353516 -14242 -157
0.19050264358520508 -14244 -159
0.19699501991271973 -14244 -158
0.20327091217041016 -14245 -159
0.20981502532958984 -14246 -160
0.21542143821716309 -14248 -158
0.2221660614013672 -14248 -160
0.22774028778076172 -14250 -160
0.23417377471923828 -14250 -160
0.24074578285217285 -14252 -161
0.24722909927368164 -14252 -161
0.25345540046691895 -14253 -161
0.26006174087524414 -14254 -161
0.2654590606689453 -14256 -161
0.27236342430114746 -14256 -161
0.27791857719421387 -14258 -163
0.2841920852661133 -14258 -165
0.29076170921325684 -14260 -164
0.2973041534423828 -14260 -165
0.30380702018737793 -14262 -165
0.31014132499694824 -14262 -164
0.3158144950866699 -14264 -164
0.32229161262512207 -14264 -164
0.3278319835662842 -14266 -164
0.3342092037200928 -14267 -165
0.3407723903656006 -14268 -166
0.3472714424133301 -14269 -165
0.35375189781188965 -14270 -164
0.36011624336242676 -14271 -165
0.365952730178833 -14272 -164
0.3724970817565918 -14273 -163
0.3780326843261719 -14274 -164
0.3843057155609131 -14275 -163
0.39099740982055664 -14276 -164
0.3973724842071533 -14277 -163
0.40387630462646484 -14278 -162
0.41037845611572266 -14279 -162
0.41587018966674805 -14280 -162
0.4223520755767822 -14281 -163
0.42794203758239746 -14282 -164
0.4342000484466553 -14283 -164
0.4407470226287842 -14284 -163
0.4472506046295166 -14286 -162
0.4578423500061035 -14287 -162
0.46430230140686035 -14288 -163
0.4710078239440918 -14289 -163
0.4766879081726074 -14290 -164
0.4830658435821533 -14291 -163
0.4889862537384033 -14292 -162
0.4962732791900635 -14294 -163
0.5026435852050781 -14294 -162
0.5081701278686523 -14295 -163
0.5146002769470215 -14296 -165
0.5211381912231445 -14297 -163
0.5268697738647461 -14298 -165
0.5331110954284668 -14299 -163
0.5394210815429688 -14300 -163
0.5450856685638428 -14302 -165
0.5526304244995117 -14302 -162
0.5581974983215332 -14304 -165
0.5644433498382568 -14304 -164
0.5711996555328369 -14306 -165
0.5768852233886719 -14306 -164
0.5831143856048584 -14308 -165
0.5894057750701904 -14308 -165
0.5949852466583252 -14310 -164
0.602557897567749 -14311 -166
0.6081457138061523 -14312 -165
0.614382266998291 -14313 -166
0.6210920810699463 -14314 -165
0.6268041133880615 -14315 -163
0.6332395076751709 -14316 -163
0.6397695541381836 -14317 -162
0.6452193260192871 -14318 -163
0.6527187824249268 -14319 -164
0.658311128616333 -14320 -163
0.6645493507385254 -14321 -162
0.6711082458496094 -14322 -162
0.6768431663513184 -14323 -162
0.683091402053833 -14324 -162
0.6893908977508545 -14325 -162
0.6952342987060547 -14326 -162
0.702711820602417 -14327 -162
0.7082197666168213 -14328 -163
0.7144775390625 -14330 -162
0.7220892906188965 -14330 -162
0.727391242980957 -14332 -162
0.7338488101959229 -14332 -163
0.7401843070983887 -14333 -164
0.7459301948547363 -14334 -164
0.7531757354736328 -14336 -165
0.7597639560699463 -14336 -162
0.7651691436767578 -14337 -164
0.7718205451965332 -14338 -163
0.777209997177124 -14339 -164
0.7834391593933105 -14340 -165
0.7900223731994629 -14341 -165
0.7954716682434082 -14342 -165
0.8029506206512451 -14344 -164
0.8084886074066162 -14344 -163
0.8151407241821289 -14346 -162
0.8214843273162842 -14346 -163
0.8272464275360107 -14348 -163
0.8337643146514893 -14348 -165
0.8401291370391846 -14350 -165
0.8457999229431152 -14351 -164
0.8530831336975098 -14352 -163
0.8633568286895752 -14354 -163
0.8699219226837158 -14354 -163
0.8758604526519775 -14356 -163
0.8825840950012207 -14357 -164
0.8881547451019287 -14358 -164
0.8944196701049805 -14359 -164
0.9010820388793945 -14360 -164
0.9074902534484863 -14361 -163
0.9140105247497559 -14362 -164
0.9205574989318848 -14363 -163
0.9260799884796143 -14364 -163
0.9326715469360352 -14365 -163
0.9381818771362305 -14366 -164
0.9444484710693359 -14367 -161
0.9510154724121094 -14368 -161
0.9574992656707764 -14369 -161
0.9639954566955566 -14370 -162
0.9705262184143066 -14371 -163
0.9760689735412598 -14372 -163
0.9825239181518555 -14373 -164
0.98805832862854 -14374 -162
0.9944448471069336 -14375 -162
1.0010144710540771 -14376 -162
1.0077383518218994 -14377 -163
1.014169692993164 -14378 -166
1.0207159519195557 -14379 -165
1.02630615234375 -14380 -166
1.0326476097106934 -14381 -166
1.0381450653076172 -14382 -164
1.0443789958953857 -14383 -165
1.0510461330413818 -14384 -163
1.0577740669250488 -14386 -164
1.064030647277832 -14386 -165
1.0705540180206299 -14388 -165
1.0760743618011475 -14388 -165
1.0825319290161133 -14390 -163
1.0881428718566895 -14390 -164
1.0943706035614014 -14392 -162
1.100888967514038 -14392 -163
1.107351303100586 -14394 -163
1.1139893531799316 -14394 -164
1.1205463409423828 -14396 -163
1.1260881423950195 -14397 -162
1.1325099468231201 -14398 -162
1.138037919998169 -14399 -162
1.144451379776001 -14400 -162
1.1510164737701416 -14400 -163
1.1574959754943848 -14402 -162
1.1640191078186035 -14402 -163
1.1706607341766357 -14404 -163
1.1761932373046875 -14405 -163
1.1825761795043945 -14406 -163
1.188138723373413 -14407 -162
1.1943695545196533 -14408 -163
1.2009005546569824 -14409 -163
1.2073276042938232 -14410 -164
1.2138307094573975 -14411 -164
1.2201616764068604 -14412 -164
1.225811243057251 -14413 -163
1.232501745223999 -14414 -163
1.2380404472351074 -14415 -162
1.2442712783813477 -14416 -165
1.2507672309875488 -14417 -163
1.2618801593780518 -14418 -164
1.2672643661499023 -14420 -164
1.274035930633545 -14420 -164
1.2807691097259521 -14422 -163
1.286412000656128 -14423 -163
1.2929444313049316 -14424 -164
1.2984623908996582 -14425 -164
1.3046691417694092 -14426 -166
1.312330722808838 -14427 -166
1.31791090965271 -14428 -163
1.3241510391235352 -14429 -162
1.3306801319122314 -14430 -162
1.336270809173584 -14431 -166
1.342663288116455 -14432 -166
1.3481552600860596 -14433 -165
1.3545186519622803 -14434 -163
1.36212158203125 -14435 -162
1.3673975467681885 -14436 -162
1.3738887310028076 -14437 -161
1.380180835723877 -14438 -163
1.3858191967010498 -14439 -163
1.3922755718231201 -14440 -161
1.3977775573730469 -14441 -162
1.4041876792907715 -14442 -161
1.4127001762390137 -14444 -162
1.4182405471801758 -14444 -161
1.4245071411132812 -14446 -162
1.4310812950134277 -14446 -163
1.4367399215698242 -14447 -163
1.4429826736450195 -14448 -164
1.4488601684570312 -14449 -162
1.4547529220581055 -14450 -163
1.4624414443969727 -14452 -162
1.4679975509643555 -14452 -163
1.4744272232055664 -14454 -166
1.4810185432434082 -14454 -165
1.4867377281188965 -14456 -166
1.4929397106170654 -14456 -164
1.4984686374664307 -14458 -162
1.5046443939208984 -14458 -165
1.511181354522705 -14460 -163
1.5178613662719727 -14461 -165
1.5240991115570068 -14462 -165
1.5308408737182617 -14463 -164
1.5364086627960205 -14464 -165
1.5427367687225342 -14465 -163
1.5482909679412842 -14466 -163
1.5544772148132324 -14467 -162
1.5610160827636719 -14468 -162
1.5674958229064941 -14469 -164
1.5739963054656982 -14470 -164
1.5804994106292725 -14471 -165
1.58591628074646 -14472 -164
1.592524528503418 -14473 -163
1.598036289215088 -14474 -163
1.6042978763580322 -14475 -161
1.6108219623565674 -14476 -164
1.617349624633789 -14477 -164
1.6238212585449219 -14478 -163
1.6301608085632324 -14479 -164
1.6358036994934082 -14480 -163
1.6425657272338867 -14481 -162
1.6481258869171143 -14482 -162
1.654505968093872 -14484 -163
1.6659038066864014 -14485 -163
1.6725623607635498 -14486 -164
1.6781246662139893 -14487 -162
1.6984632015228271 -14490 -162
1.7047040462493896 -14491 -164
1.7114489078521729 -14492 -163
1.7199079990386963 -14494 -163
1.7253525257110596 -14495 -163
1.7320973873138428 -14496 -163
1.7373976707458496 -14497 -162
1.7439031600952148 -14498 -164
1.7503900527954102 -14498 -164
1.7558989524841309 -14500 -164
1.762415885925293 -14501 -165
1.7697937488555908 -14502 -164
1.7754263877868652 -14503 -165
1.7821481227874756 -14504 -165
1.7874500751495361 -14505 -163
1.794081449508667 -14506 -165
1.8006336688995361 -14507 -164
1.8062691688537598 -14508 -165
1.8126323223114014 -14509 -165
1.8200316429138184 -14510 -163
1.825458288192749 -14511 -163
1.8323938846588135 -14512 -162
1.8379371166229248 -14513 -161
1.8441994190216064 -14514 -162
1.8507585525512695 -14515 -162
1.856414794921875 -14516 -162
1.8627550601959229 -14517 -161
1.8701200485229492 -14518 -162
1.8757317066192627 -14520 -161
1.882246732711792 -14520 -162
1.887777328491211 -14522 -163
1.894202709197998 -14522 -163
1.9007458686828613 -14523 -164
1.9063644409179688 -14524 -162
1.9126768112182617 -14525 -162
1.9198949337005615 -14526 -162
1.9257268905639648 -14528 -163
1.9322402477264404 -14528 -164
1.9377565383911133 -14530 -164
1.9440624713897705 -14530 -165
1.9507794380187988 -14532 -163
1.9563963413238525 -14532 -162
1.9627318382263184 -14534 -163
1.9700093269348145 -14534 -163
1.975475788116455 -14536 -163
1.9821977615356445 -14536 -165
1.9874672889709473 -14538 -162
1.9939954280853271 -14538 -163
2.000554323196411 -14540 -163
2.0060908794403076 -14541 -164
2.012665033340454 -14542 -164
2.0181775093078613 -14543 -164
2.0254223346710205 -14544 -165
2.0321953296661377 -14545 -164
2.0374977588653564 -14546 -165
2.043999195098877 -14546 -164
2.050680160522461 -14548 -162
2.0561811923980713 -14549 -162
2.06632399559021 -14551 -163
2.073897123336792 -14552 -166
2.0805559158325195 -14553 -163
2.086125612258911 -14554 -165
2.0926671028137207 -14555 -163
2.098196506500244 -14556 -162
2.104435443878174 -14557 -162
2.110996723175049 -14558 -161
2.1166906356811523 -14559 -163
2.124007225036621 -14560 -162
2.130680561065674 -14561 -162
2.136183738708496 -14562 -160
2.142571210861206 -14563 -161
2.148128032684326 -14564 -161
2.154374122619629 -14565 -161
2.160893678665161 -14566 -161
2.1664493083953857 -14567 -162
2.173799514770508 -14568 -162
2.1801483631134033 -14569 -163
2.1860597133636475 -14570 -162
2.192631483078003 -14571 -164
2.1982545852661133 -14572 -163
2.2045371532440186 -14573 -164
2.2111032009124756 -14574 -165
2.216780424118042 -14575 -166
2.223984956741333 -14576 -164
2.230597734451294 -14577 -164
2.23614239692688 -14578 -165
2.2425220012664795 -14579 -163
2.248056173324585 -14580 -165
2.254434585571289 -14581 -165
2.2610292434692383 -14582 -164
2.266716718673706 -14583 -164
2.272942304611206 -14584 -162
2.280381202697754 -14585 -162
2.285875082015991 -14586 -161
2.2923364639282227 -14587 -162
2.297875165939331 -14588 -164
2.304149866104126 -14589 -164
2.3108673095703125 -14590 -163
2.316523790359497 -14592 -163
2.3228578567504883 -14592 -161
2.330463409423828 -14594 -162
2.3358919620513916 -14595 -163
2.342414379119873 -14596 -163
2.3479831218719482 -14597 -164
2.354212999343872 -14598 -163
2.360762119293213 -14598 -164
2.3663628101348877 -14600 -162
2.372913360595703 -14600 -162
2.380405902862549 -14602 -163
2.3858704566955566 -14603 -162
2.3923308849334717 -14604 -164
2.3978776931762695 -14605 -163
2.404167652130127 -14606 -163
2.4107425212860107 -14607 -162
2.416318416595459 -14608 -161
2.422633409500122 -14609 -161
2.4299755096435547 -14610 -162
2.435814619064331 -14611 -164
2.442437171936035 -14612 -164
2.4479706287384033 -14613 -165
2.4541988372802734 -14614 -162
2.4632022380828857 -14616 -164
2.4711906909942627 -14616 -163
2.477818489074707 -14618 -162
2.4842331409454346 -14619 -164
2.4910430908203125 -14620 -164
2.496741533279419 -14621 -166
2.5029776096343994 -14622 -165
2.5088717937469482 -14623 -163
2.51472544670105 -14624 -164
2.5212740898132324 -14625 -164
2.5269641876220703 -14626 -164
2.534231185913086 -14627 -164
2.540776491165161 -14628 -164
2.546412706375122 -14629 -163
2.5529043674468994 -14630 -161
2.5584328174591064 -14631 -162
2.5646584033966064 -14632 -162
2.5714006423950195 -14633 -161
2.5770955085754395 -14634 -163
2.5843594074249268 -14635 -163
2.590864896774292 -14636 -163
2.596426486968994 -14637 -161
2.602766990661621 -14638 -161
2.6082897186279297 -14639 -161
2.6147425174713135 -14640 -162
2.621277332305908 -14641 -164
2.626938819885254 -14642 -163
2.6341168880462646 -14643 -164
2.6406843662261963 -14644 -164
2.646270990371704 -14645 -161
2.652583122253418 -14646 -163
2.6581737995147705 -14647 -162
2.664393901824951 -14648 -163
2.6710619926452637 -14649 -165
2.6767234802246094 -14650 -164
2.683922529220581 -14651 -165
2.6904327869415283 -14652 -163
2.6958653926849365 -14654 -162
2.702526569366455 -14654 -164
2.708049774169922 -14656 -162
2.714264154434204 -14656 -163
2.7214956283569336 -14658 -164
2.7271316051483154 -14659 -164
2.7346227169036865 -14660 -164
2.741179943084717 -14661 -165
2.7468836307525635 -14662 -163
2.753122091293335 -14663 -163
2.7594165802001953 -14664 -163
2.7649974822998047 -14665 -163
2.7714388370513916 -14666 -165
2.7771646976470947 -14667 -164
2.7843711376190186 -14668 -162
2.7910280227661133 -14669 -163
2.796743869781494 -14670 -163
2.802985906600952 -14671 -164
2.8084936141967773 -14672 -163
2.8147337436676025 -14673 -165
2.821274757385254 -14674 -164
2.827005624771118 -14675 -162
2.8345022201538086 -14676 -162
2.841113805770874 -14677 -162
2.846836566925049 -14678 -162
2.8532443046569824 -14679 -163
2.859825372695923 -14681 -162
2.8700528144836426 -14682 -162
2.8758432865142822 -14683 -162
2.8825113773345947 -14684 -160
2.88991379737854 -14685 -162
2.895472526550293 -14686 -162
2.9021944999694824 -14687 -163
2.907503604888916 -14688 -162
2.914158344268799 -14689 -164
2.920748710632324 -14690 -164
2.9263181686401367 -14691 -164
2.9326376914978027 -14692 -164
2.9400925636291504 -14693 -165
2.9457311630249023 -14694 -166
2.9522266387939453 -14695 -165
2.9577505588531494 -14696 -165
2.964186429977417 -14698 -165
2.9708945751190186 -14698 -163
2.9765536785125732 -14700 -164
2.982908010482788 -14700 -164
2.990504026412964 -14702 -164
2.9959371089935303 -14703 -164
