0.02706289291381836, 0.0, 0.0, 3.0, 0.0, 3, 0, 0.0, 3.0, -90, 2.55, 45, 0.536, -45, 0.905, 90, 2.043, 

0.16187667846679688, 0.006326252738481506, -8.313254049027092e-05, 3.0, 0.0, 3, 0, 0.01457217983886842, 2.9936737484157896, -90, 0.825, 45, 0.536, -45, 0.905, 90, 2.043, 

0.24076557159423828, 0.02028410210848344, -0.0004486316893676668, 3.0, 0.0, 3, 0, 0.026330500679556158, 2.979715931664936, -90, 0.825, 45, 0.34, -45, 0.905, 90, 0.38900000000000007, 

0.3057861328125, 0.03729878991854534, -0.0007088114070508272, 3.0, 0.0, 3, 0, 0.008965891240570815, 2.962701294871241, -90, 0.48300000000000004, 45, 0.51, -45, 0.72, 90, 0.38900000000000007, 

0.3733203411102295, 0.056276441520581776, -0.0004130985605330439, 2.9998876368789484, 0.025145309778748518, 3, 0, -0.014588603611063069, 2.94372215089603, -90, 0.452, 45, 0.491, -45, 0.645, 90, 0.38900000000000007, 

0.44960737228393555, 0.07393526652528441, 0.0002549966471332642, 2.997902488390614, 0.11087891912110143, 3, 0, 6.938893903907228e-18, 2.9260591188091842, -90, 0.49800000000000005, 45, 0.48100000000000004, -45, 0.355, 90, 0.457, 

0.5253596305847168, 0.08963629661912685, 0.0007194686109708053, 3.0, 0.0, 3, 0, -0.02642714795019111, 2.910363792310493, -90, 0.685, 45, 0.455, -45, 0.355, 90, 0.546, 

0.608851432800293, 0.11101524898859709, 0.0008705018543939458, 2.9996936073516864, 0.04304752125506324, 3, 0, 0.017508646201966904, 2.888986251099302, -90, 0.366, 45, 0.45400000000000007, -45, 0.562, 90, 0.51, 

0.6879332065582275, 0.1271529048602263, 0.00040983244825412127, 2.9990133719565857, -0.07475439048560457, 3, 0, 0.005831018274026729, 2.87284392247128, -90, 0.43300000000000005, 45, 0.42700000000000005, -45, 0.5990000000000001, 90, 0.51, 

0.754626989364624, 0.14263868150732278, 6.336222274909483e-05, 3.0, 0.0, 3, 0, 0.017431117437524152, 2.857361319195208, -90, 0.681, 45, 0.41200000000000003, -45, 0.601, 90, 0.51, 

0.8256433010101318, 0.15987333621163982, 8.684249283867897e-05, 3.0, 0.0, 3, 0, -0.008757223238780023, 2.8401266651160504, -90, 0.681, 45, 0.397, -45, 0.5880000000000001, 90, 0.364, 

0.9105167388916016, 0.17928553139264353, 0.0005081964018980312, 2.999413422621454, 0.05791404582512261, 3, 0, -0.002918106483541384, 2.8207121005935116, -90, 0.653, 45, 0.38, -45, 0.7060000000000001, 90, 0.385, 

0.9938328266143799, 0.19695403558180458, 0.0008273914515009794, 3.0, 0.0, 3, 0, -0.014839586266281311, 2.803046086531177, -90, 0.233, 45, 0.37200000000000005, -45, 0.446, 90, 2.55, 

1.0697906017303467, 0.2161515128324258, 0.0010050795407398367, 3.0, 0.0, 3, 0, -0.0032699216697026946, 2.783848668604325, -90, 0.8330000000000001, 45, 0.336, -45, 0.504, 90, 2.55, 

1.162700891494751, 0.23491026728779368, 0.0006560645846383252, 3.0, 0.0, 3, 0, 0.025942671770253303, 2.7650898105434476, -90, 0.8330000000000001, 45, 0.32800000000000007, -45, 0.496, 90, 0.397, 

1.2298946380615234, 0.24952123264164963, 0.0002360078773901265, 3.0, 0.0, 3, 0, 0.023185250585749585, 2.750478777483809, -90, 0.8330000000000001, 45, 0.321, -45, 0.259, 90, 0.491, 

1.293649435043335, 0.26544694947964703, 0.00024171900562730276, 3.0, 0.0, 3, 0, -0.00881504059737603, 2.7345530612036484, -90, 0.7440000000000001, 45, 0.303, -45, 0.455, 90, 0.321, 

1.3596811294555664, 0.2828872772050526, 0.0009066282563850116, 2.138834706567387, 1.9889554862997236, 3, 0, 0.776117062482747, 2.7197204125652474, -90, 0.7440000000000001, 45, 0.28900000000000003, -45, 0.42800000000000005, 90, 0.326, 

1.4374942779541016, 0.2994328549622946, 0.0019624643752479305, 2.1040904821344695, 2.0136441327643673, 3, 0, 0.7610519898018473, 2.702527018596398, -90, 0.617, 45, 0.28, -45, 0.42, 90, 0.326, 

1.509002447128296, 0.31364690810277196, 0.004228509613294351, 1.940344159241958, 2.143956870965527, 3, 0, 0.7316993433552162, 2.687858144924857, -90, 1.5930000000000002, 45, 0.22700000000000004, -45, 0.425, 90, 0.338, 

1.5799574851989746, 0.32788205885681404, 0.008380968443261872, 1.6742043741138162, 2.318135021987065, 3, 0, 0.7259878761908451, 2.673489772641931, -90, 1.5930000000000002, 45, 0.278, -45, 0.403, 90, 0.338, 

1.6458868980407715, 0.34236492417667386, 0.014980481966326571, 1.3551950928260539, 2.4732155251070527, 3, 0, 0.7145540001681525, 2.658711055728211, -90, 0.9520000000000001, 45, 0.20900000000000002, -45, 0.792, 90, 0.259, 

1.7228200435638428, 0.35609404893983276, 0.023869783436539425, 2.6096136268350008, 1.404352273864589, 3, 0, -0.058331242640237035, 2.64274145431127, -90, 0.982, 45, 0.326, -45, 1.464, 90, 0.23700000000000002, 

1.8007910251617432, 0.370039499319506, 0.03541898027676217, 2.4079856384512373, 1.6953648865813173, 3, 0, -0.020417944399500176, 2.6284301166017676, -90, 1.345, 45, 0.298, -45, 0.6890000000000001, 90, 0.225, 

1.8716623783111572, 0.38107089050822035, 0.044328346122186904, 2.4010459668287947, 1.7096515112753279, 3, 0, 0.023325352079014317, 2.6179382256562103, -90, 0.393, 45, 0.28200000000000003, -45, 0.6890000000000001, 90, 0.225, 

1.943009376525879, 0.3931338293188962, 0.05296315729983162, 2.5013777603236536, 1.584821459465027, 3, 0, 0.01458459009144153, 2.6060088891887587, -90, 1.308, 45, 0.259, -45, 0.6890000000000001, 90, 0.229, 

2.0213592052459717, 0.4065917335682007, 0.06264755226854683, 2.5216227222608363, 1.5618771565559237, 3, 0, -0.014589695133503833, 2.5924979246861186, -90, 0.42800000000000005, 45, 0.24900000000000003, -45, 0.5880000000000001, 90, 0.22700000000000004, 

2.0988855361938477, 0.42339181009664273, 0.07551550701055382, 2.475430137934833, 1.6310851595763307, 3, 0, -0.008767310588729371, 2.5750064549240586, -90, 0.491, 45, 0.23700000000000002, -45, 0.561, 90, 0.20900000000000002, 

2.193758487701416, 0.43891947382616764, 0.08717273729006506, 3.0, 0.0, 3, 0, -0.6710695253395416, 2.562563667047802, -90, 0.7560000000000001, 45, 0.21700000000000003, -45, 1.3430000000000002, 90, 0.203, 

2.27805233001709, 0.4558050971439929, 0.09841073255431225, 2.544248595498393, 1.5522318155004895, 3, 0, 0.049616276759794076, 2.5446398540928263, -90, 0.7560000000000001, 45, 0.191, -45, 1.3430000000000002, 90, 0.198, 

2.357069730758667, 0.4700422737748729, 0.10602174161197508, 1.1846137911774912, 2.5365579460035925, 3, 0, 0.8019810625656161, 2.5334006186036766, -90, 0.33399999999999996, 45, 0.191, -45, 0.6410000000000001, 90, 0.20900000000000002, 

2.4315474033355713, 0.4820158638454951, 0.11276690627337643, 1.187432343528371, 2.5331717553185906, 3, 0, 0.7548804910028394, 2.5211053216971653, -90, 1.6160000000000003, 45, 0.175, -45, 0.544, 90, 0.199, 

2.5035650730133057, 0.4921430563962994, 0.11997573711476216, 0.9607730753765373, 2.586685235346065, 3, 0, 0.7314623163750039, 2.5108305086871043, -90, 2.185, 45, 0.17300000000000001, -45, 1.225, 90, 0.18400000000000002, 

2.581523895263672, 0.5039631581951269, 0.1315903920317006, 0.5936962575180124, 2.6287305948648503, 3, 0, 0.7203904519205022, 2.4987519328095926, -90, 1.362, 45, 0.17300000000000001, -45, 1.1580000000000001, 90, 0.175, 

2.6512763500213623, 0.5135154476955089, 0.1440527004782356, 2.073627679262747, 2.0815351810514375, 3, 0, -0.05541894927323243, 2.487526590333015, -90, 0.977, 45, 0.17300000000000001, -45, 1.1580000000000001, 90, 0.157, 

2.7247116565704346, 0.522153296165189, 0.158459294119001, 1.8175932300799875, 2.2721142298095183, 3, 0, -0.023336584936102245, 2.4790526032236717, -90, 0.322, 45, 0.355, -45, 0.49800000000000005, 90, 0.139, 

2.7977302074432373, 0.5298955362639517, 0.171112914629425, 1.7969414352011726, 2.294110384890469, 3, 0, 0.023336762536201094, 2.4723518294830984, -90, 0.632, 45, 0.925, -45, 0.74, 90, 0.14700000000000002, 

2.871624231338501, 0.5386515313312459, 0.18362441000087135, 1.934524557399356, 2.214860822316779, 3, 0, 0.017505818061070877, 2.4646263139921523, -90, 0.992, 45, 0.326, -45, 0.41100000000000003, 90, 0.154, 

2.948028326034546, 0.5481262469688866, 0.19723094173643116, 1.9626730774203283, 2.204799002256761, 3, 0, -0.01167273852260331, 2.455864868668791, -90, 1.1480000000000001, 45, 0.326, -45, 0.857, 90, 0.137, 

3.025862216949463, 0.557874916112912, 0.2122309236973471, 1.8966946205164192, 2.2606784970126337, 3, 0, -0.0058364357835881675, 2.4471566483411684, -90, 0.804, 45, 0.326, -45, 0.42400000000000004, 90, 0.12, 

3.118849039077759, 0.5713368744725378, 0.23288361787425801, 1.9031122293841847, 2.270581616019957, 3, 0, -0.002921134900330302, 2.4343045675504595, -90, 0.43700000000000006, 45, 0.321, -45, 0.5630000000000001, 90, 0.109, 

3.2252941131591797, 0.5840204829583813, 0.25195907530831807, 1.9222506941455908, 2.2738917601770434, 3, 0, 0.0058376557979451515, 2.4246797479821156, -90, 0.406, 45, 0.9470000000000001, -45, 1.973, 90, 0.094, 

3.3054654598236084, 0.5931960301521924, 0.26524235378266425, 1.9627149954099465, 2.2579720387064968, 3, 0, 0.005833511698925653, 2.4179648039988724, -90, 0.406, 45, 1.046, -45, 1.092, 90, 0.091, 

3.3791089057922363, 0.6031651971863734, 0.27956831373065044, 1.9791357733312438, 2.256874872630951, 3, 0, -3.3306690738754696e-16, 2.408949201267348, -90, 0.559, 45, 0.992, -45, 1.036, 90, 0.08200000000000002, 

3.451397657394409, 0.6123370451515979, 0.2931184724312748, 1.9611348059355669, 2.280262658626104, 3, 0, -0.002917602042720957, 2.401665550451136, -90, 0.728, 45, 0.937, -45, 0.9010000000000001, 90, 0.07200000000000001, 

3.5233070850372314, 0.6216089208966789, 0.30712674861776756, 1.9430795625127413, 2.3036511013001775, 3, 0, -5.551115123125783e-16, 2.394241873225653, -90, 0.278, 45, 0.937, -45, 0.899, 90, 0.059000000000000004, 

3.5941162109375, 0.630941317990199, 0.3213563899711963, 1.9423132346279033, 2.3151601031897164, 3, 0, -0.002918189649756542, 2.3864093426296344, -90, 0.6890000000000001, 45, 0.9530000000000001, -45, 0.5740000000000001, 90, 0.05800000000000001, 

3.6714119911193848, 0.6403898842814929, 0.33577074219188857, 1.9417339157784697, 2.3270031442883363, 3, 0, 0.002918753147825859, 2.3787607629754604, -90, 0.338, 45, 0.9530000000000001, -45, 0.757, 90, 0.05800000000000001, 

3.7485995292663574, 0.6512747237561551, 0.3521124584887892, 1.9646749507121588, 2.3239572379328988, 3, 0, 3.3306690738754696e-16, 2.369217590342658, -90, 0.338, 45, 0.794, -45, 1.045, 90, 0.8270000000000001, 

3.8353335857391357, 0.6610282553840975, 0.36684843733432054, 3.0, 0.0, 3, 0, -1.1416853709420247, 2.367565542511166, -90, 0.527, 45, 0.8430000000000001, -45, 1.045, 90, 0.8270000000000001, 

3.9052793979644775, 0.6693636999077279, 0.3791199955131165, 3.0, 0.0, 3, 0, -1.1240955695847852, 2.3612703221583207, -90, 0.35300000000000004, 45, 0.67, -45, 1.045, 90, 2.0540000000000003, 

3.9719583988189697, 0.6786600484309715, 0.39039638740264504, 3.0, 0.0, 3, 0, -1.0218293304156199, 2.3539389350719224, -90, 0.21700000000000003, 45, 0.763, -45, 1.045, 90, 1.362, 

4.038969993591309, 0.6896989310284307, 0.40061663618853394, 3.0, 0.0, 3, 0, -0.8785555199672318, 2.3447781810828485, -90, 0.542, 45, 0.597, -45, 0.7730000000000001, 90, 1.381, 

4.109674453735352, 0.7023074637690327, 0.4092183878764141, 1.0624604870874794, 2.715680894373129, 3, 0, 0.8544834247419175, 2.334412023204243, -90, 1.155, 45, 0.7460000000000001, -45, 0.7560000000000001, 90, 1.381, 

4.190675735473633, 0.7164305399736014, 0.4165782664109725, 3.0, 0.0, 3, 0, -0.6516789330509556, 2.321255464357861, -90, 1.3070000000000002, 45, 2.4210000000000003, -45, 0.757, 90, 0.11800000000000001, 

4.264106035232544, 0.7269062462728035, 0.42196718565454716, 2.7735149836570803, 1.4950455742827393, 3, 0, 0.01749283638003002, 2.3108666236021804, -90, 0.8270000000000001, 45, 0.902, -45, 0.757, 90, 0.154, 

4.337205171585083, 0.7390767567479022, 0.42735041818034647, 2.8373838348827687, 1.3689779895301815, 3, 0, 0.011666432165462759, 2.2999032756351014, -90, 0.8270000000000001, 45, 0.452, -45, 0.506, 90, 1.6030000000000002, 

4.408589839935303, 0.7516281853560538, 0.4329511782599093, 1.5747607484414838, 2.5702152812334385, 3, 0, 0.7784742111193645, 2.290293662889289, -90, 1.6110000000000002, 45, 2.0, -45, 0.7140000000000001, 90, 1.6030000000000002, 

4.474054336547852, 0.7653220722498104, 0.4397070820936055, 3.0, 0.0, 3, 0, -0.6713400116443655, 2.277526675764118, -90, 1.65, 45, 0.7730000000000001, -45, 0.718, 90, 2.108, 

4.540978670120239, 0.7783628250464595, 0.447226637901533, 3.0, 0.0, 3, 0, -0.7251576952035512, 2.266204625091092, -90, 0.29, 45, 0.355, -45, 0.667, 90, 0.8910000000000001, 

4.614692687988281, 0.7909378221802977, 0.4537777805287414, 3.0, 0.0, 3, 0, -0.6622016187935184, 2.2551873491076337, -90, 0.29, 45, 0.6579999999999999, -45, 0.7360000000000001, 90, 0.8, 

4.681248188018799, 0.8033866131347898, 0.45847013902302136, 3.0, 0.0, 3, 0, -0.5344665619347148, 2.2439485822387373, -90, 0.466, 45, 0.792, -45, 0.4690000000000001, 90, 0.8780000000000001, 

4.752133846282959, 0.8183276199302891, 0.4616005753378539, 3.0, 0.0, 3, 0, -0.38013004406463924, 2.2299707318956616, -90, 0.466, 45, 0.772, -45, 0.616, 90, 0.326, 

4.823633193969727, 0.8331274315380385, 0.4625540958446958, 3.0, 0.0, 3, 0, -0.24230738802683158, 2.2156924469645247, -90, 0.338, 45, 2.55, -45, 0.616, 90, 0.326, 

4.891822576522827, 0.8492337413365516, 0.46148699589389414, 3.0, 0.0, 3, 0, -0.12118847957620063, 2.1997194700198337, -90, 0.338, 45, 0.982, -45, 0.68, 90, 0.191, 

4.963141441345215, 0.8697239036598379, 0.45720756090828674, 3.0155419987547503, 0.07950840157952782, 3, 0, 0.06720552714240546, 2.178805166184992, -90, 0.126, 45, 0.9930000000000001, -45, 0.68, 90, 0.191, 

5.052017450332642, 0.8863195952506122, 0.4518052852099133, 3.0, 0.0, 3, 0, 0.11230207042254348, 2.1614284325799793, -90, 0.6140000000000001, 45, 0.34800000000000003, -45, 1.045, 90, 0.198, 

5.140843868255615, 0.9010853299586247, 0.4479262974689613, 3.0, 0.0, 3, 0, 0.013729410328394837, 2.146178175287212, -90, 0.6140000000000001, 45, 0.87, -45, 1.111, 90, 0.326, 

5.215856552124023, 0.9164358932552034, 0.4458855244539111, 3.020850575164795, 0.11218846548757866, 3, 0, -0.04672313749631847, 2.13070760091558, -90, 0.6140000000000001, 45, 0.794, -45, 1.111, 90, 0.326, 

5.310853958129883, 0.9351224636055581, 0.44420670710105786, 3.0396951019167386, 0.26634643385415113, 3, 0, 0.014590981970642819, 2.112074872424637, -90, 0.445, 45, 1.4880000000000002, -45, 1.111, 90, 0.205, 

5.387956619262695, 0.9524070225361049, 0.44178777440597344, 3.028388478661122, 0.1624260154293023, 3, 0, 0.011679154372140926, 2.094693772023368, -90, 0.37200000000000005, 45, 0.6030000000000001, -45, 1.111, 90, 0.213, 

5.464395523071289, 0.9683830022000149, 0.43946367255272006, 3.024127531253571, 0.13216706986262416, 3, 0, -0.008756871887942663, 2.0785852810886785, -90, 0.534, 45, 0.71, -45, 1.111, 90, 0.21100000000000002, 

5.5356762409210205, 0.9841728813794584, 0.43738489552214316, 3.029234602585476, 0.16814741220499269, 3, 0, -2.498001805406602e-16, 2.0627084781822838, -90, 0.345, 45, 0.925, -45, 1.006, 90, 0.20400000000000001, 

5.614109992980957, 1.0027688996820465, 0.4348931570031669, 3.029296927901459, 0.16813920692148143, 3, 0, 0.005838876549670607, 2.0440091778274976, -90, 0.5780000000000001, 45, 2.55, -45, 0.385, 90, 0.21700000000000003, 

5.685638904571533, 1.0205119565970047, 0.43260844661519454, 3.0293450650620857, 0.16808934327979747, 3, 0, -0.005842820898557144, 2.0261739347091705, -90, 0.34700000000000003, 45, 1.305, -45, 0.385, 90, 0.21700000000000003, 

5.76118540763855, 1.0374080360687161, 0.43058374091550616, 3.032367691524721, 0.19152199929593164, 3, 0, -9.71445146547012e-16, 2.009232326836129, -90, 0.094, 45, 2.55, -45, 0.47100000000000003, 90, 0.326, 

5.838685989379883, 1.0536400223304265, 0.4285216502509267, 3.0310191106388853, 0.17991035239752118, 3, 0, 0.002919390355886814, 1.9929464710071734, -90, 0.3990000000000001, 45, 1.957, -45, 0.7360000000000001, 90, 0.326, 

5.911383628845215, 1.0724580975168865, 0.4260442036528418, 3.029597276814745, 0.1683819425721313, 3, 0, 1.1102230246251565e-16, 1.9740272561258925, -90, 0.5780000000000001, 45, 0.544, -45, 0.7360000000000001, 90, 0.565, 

5.99997353553772, 1.089775035304703, 0.4238668002819445, 2.633636177452691, 1.6294885296112103, 3, 0, 0.7880758155977001, 1.9588340870184433, -90, 0.35700000000000004, 45, 0.6890000000000001, -45, 0.7360000000000001, 90, 0.5720000000000001, 

6.073853969573975, 1.1060417188164968, 0.4221086072836128, 3.0, 0.0, 3, 0, -0.12620299744756286, 1.9404261509283163, -90, 0.33, 45, 0.6890000000000001, -45, 0.972, 90, 0.536, 

6.141619443893433, 1.120205183650907, 0.421407638371681, 3.0, 0.0, 3, 0, -0.17108040931839227, 1.9264508686314628, -90, 0.365, 45, 0.8430000000000001, -45, 0.455, 90, 0.5980000000000001, 

6.226927280426025, 1.137101092917034, 0.4194162026951685, 3.0, 0.0, 3, 0, -0.07309631158433272, 1.9095293370603512, -90, 0.257, 45, 1.9420000000000002, -45, 0.455, 90, 0.5980000000000001, 

6.297302484512329, 1.151013145687897, 0.4157318344254166, 3.0, 0.0, 3, 0, 0.07263204548622285, 1.8951478426691908, -90, 0.38400000000000006, 45, 1.4980000000000002, -45, 0.7260000000000001, 90, 0.21700000000000003, 

6.370857000350952, 1.164347499643308, 0.4103019768110352, 3.0, 0.0, 3, 0, 0.18443089158692, 1.880948647422576, -90, 0.47100000000000003, 45, 0.754, -45, 0.523, 90, 0.233, 

6.440708875656128, 1.1736307729108917, 0.4064917476541358, 3.0, 0.0, 3, 0, 0.15624715209094348, 1.8710585492092386, -90, 0.48300000000000004, 45, 2.55, -45, 1.106, 90, 0.21200000000000002, 

6.513187885284424, 1.1836586891403968, 0.4034915687176904, 3.0, 0.0, 3, 0, 0.040294924606384425, 1.860618500273886, -90, 0.728, 45, 1.9340000000000002, -45, 0.5730000000000001, 90, 0.326, 

6.589736461639404, 1.199178692885457, 0.40109318104524666, 3.016017963024016, 0.08039719038063647, 3, 0, -0.043813764095469165, 1.8449257036384872, -90, 0.425, 45, 0.7560000000000001, -45, 0.662, 90, 0.35700000000000004, 

6.6657514572143555, 1.214399115959722, 0.39984438149843704, 3.037645323178284, 0.24563565350726257, 3, 0, -0.0058385740312568435, 1.8297560121299035, -90, 0.392, 45, 0.672, -45, 0.365, 90, 0.35700000000000004, 

6.738585948944092, 1.2300220265660755, 0.3982176619990367, 3.035863635577866, 0.22445729657881994, 3, 0, 0.017520452693131128, 1.8141820695369193, -90, 0.42, 45, 0.796, -45, 0.8170000000000001, 90, 0.35700000000000004, 

6.811322450637817, 1.2449323135771837, 0.3961465103255074, 3.0, 0.0, 3, 0, -0.08236930826265088, 1.7992205650138102, -90, 0.364, 45, 1.406, -45, 1.2590000000000001, 90, 0.8330000000000001, 

6.88059663772583, 1.2602478164584, 0.3938332111483015, 3.0, 0.0, 3, 0, -0.06263254247600872, 1.7837719188116927, -90, 0.364, 45, 1.246, -45, 1.25, 90, 1.7790000000000001, 

6.94561767578125, 1.2745105848929117, 0.39064979244707937, 3.0, 0.0, 3, 0, 0.021700070395240467, 1.7691582693432342, -90, 0.34, 45, 0.622, -45, 0.644, 90, 2.55, 

7.020109415054321, 1.289648048183645, 0.38570264232442714, 2.960267454404934, -0.14626342912271761, 3, 0, 0.02043058095211142, 1.7532704017390135, -90, 0.42700000000000005, 45, 2.55, -45, 2.55, 90, 2.55, 

7.085742473602295, 1.3038849615911847, 0.38081256109157285, 2.9458134260731406, -0.18995501803525816, 3, 0, -0.008758407776258081, 1.7383051262245004, -90, 0.42900000000000005, 45, 2.55, -45, 2.55, 90, 2.55, 

7.152804374694824, 1.31808587072832, 0.37652200423453214, 2.9648072290681315, -0.13227007963457021, 3, 0, -0.01459779884229101, 1.7235314376652309, -90, 0.43900000000000006, 45, 0.554, -45, 1.295, 90, 2.55, 

7.229599714279175, 1.335106102265297, 0.3717689477514732, 2.9776134743101075, -0.08890858147733205, 3, 0, -0.0029204146018727006, 1.7058881127312853, -90, 0.44800000000000006, 45, 0.554, -45, 2.55, 90, 2.1830000000000003, 

7.308840036392212, 1.3543355588687611, 0.36601732594718356, 2.9707781369153228, -0.11273918224394863, 3, 0, 0.005849384844523908, 1.6858512396582268, -90, 0.38400000000000006, 45, 2.4330000000000003, -45, 2.55, 90, 1.2670000000000001, 

7.412590265274048, 1.3751424350220578, 0.35945694309569415, 2.9622413562225596, -0.1409534245899643, 3, 0, 1.2212453270876722e-15, 1.6641194433582862, -90, 0.44800000000000006, 45, 2.55, -45, 1.246, 90, 1.589, 

7.4814159870147705, 1.3905395233754971, 0.35460225978559207, 2.9622990730360486, -0.14097162263135726, 3, 0, -1.1657341758564144e-15, 1.648035665537293, -90, 0.345, 45, 1.037, -45, 0.765, 90, 1.05, 

7.551480770111084, 1.405112124765492, 0.35003481828158445, 2.963789863652071, -0.13641490845365328, 3, 0, 0.0029201533314333616, 1.6328225961020277, -90, 0.546, 45, 0.9930000000000001, -45, 0.48300000000000004, 90, 0.48300000000000004, 

7.619657278060913, 1.4207442653947464, 0.3452011770274996, 2.1676880894621644, -1.09089208501918, 3, 0, -0.7944749658200141, 1.618730655053005, -90, 0.49, 45, 0.9930000000000001, -45, 1.8760000000000003, 90, 0.48300000000000004, 

7.69000768661499, 1.4369211740648575, 0.3399263012376266, 3.0, 0.0, 3, 0, 0.1174745631751567, 1.5996141117031561, -90, 0.462, 45, 2.1590000000000003, -45, 1.615, 90, 0.37200000000000005, 

7.76101541519165, 1.452568613288902, 0.33381444883177874, 2.0793336714635506, -1.1224330974772014, 3, 0, -0.7949349625483723, 1.5853994305157284, -90, 0.59, 45, 2.136, -45, 2.036, 90, 2.0260000000000002, 

7.8474626541137695, 1.4669401708873362, 0.32864981270617966, 2.9448669220372357, -0.1946360980521573, 3, 0, 0.011680862168520378, 1.5678315043915527, -90, 0.649, 45, 1.147, -45, 0.885, 90, 0.9940000000000001, 

7.9227564334869385, 1.4790229649355369, 0.32361473178795086, 2.9156093572216863, -0.2714086116655025, 3, 0, 0.005835721866712884, 1.5549383401782404, -90, 0.69, 45, 1.173, -45, 0.885, 90, 0.9940000000000001, 

7.989475727081299, 1.4931230949021923, 0.317748851189106, 2.074357535728342, -1.110537977746032, 3, 0, -0.7916180192771547, 1.5420235863669787, -90, 0.345, 45, 0.6960000000000001, -45, 0.41600000000000004, 90, 0.9940000000000001, 

8.062705516815186, 1.5083816796719767, 0.3112636955543828, 2.916069304568429, -0.2716547673820366, 3, 0, 0.023371013545997188, 1.523607030608212, -90, 0.43300000000000005, 45, 0.8230000000000001, -45, 0.364, 90, 0.41100000000000003, 

8.132016897201538, 1.5233590571948958, 0.30365655691185195, 1.9937155923895924, -1.1303407163052162, 3, 0, -0.7767933469128123, 1.509166475175733, -90, 0.491, 45, 0.677, -45, 0.9390000000000001, 90, 0.9540000000000001, 

8.215982913970947, 1.5403744522662424, 0.294311109239713, 2.856900404231297, -0.40043182681871164, 3, 0, 0.040939156045990355, 1.4885927345652918, -90, 0.68, 45, 1.474, -45, 0.982, 90, 1.5430000000000001, 

8.295425653457642, 1.553103173461888, 0.28587321500997775, 2.784961215466163, -0.5242664822272908, 3, 0, 0.008764093290922093, 1.4743814176427683, -90, 0.7020000000000001, 45, 1.14, -45, 0.982, 90, 1.973, 

8.36451005935669, 1.5649565261509533, 0.2780892953891798, 2.7834951473475824, -0.5285054671160294, 3, 0, -0.008761822562194266, 1.4613115623468587, -90, 0.35300000000000004, 45, 1.06, -45, 0.9640000000000001, 90, 0.35300000000000004, 

8.433070659637451, 1.5770216594629705, 0.2706377171552012, 2.8073069985774457, -0.4932016206438699, 3, 0, -0.005840552358228113, 1.4481203505266207, -90, 0.35300000000000004, 45, 0.8560000000000001, -45, 2.55, 90, 0.645, 

8.49897813796997, 1.5902720754713602, 0.26261535411971715, 2.8147452364992454, -0.48289663632473473, 3, 0, -0.005844325112381976, 1.4335698971358424, -90, 0.35300000000000004, 45, 2.55, -45, 0.9760000000000001, 90, 0.8390000000000001, 

8.565457344055176, 1.6046086340064696, 0.2538596716871012, 2.815603416913789, -0.48337452383302626, 3, 0, 0.002925444138379918, 1.4177526664665299, -90, 0.425, 45, 2.55, -45, 2.55, 90, 2.55, 

8.640904903411865, 1.6193967194010268, 0.24458986553131337, 3.0, 0.0, 3, 0, 0.38607199526133196, 1.402101858183375, -90, 0.705, 45, 0.435, -45, 0.792, 90, 0.34700000000000003, 

8.721267938613892, 1.6335250406591972, 0.23591341102625776, 2.8090815607192816, -0.498807730239577, 3, 0, -0.020455099329247273, 1.3862713613426292, -90, 0.28800000000000003, 45, 1.5930000000000002, -45, 0.9860000000000001, 90, 1.8010000000000002, 

8.791357278823853, 1.6460718749328387, 0.22930538958215826, 3.0, 0.0, 3, 0, 0.309285634472111, 1.3732087712869097, -90, 0.374, 45, 1.107, -45, 2.137, 90, 0.9760000000000001, 

8.853285789489746, 1.6593532802137694, 0.22269770524413882, 2.869967363221231, -0.3943005092221885, 3, 0, -0.023375666964666197, 1.3587763813926972, -90, 0.374, 45, 0.9330000000000002, -45, 1.1560000000000001, 90, 1.066, 

8.921768426895142, 1.6728521783480095, 0.21709116668379208, 2.9120894818955287, -0.30476191043445, 3, 0, -0.011688387199814076, 1.3446336782192778, -90, 0.765, 45, 1.082, -45, 1.5410000000000001, 90, 0.7560000000000001, 

8.994428634643555, 1.687662277753497, 0.2106653924162918, 3.0, 0.0, 3, 0, 0.2568012550304777, 1.3291388959747772, -90, 0.336, 45, 1.015, -45, 0.8910000000000001, 90, 0.8170000000000001, 

9.074054956436157, 1.7038100274659411, 0.20348845375781838, 2.8990836519860395, -0.3371610121800184, 3, 0, -0.017540364000913244, 1.3118616095047073, -90, 0.6410000000000001, 45, 0.8180000000000001, -45, 0.66, 90, 1.044, 

9.142723798751831, 1.717057579146729, 0.19842970549541916, 2.9275374614612457, -0.2703452771368001, 3, 0, -0.011686371865369583, 1.2980799396916984, -90, 0.8140000000000001, 45, 0.8180000000000001, -45, 1.633, 90, 2.323, 

9.210983753204346, 1.7303234773396496, 0.193418975607416, 2.9332138594126924, -0.2562724955552541, 3, 0, 0.008763708941697035, 1.2841992409748098, -90, 0.68, 45, 2.55, -45, 1.633, 90, 1.1480000000000001, 

9.281284093856812, 1.7465266581108936, 0.1869326977136964, 2.9241377763028833, -0.2808530985488088, 3, 0, 0.005853824197586732, 1.2671193696232153, -90, 0.504, 45, 1.7930000000000001, -45, 1.633, 90, 1.242, 

9.361085414886475, 1.7651493014434916, 0.1794463063383148, 2.9204421316195543, -0.29133682667217775, 3, 0, -0.008801424169620597, 1.247532878037045, -90, 0.326, 45, 1.16, -45, 1.5420000000000003, 90, 1.242, 

9.457970380783081, 1.7842648433483577, 0.1720194878072137, 2.9290803542078105, -0.2712339496683789, 3, 0, 0.0029280090933108682, 1.2276303041788759, -90, 0.326, 45, 0.931, -45, 0.644, 90, 0.361, 

9.528088569641113, 1.7986534282194293, 0.16628346571674482, 2.925600301160374, -0.2814040767745172, 3, 0, 0.0029240591660281146, 1.212614279205568, -90, 0.364, 45, 0.9860000000000001, -45, 0.644, 90, 0.41, 

9.594080924987793, 1.8128533175056523, 0.160663379474667, 2.92599546358764, -0.2815808678415916, 3, 0, -0.0029253068554609962, 1.197775192458225, -90, 0.385, 45, 1.7, -45, 1.236, 90, 1.037, 

9.66400694847107, 1.8264596110669533, 0.15532213405249834, 2.9277006329982487, -0.2784866568090615, 3, 0, -0.002923358790640318, 1.1836054475259281, -90, 0.618, 45, 0.6679999999999999, -45, 0.321, 90, 1.5730000000000002, 

9.732814073562622, 1.8430957947447957, 0.1487437300868367, 2.3038248089441398, -0.9251332020426408, 3, 0, -0.7873596932917767, 1.1685387840739039, -90, 0.5780000000000001, 45, 0.326, -45, 0.9780000000000001, 90, 0.8690000000000001, 

9.824085235595703, 1.8620978387268556, 0.14047726553398857, 3.0, 0.0, 3, 0, 0.3105920723981151, 1.1465405316699449, -90, 0.28200000000000003, 45, 0.8420000000000001, -45, 0.649, 90, 0.9980000000000001, 

9.895131349563599, 1.8747870408499567, 0.13367207897820205, 2.8749338428736753, -0.39805719059720046, 3, 0, 0.008772027322456466, 1.1327089836853341, -90, 0.812, 45, 2.136, -45, 0.43300000000000005, 90, 0.9980000000000001, 

9.968940019607544, 1.8868745625560772, 0.12760220719065063, 3.0, 0.0, 3, 0, 0.3425585339084706, 1.1204153527887102, -90, 1.5430000000000001, 45, 1.5490000000000002, -45, 0.43300000000000005, 90, 0.326, 

10.037857294082642, 1.8984560821767302, 0.12251037167384389, 3.0, 0.0, 3, 0, 0.28193729846586435, 1.1083355963159813, -90, 2.55, 45, 1.5490000000000002, -45, 1.6270000000000002, 90, 0.9760000000000001, 

10.107104539871216, 1.9096096414237131, 0.11872223288081353, 3.0, 0.0, 3, 0, 0.19697935566388075, 1.0968345830873174, -90, 2.55, 45, 1.5490000000000002, -45, 1.6270000000000002, 90, 0.9760000000000001, 

10.165254592895508, 1.922146336219947, 0.11581357443774704, 3.0, 0.0, 3, 0, 0.09658407882326464, 1.0840577957600468, -90, 2.55, 45, 1.016, -45, 0.9630000000000001, 90, 1.4680000000000002, 

10.237859725952148, 1.9390880409223281, 0.11424727699759002, 3.0, 0.0, 3, 0, -0.043278995712163676, 1.0670457465429435, -90, 0.902, 45, 2.4810000000000003, -45, 0.9630000000000001, 90, 1.2610000000000001, 

10.300842761993408, 1.9532670090088864, 0.11441035854633157, 3.0, 0.0, 3, 0, -0.13505008780601524, 1.0529670861769151, -90, 0.9620000000000001, 45, 0.8330000000000001, -45, 0.845, 90, 2.051, 

10.368978023529053, 1.965916888739161, 0.11469399815654788, 3.0, 0.0, 3, 0, -0.11918887309767849, 1.0404242376108082, -90, 1.19, 45, 0.96, -45, 1.36, 90, 1.6260000000000003, 

10.433119297027588, 1.9774540376449237, 0.11396103448430488, 3.0, 0.0, 3, 0, -0.017906083337901085, 1.0288767479680947, -90, 1.19, 45, 1.7, -45, 0.8340000000000001, 90, 0.9940000000000001, 

10.49462080001831, 1.9888183459858935, 0.11183671986191207, 3.0, 0.0, 3, 0, 0.0963782850463076, 1.0173474280324182, -90, 1.19, 45, 2.55, -45, 1.05, 90, 2.192, 

10.55516505241394, 1.9998068466397982, 0.10901653179727491, 3.0, 0.0, 3, 0, 0.14450583446449997, 1.0061167666994375, -90, 1.2590000000000001, 45, 1.244, -45, 1.915, 90, 2.192, 

10.63045358657837, 2.011735864105478, 0.10638427581074272, 3.0, 0.0, 3, 0, 0.08766042608188193, 0.9939736497690078, -90, 0.925, 45, 0.8260000000000001, -45, 1.274, 90, 0.8270000000000001, 

10.692164659500122, 2.022572662740496, 0.10516234089732411, 3.0, 0.0, 3, 0, -0.0228210835786877, 0.9830683178524313, -90, 0.509, 45, 1.393, -45, 1.21, 90, 1.5770000000000002, 

10.757121086120605, 2.0356613113226296, 0.10508809612814862, 3.0, 0.0, 3, 0, -0.11727258462281719, 0.9700477382210781, -90, 0.509, 45, 2.55, -45, 2.318, 90, 1.5470000000000002, 

10.827141284942627, 2.0494039682827085, 0.10528862408555362, 3.0, 0.0, 3, 0, -0.11612877417135055, 0.956409174923835, -90, 0.46, 45, 1.8920000000000001, -45, 1.862, 90, 0.7340000000000001, 

10.895473003387451, 2.0631113805450463, 0.1043600152505219, 3.004920926325803, 0.06356985273231953, 3, 0, 0.058527507785624294, 0.9426924513763842, -90, 0.43900000000000006, 45, 1.6170000000000002, -45, 1.862, 90, 0.49200000000000005, 

10.973122596740723, 2.076612998322369, 0.10179374852576527, 2.991011042926922, -0.06203823723669069, 3, 0, 0.026333630294319815, 0.9289589353332575, -90, 0.114, 45, 0.9540000000000001, -45, 2.091, 90, 1.2820000000000003, 

11.051714658737183, 2.089464895685574, 0.09931110754802046, 2.9875092936398304, -0.08077245349720122, 3, 0, -0.017553061438455475, 0.9159223928127048, -90, 1.3030000000000002, 45, 0.9540000000000001, -45, 2.091, 90, 2.181, 

11.123090982437134, 2.1026201588945215, 0.09730012379642214, 2.6330349727758935, -0.6351412347178826, 3, 0, -0.7956769343692389, 0.9043286009228565, -90, 1.3030000000000002, 45, 0.7140000000000001, -45, 0.41100000000000003, 90, 0.47300000000000003, 

11.188938617706299, 2.116854062882146, 0.09512857904317094, 3.0, 0.0, 3, 0, 0.052686651211759056, 0.8882545765705602, -90, 1.3030000000000002, 45, 1.42, -45, 1.497, 90, 0.42, 

11.253880500793457, 2.1309851857246542, 0.092364311605823, 3.0, 0.0, 3, 0, 0.08900640520715344, 0.8739095568126207, -90, 1.3030000000000002, 45, 1.016, -45, 1.6560000000000001, 90, 0.33, 

11.320115804672241, 2.1434719320865834, 0.0903255691443859, 3.0, 0.0, 3, 0, 0.03746808370433852, 0.8612775624412538, -90, 1.3030000000000002, 45, 0.8630000000000001, -45, 0.8610000000000001, 90, 0.33, 

11.385412216186523, 2.158711837384844, 0.08942650453478093, 3.0016884927344702, 0.01775627557541677, 3, 0, -0.05281874467174742, 0.8460178858532071, -90, 1.73, 45, 1.254, -45, 1.246, 90, 0.33, 

11.47931456565857, 2.177908835594208, 0.08967463363834355, 3.0047569597490833, 0.09927113081586858, 3, 0, -0.0029388131743131873, 0.8269038113205878, -90, 1.73, 45, 1.105, -45, 0.9780000000000001, 90, 1.709, 

11.568131685256958, 2.1931742967026318, 0.0892526753295733, 3.0, 0.0, 3, 0, -0.07235858471883552, 0.8117473471190276, -90, 0.8180000000000001, 45, 1.105, -45, 1.6870000000000003, 90, 1.709, 

11.628414869308472, 2.2064447903587614, 0.08826109950815321, 3.0, 0.0, 3, 0, -0.023500669718490297, 0.7984484281624821, -90, 0.546, 45, 2.1, -45, 0.653, 90, 2.112, 

11.6907958984375, 2.2210998903080523, 0.08596758914562727, 2.9968007042456097, -0.025161608215772624, 3, 0, 0.032238189021725844, 0.7836207317635094, -90, 1.06, 45, 0.643, -45, 0.8180000000000001, 90, 0.8270000000000001, 

11.763096332550049, 2.237332157163699, 0.08258673536887251, 2.9881216468026572, -0.07473737152552187, 3, 0, -0.0029345284068837685, 0.7670956474667592, -90, 0.43900000000000006, 45, 1.6540000000000001, -45, 1.74, 90, 1.7020000000000002, 

11.839038610458374, 2.2538743361466094, 0.0796641028449754, 2.992043775408158, -0.05502123314169302, 3, 0, -0.014667041012051463, 0.7503560893266281, -90, 0.456, 45, 0.865, -45, 0.8860000000000001, 90, 1.162, 

11.90958833694458, 2.2676713623018703, 0.07751999045647077, 3.0, 0.0, 3, 0, 0.0487093796851152, 0.7364201127842517, -90, 0.9410000000000001, 45, 0.551, -45, 1.535, 90, 1.162, 

11.971811771392822, 2.2832073648943583, 0.0752058181527863, 3.0, 0.0, 3, 0, 0.032180018579043665, 0.7207271306296993, -90, 0.9410000000000001, 45, 0.48300000000000004, -45, 1.2690000000000001, 90, 1.162, 

12.044773817062378, 2.3008095766722327, 0.07366327260187921, 2.843038839826889, 0.5241938054731736, 3, 0, 0.7631051927082703, 0.704975414373107, -90, 0.9410000000000001, 45, 0.084, -45, 0.78, 90, 0.6970000000000001, 

12.118021726608276, 2.3169502763222165, 0.07355413238867518, 2.812057791260581, 0.5522704368257555, 3, 0, 0.7511146573324632, 0.6886949625794704, -90, 0.51, 45, 0.183, -45, 0.546, 90, 1.4180000000000001, 

12.185940742492676, 2.3351202338108306, 0.07582921507249456, 3.001671240410506, 0.13145294130729895, 3, 0, -0.0796402373659717, 0.6688678818117112, -90, 1.334, 45, 0.324, -45, 0.365, 90, 0.326, 

12.270048379898071, 2.3499333818960078, 0.07954085969118255, 2.687544675279385, 0.6422470370329398, 3, 0, 0.7744114232831403, 0.6562161438417756, -90, 1.334, 45, 0.591, -45, 0.365, 90, 0.38900000000000007, 

12.33701777458191, 2.3615225399234507, 0.0826494499203067, 3.0, 0.0, 3, 0, -0.39925789583005517, 0.6438046276611646, -90, 2.213, 45, 0.591, -45, 1.2970000000000002, 90, 2.124, 

12.409383296966553, 2.3740390025889138, 0.08648142550506273, 2.9772932439691733, 0.2728698263341357, 3, 0, 0.005870029668249788, 0.6313923627245516, -90, 0.35700000000000004, 45, 1.0390000000000001, -45, 1.0070000000000001, 90, 0.35300000000000004, 

12.48047685623169, 2.3856622341966207, 0.0894605227050849, 3.0, 0.0, 3, 0, -0.3889507440135878, 0.6208172642694102, -90, 0.5980000000000001, 45, 1.9320000000000002, -45, 1.237, 90, 2.128, 

12.548493146896362, 2.3999214442443146, 0.09266981287641322, 3.0, 0.0, 3, 0, -0.35974973488310596, 0.6071918702489179, -90, 0.7140000000000001, 45, 1.9320000000000002, -45, 0.518, 90, 0.326, 

12.621022462844849, 2.416586358241055, 0.09474159052287985, 3.0011392931596097, 0.18073526039180846, 3, 0, 0.052978270416137244, 0.5908443491981811, -90, 0.7140000000000001, 45, 0.537, -45, 0.43300000000000005, 90, 0.77, 

12.695316314697266, 2.433164379647796, 0.09499795736258569, 3.0, 0.0, 3, 0, -0.17186807558065695, 0.5747410133295967, -90, 0.7140000000000001, 45, 0.537, -45, 0.38300000000000006, 90, 2.137, 

12.768948078155518, 2.447344806000338, 0.09498843851123141, 2.839611535636143, 0.49830199342523207, 3, 0, 0.8080091600269866, 0.5626144423639854, -90, 0.24700000000000003, 45, 1.93, -45, 1.246, 90, 2.137, 

12.838859558105469, 2.4602026705040223, 0.0943895738472468, 3.0, 0.0, 3, 0, -0.12656881151463883, 0.547987726671003, -90, 0.9780000000000001, 45, 1.098, -45, 1.709, 90, 1.6480000000000001, 

12.908027648925781, 2.4717602169279065, 0.09404122073352966, 3.0, 0.0, 3, 0, -0.14418400704299128, 0.5365454497217406, -90, 0.8560000000000001, 45, 1.098, -45, 0.945, 90, 0.7880000000000001, 

12.977452516555786, 2.4875766290989847, 0.09222066783458624, 3.006015652133253, 0.04416633350227981, 3, 0, 0.053017767872622176, 0.5206613483377152, -90, 0.8560000000000001, 45, 1.6570000000000003, -45, 0.705, 90, 2.1710000000000003, 

13.05202603340149, 2.502499263346764, 0.08898064633281794, 2.778214901311286, -0.3371033382563455, 3, 0, -0.7695751430769175, 0.507510270774456, -90, 0.534, 45, 1.395, -45, 1.111, 90, 1.3359999999999999, 

13.133272647857666, 2.515651349416126, 0.08582245752634138, 2.9946197862228154, -0.026143166937351733, 3, 0, 0.014705678367261388, 0.491881148773348, -90, 0.534, 45, 2.55, -45, 1.111, 90, 1.265, 

