0 0
8.034706115722656e-05 0
0.016002655029296875 0
0.02408003807067871 1
0.03212690353393555 2
0.0402829647064209 4
0.04814457893371582 8
0.05612039566040039 11
0.06568288803100586 15
0.0738074779510498 21
0.0820920467376709 26
0.09032654762268066 31
0.0986475944519043 36
0.10623955726623535 42
0.11562275886535645 48
0.1239473819732666 56
0.13214564323425293 62
0.14046740531921387 68
0.1490797996520996 74
0.15640544891357422 81
0.16590356826782227 90
0.1740565299987793 97
0.1824195384979248 104
0.19064831733703613 110
0.19927310943603516 118
0.20656275749206543 124
0.21592307090759277 134
0.22422003746032715 141
0.23233795166015625 152
0.2447221279144287 159
0.2531158924102783 166
0.26165080070495605 175
0.27059268951416016 182
0.2792229652404785 190
0.28653812408447266 197
0.2950878143310547 205
0.30330729484558105 212
0.3118472099304199 221
0.3213667869567871 229
0.3295326232910156 236
0.3368048667907715 244
0.3454098701477051 251
0.35344958305358887 258
0.36194276809692383 268
0.37137913703918457 275
0.37955451011657715 282
0.3871135711669922 290
0.395521879196167 298
0.40352797508239746 305
0.4119560718536377 314
0.4213078022003174 322
0.4295320510864258 329
0.4367954730987549 336
0.4455759525299072 344
0.45358705520629883 354
0.46194887161254883 361
0.47125697135925293 368
0.47950124740600586 376
0.4871339797973633 383
0.4954516887664795 391
0.5034773349761963 398
0.5118155479431152 408
0.5211689472198486 415
0.5294685363769531 423
0.5367639064788818 430
0.5454955101013184 438
0.55354905128479 445
0.5619096755981445 454
0.5713939666748047 462
0.5796306133270264 470
0.5871908664703369 477
0.5955376625061035 484
0.6036336421966553 494
0.6121063232421875 501
0.6203427314758301 509
0.6297280788421631 516
0.6373255252838135 530
0.6499242782592773 535
0.6576073169708252 544
0.6661412715911865 552
0.6756658554077148 560
0.6836898326873779 569
0.6920554637908936 576
0.7002856731414795 584
0.7087490558624268 591
0.7163145542144775 600
0.7259106636047363 606
0.7340819835662842 611
0.7422938346862793 615
0.7506248950958252 618
0.7592287063598633 621
0.7665078639984131 623
0.7759180068969727 624
0.7842979431152344 624
0.7923784255981445 624
0.8006002902984619 623
0.8092074394226074 622
0.8165295124053955 619
0.8259372711181641 616
0.8342804908752441 612
0.8425099849700928 608
0.8507571220397949 604
0.8594353199005127 600
0.8667285442352295 594
0.8765099048614502 586
0.8860599994659424 581
0.8943548202514648 575
0.9101808071136475 564
0.9217686653137207 558
0.935234785079956 555
0.943387508392334 554
0.9517636299133301 552
0.9624228477478027 553
0.9705915451049805 554
0.9804120063781738 556
0.9912586212158203 559
0.9995205402374268 564
1.00992751121521 567
1.01761794090271 574
1.0298216342926025 578
1.037381649017334 589
1.0530695915222168 594
1.0616390705108643 600
1.0725243091583252 604
1.085900068283081 607
1.096390724182129 608
1.104727029800415 608
1.112776279449463 606
1.125887393951416 604
1.135080337524414 601
1.1444199085235596 597
1.1551084518432617 593
1.1631581783294678 588
1.1722826957702637 582
1.1824898719787598 576
1.1934692859649658 568
1.2042925357818604 565
1.2124483585357666 562
1.2219152450561523 559
1.231999158859253 558
1.2413897514343262 557
1.254262924194336 558
1.2651727199554443 560
1.2733268737792969 562
1.2833318710327148 569
1.2996516227722168 576
1.3123443126678467 581
1.3205816745758057 587
1.3326385021209717 594
1.3422157764434814 599
1.357226848602295 602
1.3657565116882324 603
1.3756451606750488 604
1.3894073963165283 602
1.3998684883117676 600
1.4100100994110107 597
1.4201271533966064 594
1.4294629096984863 589
1.4398088455200195 579
1.456620454788208 572
1.467536449432373 567
1.4759674072265625 563
1.4854164123535156 560
1.4934821128845215 558
1.5019853115081787 556
1.5101847648620605 556
1.5181100368499756 556
1.526068925857544 557
1.534301996231079 558
1.5434715747833252 560
1.5518333911895752 564
1.5600168704986572 566
1.5677268505096436 571
1.5760703086853027 576
1.5843541622161865 580
1.5935618877410889 587
1.6019504070281982 591
1.6101441383361816 594
1.6182162761688232 598
1.626270055770874 600
1.6344671249389648 602
1.643664836883545 603
1.6519691944122314 603
1.6601622104644775 603
1.6677429676055908 602
1.6760592460632324 600
1.6844148635864258 598
1.6935129165649414 594
1.7018964290618896 590
1.7101001739501953 585
1.7200334072113037 582
1.7276115417480469 576
1.7359929084777832 572
1.7454934120178223 568
1.753511905670166 565
1.7618601322174072 562
1.770096778869629 561
1.7776563167572021 560
1.785917043685913 560
1.795323371887207 561
1.8033862113952637 563
1.8117263317108154 566
1.81990385055542 568
1.8274881839752197 571
1.8357751369476318 578
1.8494725227355957 582
1.8571107387542725 587
1.8657817840576172 592
1.8745827674865723 597
1.8840069770812988 600
1.893251895904541 602
1.9016368389129639 603
1.919877290725708 602
1.9331169128417969 600
1.9424216747283936 598
1.9506986141204834 594
1.9616456031799316 590
1.969876766204834 584
1.9801020622253418 580
1.9887430667877197 573
2.001417398452759 568
2.0119197368621826 564
2.020109176635742 562
2.0294346809387207 559
2.038182020187378 558
2.049196243286133 558
2.0616040229797363 560
2.069828748703003 561
2.079960584640503 565
2.089844226837158 569
2.1014957427978516 573
2.1096701622009277 581
2.1220624446868896 586
2.130284547805786 591
2.141322374343872 596
2.1503264904022217 598
2.159715414047241 600
2.169182777404785 601
2.1804637908935547 601
2.189091205596924 600
2.2000348567962646 598
2.2076351642608643 594
2.219043016433716 592
2.226496696472168 588
2.235046625137329 578
2.2532224655151367 572
2.2631282806396484 566
2.2736892700195312 562
2.282202959060669 558
2.2995080947875977 556
2.3103208541870117 555
2.3214333057403564 556
2.330387830734253 558
2.3438656330108643 562
2.353180170059204 566
2.3626632690429688 572
2.3761074542999268 578
2.389265298843384 584
2.3968241214752197 592
2.4101548194885254 595
2.4195079803466797 600
2.431445598602295 602
2.439700126647949 603
2.4505326747894287 603
2.459247589111328 602
2.466794013977051 601
2.475417375564575 599
2.4834001064300537 597
2.491752862930298 593
2.4999589920043945 589
2.509517192840576 585
2.516812324523926 580
2.5255565643310547 576
2.5335636138916016 570
2.5419445037841797 566
2.5501081943511963 564
2.5595290660858154 561
2.566757917404175 560
2.5753519535064697 559
2.5834434032440186 559
2.591794967651367 560
2.599985361099243 561
2.609480381011963 563
2.616781711578369 566
2.6253976821899414 569
2.63335919380188 573
2.641840696334839 580
2.655531167984009 585
2.6636595726013184 591
2.6721434593200684 594
2.680396795272827 598
2.688730478286743 600
2.6962497234344482 601
2.7057626247406006 602
2.715745210647583 601
2.7239878177642822 600
2.73215913772583 598
2.7404139041900635 596
2.748753786087036 593
2.7573304176330566 590
2.7657713890075684 586
2.7739737033843994 580
2.782275676727295 576
2.790437698364258 572
2.798819065093994 568
2.8074796199798584 565
2.8157765865325928 562
2.82407808303833 561
2.8322861194610596 561
2.8405332565307617 561
2.8491411209106445 562
2.8575284481048584 563
2.865882396697998 566
2.8744373321533203 569
2.8838751316070557 573
2.8921146392822266 577
2.9003167152404785 582
2.910430669784546 587
2.919194459915161 592
2.926466226577759 595
2.93477725982666 598
2.943127393722534 600
2.9515388011932373 602
2.9604477882385254 602
2.9690589904785156 602
2.976541519165039 602
2.985032558441162 600
2.9931159019470215 598
3.00165057182312 594
3.010509729385376 591
3.0190975666046143 587
3.0264170169830322 583
3.034777879714966 578
3.043134927749634 571
3.055460214614868 565
3.065032720565796 561
3.073185920715332 558
3.0815749168395996 556
3.089710235595703 554
3.097308874130249 553
3.1055941581726074 552
3.1145660877227783 553
3.1227493286132812 554
3.1313724517822266 556
3.1395139694213867 559
3.1471638679504395 562
3.1554601192474365 567
3.164445400238037 571
3.172680377960205 575
3.1813910007476807 580
3.1896069049835205 586
3.1972241401672363 590
3.205582857131958 595
3.2146308422088623 598
3.2227096557617188 601
3.231428623199463 602
3.2396013736724854 604
3.2472896575927734 604
3.2555832862854004 603
3.2647626399993896 602
3.2727859020233154 600
3.2813944816589355 598
3.295206069946289 592
3.303478479385376 588
3.311852216720581 582
3.3213486671447754 578
3.329556703567505 573
3.3371639251708984 568
3.3455734252929688 564
3.3535869121551514 560
3.3620688915252686 558
3.371577739715576 556
3.3798410892486572 555
3.3874447345733643 555
3.395789384841919 556
3.4039363861083984 557
3.412142753601074 559
3.4216983318328857 562
3.429912567138672 565
3.4376749992370605 570
3.445981502532959 576
3.4613382816314697 583
3.4704113006591797 588
3.479151487350464 593
3.4867615699768066 597
3.4953999519348145 600
3.5034101009368896 603
3.511765956878662 605
3.521242618560791 606
3.5295159816741943 606
3.5368080139160156 606
3.545576333999634 604
3.5535471439361572 602
3.562077522277832 600
3.571455955505371 597
3.5796971321105957 593
3.5872857570648193 589
3.595620632171631 585
3.6039958000183105 579
3.612189531326294 574
3.621511697769165 569
3.629699945449829 566
3.63726544380188 562
3.645576000213623 560
3.6535496711730957 558
3.662018299102783 557
3.671412944793701 556
3.679647207260132 557
3.687211513519287 558
3.695714235305786 560
3.7038416862487793 563
3.712123394012451 566
3.7215588092803955 570
3.729867935180664 574
3.737459421157837 578
3.745758533477783 583
3.7537147998809814 589
3.7621243000030518 594
3.7703397274017334 598
3.779672622680664 601
3.7873265743255615 604
3.7956936359405518 605
3.8036892414093018 606
3.8120508193969727 606
3.820263385772705 606
3.829874038696289 605
3.837495803833008 602
3.8459391593933105 598
3.8594017028808594 595
3.8668181896209717 590
3.876366138458252 586
3.884812831878662 580
3.8944010734558105 575
3.9035732746124268 569
3.9120049476623535 565
3.9202687740325928 562
3.9295361042022705 560
3.9371187686920166 558
3.9454610347747803 557
3.953636884689331 557
3.9621903896331787 557
3.9704086780548096 559
3.979853391647339 560
3.9874191284179688 562
3.9957239627838135 565
4.003697156906128 570
4.0120391845703125 574
4.020294427871704 578
4.02981972694397 583
4.037410259246826 588
4.045748710632324 594
4.054043292999268 598
4.062276124954224 601
4.070453643798828 604
4.079866886138916 605
4.087601661682129 606
4.095916509628296 606
4.104046106338501 606
4.112245559692383 604
4.12042760848999 602
4.1298534870147705 596
4.146647930145264 592
4.155210494995117 588
4.163244962692261 584
4.171649694442749 578
4.179866790771484 573
4.18930459022522 568
4.196556568145752 564
4.205195665359497 560
4.2134411334991455 558
4.221807956695557 556
4.230027675628662 555
4.239315509796143 554
4.2465972900390625 555
4.259494781494141 556
4.267271280288696 558
4.2757391929626465 561
4.285189151763916 564
4.293280601501465 568
4.301641225814819 572
4.309860706329346 576
4.317443609237671 582
4.325901031494141 587
4.334110975265503 592
4.34351921081543 596
4.351984024047852 600
4.360190391540527 601
4.3681440353393555 604
4.37612771987915 604
4.384494304656982 604
4.3936767578125 604
4.402031898498535 603
4.410271644592285 601
4.418242454528809 599
4.4261696338653564 596
4.434410572052002 593
4.443983316421509 588
4.452144145965576 584
4.460332155227661 579
4.468696355819702 574
4.47640061378479 570
4.484734296798706 565
4.494020462036133 562
4.5023534297943115 560
4.511595249176025 558
4.519846439361572 557
4.527442455291748 557
4.535764694213867 558
4.54478120803833 559
4.552785158157349 561
4.561558485031128 564
4.569860219955444 567
4.577456712722778 570
4.58578085899353 576
4.595140695571899 580
4.6033570766448975 585
4.611748695373535 590
4.619998216629028 593
4.627711296081543 597
4.636078357696533 599
4.645571231842041 601
4.657525539398193 602
4.665970325469971 601
4.6743083000183105 600
4.682636499404907 598
4.692090272903442 595
4.7003560066223145 592
4.708730697631836 588
4.7162861824035645 584
4.724499225616455 580
4.7327494621276855 575
4.742290019989014 570
4.750583648681641 566
4.759193181991577 564
4.76650333404541 562
4.77503228187561 560
4.783168315887451 560
4.791593551635742 560
4.800613641738892 560
4.809351444244385 561
4.816681385040283 563
4.825235843658447 566
4.833320140838623 569
4.841705083847046 573
4.8507726192474365 577
4.859424352645874 582
4.867178440093994 586
4.87558126449585 591
4.8835883140563965 596
4.892327785491943 599
4.903670310974121 602
4.912044048309326 603
4.9202587604522705 603
4.928802490234375 603
4.936362028121948 602
4.945803642272949 601
4.954016208648682 598
4.962213516235352 596
4.970410108566284 593
4.9787373542785645 589
4.986414909362793 585
4.995089530944824 580
5.004083871841431 574
5.012312173843384 570
5.020586252212524 566
5.0292322635650635 563
5.036530494689941 561
5.045143127441406 558
5.0590386390686035 558
5.066462755203247 558
5.075053691864014 559
5.083202362060547 560
5.0916361808776855 563
5.1007080078125 566
5.10947585105896 569
5.116743087768555 573
5.125572681427002 578
5.133558034896851 583
5.142023324966431 588
5.151453256607056 594
5.159848928451538 596
5.167537450790405 600
5.175912380218506 602
5.184098243713379 604
5.1923298835754395 605
5.201653957366943 605
5.2098634243011475 604
5.217442512512207 602
5.225901126861572 601
5.2340333461761475 598
5.242249965667725 595
5.251788377761841 591
5.260077953338623 588
5.267666339874268 582
5.276011228561401 577
5.284412860870361 572
5.292569398880005 566
5.303482294082642 562
5.311825513839722 559
5.32004976272583 557
5.327608346939087 554
5.342594861984253 554
5.354284286499023 555
5.362556219100952 556
5.370769023895264 558
5.379411697387695 560
5.3871660232543945 564
5.395581483840942 568
5.405040740966797 572
5.413116455078125 577
5.421552419662476 582
5.429806232452393 587
5.437422513961792 592
5.4457619190216064 598
5.457472324371338 601
5.4674553871154785 604
5.475902318954468 605
5.4842448234558105 606
5.492349624633789 606
5.5005621910095215 605
5.509943008422852 604
5.51767373085022 601
5.526111602783203 599
5.534320831298828 596
5.542416095733643 592
5.5506346225738525 587
5.560049057006836 584
5.567630290985107 578
5.575943231582642 572
5.5844762325286865 568
5.592567443847656 564
5.6011435985565186 560
5.610234022140503 558
5.618243932723999 556
5.62615704536438 554
5.634361743927002 554
5.642616510391235 554
5.651259660720825 556
5.660307884216309 557
5.668679237365723 560
5.676290512084961 562
5.68452525138855 566
5.69264817237854 570
5.701368808746338 576
5.710376501083374 580
5.718764781951904 585
5.7263023853302 590
5.734556198120117 594
5.742625951766968 597
5.751275062561035 600
5.760242223739624 602
5.769043684005737 602
5.776486873626709 602
5.785052299499512 602
5.793128252029419 600
5.801527976989746 599
5.81045126914978 596
5.819103717803955 593
5.826534748077393 589
5.8350670337677 585
5.843167066574097 581
5.851603746414185 572
5.865639925003052 568
5.874391555786133 562
5.884072542190552 559
5.892282009124756 557
5.9005022048950195 555
5.910008668899536 554
5.9195075035095215 554
5.926775932312012 555
5.935410499572754 556
5.943529367446899 558
5.951942682266235 561
5.960163354873657 564
5.969602823257446 568
5.977189064025879 572
5.985564708709717 576
5.993549823760986 581
6.0020482540130615 587
6.010303258895874 592
6.019798755645752 596
6.027402400970459 599
6.035888195037842 602
6.044062852859497 604
6.052278280258179 604
6.060447454452515 604
6.070013523101807 604
6.0776262283325195 603
6.0859153270721436 601
6.094074010848999 599
6.102296829223633 596
6.110519170761108 592
6.120014905929565 589
6.127739429473877 584
6.136104583740234 579
6.144452810287476 574
6.152548789978027 570
6.160755634307861 565
6.1703200340271 562
6.1787025928497314 560
6.186395645141602 558
6.194733619689941 557
6.202757120132446 557
6.211373329162598 557
6.220316171646118 558
6.228648900985718 560
6.236214876174927 562
6.244555711746216 565
6.252620458602905 570
6.265093088150024 576
6.274395227432251 580
6.282592296600342 585
6.291290283203125 590
6.299548625946045 594
6.30722975730896 596
6.315568923950195 599
6.324762582778931 601
6.333065509796143 602
6.341532945632935 602
6.349766969680786 601
6.357351541519165 599
6.365816116333008 597
6.375084638595581 594
6.383138656616211 591
6.391543388366699 587
6.3997581005096436 583
6.407363176345825 579
6.41568922996521 573
6.425044775009155 568
6.4331512451171875 564
6.44154167175293 561
6.449717283248901 559
6.457290887832642 557
6.471927642822266 556
6.480181932449341 556
6.4882471561431885 556
6.496165037155151 558
6.504410743713379 560
6.512524604797363 563
6.520754337310791 567
6.530203819274902 570
6.538170099258423 575
6.546194791793823 580
6.554563999176025 584
6.5626540184021 589
6.5713536739349365 594
6.580404043197632 597
6.588745832443237 599
6.596334457397461 600
6.604806423187256 601
6.613270282745361 602
6.621678352355957 600
6.630600690841675 599
6.639225006103516 597
6.6464927196502686 594
6.655054569244385 590
6.667730808258057 585
6.6772613525390625 580
6.685811758041382 574
6.694028377532959 570
6.702281713485718 567
6.710455417633057 564
6.719045639038086 562
6.727626800537109 560
6.73595929145813 559
6.74409294128418 559
6.752277374267578 560
6.760450601577759 561
6.769056797027588 563
6.777405738830566 566
6.785829544067383 570
6.794020175933838 573
6.802264213562012 577
6.810457229614258 582
6.819180488586426 586
6.8275861740112305 592
6.83595871925354 596
6.844315767288208 598
6.852442026138306 600
6.860666751861572 602
6.8693578243255615 602
6.878173112869263 602
6.886125564575195 602
6.8943493366241455 599
6.905503034591675 597
6.913534879684448 594
6.921951532363892 590
6.931313514709473 586
6.939528703689575 582
6.94727635383606 577
6.955617904663086 572
6.963884115219116 566
6.972156524658203 562
6.981492757797241 559
6.989706039428711 557
6.997292757034302 555
7.005592346191406 554
7.014537334442139 554
7.022745370864868 554
7.032149076461792 556
7.040319919586182 558
7.048659324645996 560
7.056246757507324 565
7.069154739379883 569
7.076675891876221 574
7.086343765258789 579
7.095021486282349 584
7.103128671646118 589
7.111564636230469 593
7.119821310043335 597
7.1274354457855225 600
7.136471271514893 602
7.1452062129974365 603
7.153286933898926 604
7.161683797836304 603
7.169874429702759 602
7.177496910095215 600
7.186605215072632 598
7.195110082626343 596
7.20334529876709 592
7.211734294891357 588
7.2199866771698 585
7.227658748626709 579
7.236772775650024 574
7.2454023361206055 570
7.253462076187134 566
7.2619709968566895 562
7.270214319229126 560
7.278162956237793 558
7.28717303276062 557
7.295527696609497 556
7.303506851196289 557
7.3118672370910645 558
7.320098161697388 560
7.328183889389038 562
7.337300062179565 566
7.345589876174927 569
7.353659152984619 574
7.3620100021362305 578
7.370249509811401 582
7.378645420074463 588
7.387484073638916 593
7.395798444747925 597
7.403977155685425 601
7.412166595458984 603
7.420418739318848 605
7.4287331104278564 606
7.437387466430664 606
7.44583535194397 605
7.454051971435547 604
7.466094255447388 602
7.474469900131226 599
7.482701778411865 595
7.492272615432739 591
7.50046706199646 587
7.5091657638549805 582
7.516514778137207 578
7.525039196014404 572
7.533141851425171 567
7.54223895072937 563
7.550463676452637 560
7.559056282043457 557
7.566488981246948 555
7.575039386749268 554
7.583134651184082 554
7.592393398284912 554
7.600598096847534 555
7.60916543006897 557
7.6164891719818115 559
7.625142335891724 562
7.633162021636963 567
7.642311096191406 571
7.650551795959473 575
7.659131050109863 580
7.666422605514526 585
7.674792289733887 590
7.683173656463623 594
7.692336320877075 598
7.700568437576294 600
7.709125280380249 602
7.716455936431885 602
7.725079536437988 603
7.733175754547119 602
7.742497205734253 600
7.750750303268433 599
7.759391784667969 596
7.766675710678101 593
7.7752039432525635 590
7.783283710479736 584
7.79531717300415 579
7.803542613983154 574
7.812063694000244 568
7.820300102233887 565
7.828823804855347 562
7.8363425731658936 559
7.845843076705933 557
7.854199409484863 556
7.866241216659546 556
7.874549150466919 558
7.8827903270721436 559
7.891568183898926 562
7.900502920150757 566
7.909870386123657 569
7.9194300174713135 573
7.927435398101807 578
7.9357545375823975 582
7.945102691650391 588
7.95332145690918 593
7.961699485778809 598
7.969916343688965 601
7.977493762969971 604
7.985905885696411 606
7.9940714836120605 607
8.003395080566406 607
8.01172661781311 607
8.019884824752808 606
8.02749252319336 605
8.035788297653198 602
8.044059753417969 600
8.053344011306763 596
8.061731338500977 592
8.069982290267944 589
8.077588081359863 583
8.085918426513672 578
8.094049215316772 573
8.10355281829834 568
8.112024307250977 563
8.120241641998291 560
8.128210306167603 557
8.136155605316162 555
8.144479036331177 554
8.15367865562439 554
8.162139177322388 554
8.170349359512329 555
8.178653001785278 557
8.186255931854248 559
8.194451570510864 562
8.203595638275146 566
8.211981058120728 570
8.220199823379517 574
8.228249788284302 579
8.236250400543213 584
8.244575500488281 590
8.253689289093018 598
8.266113519668579 602
8.274446725845337 605
8.282772302627563 607
8.291471481323242 608
8.300524234771729 610
8.309159755706787 610
8.316519498825073 609
8.325048685073853 608
8.333172082901001 606
8.341662406921387 603
8.349852800369263 600
8.359286308288574 597
8.366745710372925 593
8.37551236152649 589
8.383509397506714 584
8.391884088516235 578
8.400124549865723 572
8.40953254699707 568
8.416810035705566 563
8.425393342971802 560
8.433419466018677 557
8.441764116287231 554
8.449982404708862 553
8.45951509475708 552
8.467244148254395 553
8.477097749710083 554
8.485437154769897 555
8.49346113204956 558
8.50200080871582 561
8.511313438415527 564
8.519520044326782 568
8.52719521522522 573
8.535562515258789 578
8.543547630310059 582
8.551928758621216 589
8.561374187469482 594
8.569607496261597 598
8.57715630531311 602
8.585609674453735 604
8.593636989593506 607
8.602028608322144 608
8.611510992050171 608
8.619730234146118 608
8.627285957336426 608
8.635755777359009 606
8.644017457962036 604
8.652217149734497 601
8.665403127670288 596
8.673548221588135 591
8.682061433792114 586
8.690313339233398 582
8.699064016342163 576
8.707653999328613 571
8.715912580490112 567
8.724064111709595 564
8.732297658920288 562
8.740515232086182 560
8.749096393585205 559
8.756415605545044 558
8.766010761260986 559
8.774285793304443 560
8.78238582611084 562
8.790575742721558 564
8.79916501045227 568
8.806451797485352 571
8.81588363647461 576
8.824244976043701 580
8.832390785217285 585
8.840622186660767 589
8.849222660064697 593
8.856495380401611 596
8.86589765548706 598
8.874063968658447 600
8.882381916046143 600
8.890602827072144 600
8.899405002593994 599
8.908395528793335 596
8.919142723083496 594
8.926479578018188 591
8.935025691986084 588
8.94324254989624 584
8.951598882675171 578
8.959874391555786 574
8.969283819198608 570
8.976592063903809 566
8.985115051269531 563
8.993294715881348 561
9.001762628555298 559
9.01000165939331 558
9.019284725189209 558
9.026710271835327 558
9.035330295562744 560
9.04328465461731 562
9.05164885520935 564
9.05988335609436 569
9.07271957397461 573
9.081439018249512 577
9.089691162109375 582
9.097349643707275 587
9.10571813583374 592
9.114807844161987 596
9.123266458511353 599
9.13167691230774 603
9.144019365310669 604
9.152378559112549 604
9.160589694976807 604
9.169971704483032 603
9.178229093551636 600
9.18630313873291 598
9.19449758529663 595
9.20260739326477 592
9.21128511428833 587
9.220333099365234 582
9.22874140739441 578
9.236278057098389 573
9.244610071182251 568
9.252745628356934 564
9.261356830596924 560
9.27034878730774 558
9.278707504272461 556
9.286399364471436 555
9.294721603393555 555
9.303060293197632 555
9.311480522155762 556
9.320517778396606 558
9.329107999801636 560
9.336451053619385 563
9.344735860824585 566
9.352766752243042 570
9.36146855354309 576
9.370415210723877 580
9.378783226013184 585
9.386390209197998 590
9.394728183746338 594
9.402742147445679 597
9.411478519439697 600
9.420467376708984 602
9.42920708656311 602
9.436529874801636 602
9.445064783096313 602
9.453178405761719 601
9.461585760116577 597
9.474422931671143 594
9.482763051986694 591
9.491524696350098 587
9.499752044677734 583
9.507340669631958 578
9.515672206878662 572
9.525759220123291 568
9.53388237953186 563
9.54230546951294 560
9.550559520721436 558
9.559150457382202 556
9.566459894180298 555
9.575936555862427 555
9.584107637405396 556
9.59230661392212 557
9.600523233413696 558
9.609260320663452 561
9.616544723510742 565
9.625972747802734 568
9.634280681610107 573
9.64238166809082 577
9.656179666519165 586
9.664610147476196 590
9.673706293106079 595
9.682167053222656 598
9.690409660339355 600
9.698793172836304 602
9.706355094909668 603
9.714714288711548 603
9.722825050354004 603
9.732303380966187 602
9.740556716918945 600
9.749171257019043 598
9.756452083587646 595
9.764738082885742 592
9.772770881652832 587
9.782408475875854 583
9.790607213973999 578
9.799262762069702 573
9.806711912155151 569
9.815351963043213 565
9.823325634002686 561
9.8324875831604 559
9.84070634841919 557
9.849488019943237 556
9.856752634048462 556
9.869441747665405 557
9.87876558303833 558
9.886430501937866 561
9.895981311798096 564
9.905759334564209 568
9.913862705230713 572
9.92212724685669 577
9.931763172149658 583
9.940000057220459 586
9.947601079940796 592
9.9559326171875 596
9.964339971542358 600
9.972500801086426 602
9.981941938400269 604
9.990182876586914 604
9.998125791549683 605
