0 0 0
8.0108642578125e-05 -13447 0
0.007473945617675781 -13447 0
0.014303207397460938 -13448 -2
0.021026611328125 -13448 -2
0.028313875198364258 -13448 -16
0.03457283973693848 -13449 -79
0.04116988182067871 -13450 -79
0.046857357025146484 -13451 -68
0.05312490463256836 -13452 -100
0.05901074409484863 -13452 -136
0.06489253044128418 -13454 -148
0.07199263572692871 -13455 -168
0.07845854759216309 -13456 -182
0.08466148376464844 -13458 -190
0.09124493598937988 -13459 -194
0.0969693660736084 -13460 -201
0.10327982902526855 -13461 -207
0.10957121849060059 -13462 -214
0.11522078514099121 -13464 -219
0.12160897254943848 -13466 -224
0.12837481498718262 -13467 -229
0.13479304313659668 -13469 -234
0.14135169982910156 -13470 -236
0.1470189094543457 -13472 -238
0.15325641632080078 -13473 -243
0.15961456298828125 -13474 -242
0.1652812957763672 -13476 -244
0.17161202430725098 -13478 -244
0.17832517623901367 -13480 -244
0.18456721305847168 -13481 -247
0.19133257865905762 -13482 -248
0.19701600074768066 -13484 -247
0.20345783233642578 -13486 -249
0.2100236415863037 -13487 -251
0.21549129486083984 -13489 -251
0.22230052947998047 -13490 -252
0.22904706001281738 -13492 -254
0.23489928245544434 -13494 -255
0.24142932891845703 -13495 -258
0.24716401100158691 -13497 -258
0.2535703182220459 -13498 -258
0.2629837989807129 -13501 -258
0.2706751823425293 -13503 -257
0.276228666305542 -13504 -259
0.28356409072875977 -13506 -257
0.2902228832244873 -13508 -257
0.29605603218078613 -13510 -257
0.30257177352905273 -13511 -259
0.30814647674560547 -13513 -257
0.3145902156829834 -13514 -257
0.32116198539733887 -13516 -259
0.3268764019012451 -13518 -258
0.334317684173584 -13520 -259
0.34089088439941406 -13521 -259
0.3464992046356201 -13522 -258
0.35282015800476074 -13524 -258
0.3584129810333252 -13526 -258
0.3646218776702881 -13527 -257
0.3713722229003906 -13529 -257
0.37706542015075684 -13531 -257
0.3842320442199707 -13532 -258
0.3907911777496338 -13534 -257
0.3963310718536377 -13536 -257
0.40271711349487305 -13537 -258
0.408294677734375 -13538 -261
0.41459226608276367 -13540 -261
0.42114806175231934 -13542 -261
0.4268524646759033 -13544 -261
0.4343259334564209 -13546 -263
0.4408895969390869 -13547 -260
0.4465153217315674 -13548 -261
0.45282506942749023 -13550 -261
0.4583930969238281 -13552 -259
0.4647948741912842 -13553 -259
0.4713857173919678 -13555 -258
0.4770629405975342 -13557 -259
0.48432230949401855 -13558 -257
0.4910545349121094 -13560 -257
0.4966704845428467 -13562 -258
0.50301194190979 -13563 -258
0.5085277557373047 -13564 -258
0.5147576332092285 -13566 -258
0.5212974548339844 -13568 -259
0.5270202159881592 -13570 -260
0.5343163013458252 -13571 -259
0.540900707244873 -13573 -259
0.546515941619873 -13574 -258
0.5529952049255371 -13576 -258
0.5585899353027344 -13578 -259
0.5648002624511719 -13579 -259
0.571366548538208 -13580 -260
0.5770373344421387 -13582 -259
0.5843234062194824 -13584 -259
0.5910604000091553 -13586 -261
0.5966489315032959 -13587 -260
0.6029708385467529 -13589 -261
0.6085093021392822 -13590 -262
0.6149101257324219 -13592 -259
0.6214921474456787 -13594 -262
0.627192497253418 -13595 -259
0.634530782699585 -13597 -257
0.6410448551177979 -13599 -258
0.6466591358184814 -13600 -258
0.6529929637908936 -13602 -257
0.6585631370544434 -13604 -256
0.6698887348175049 -13606 -256
0.675649881362915 -13608 -257
0.6825509071350098 -13610 -257
0.68992018699646 -13611 -257
0.6955182552337646 -13613 -258
0.7022969722747803 -13614 -258
0.7075815200805664 -13616 -260
0.7140569686889648 -13618 -261
0.720747709274292 -13620 -260
0.7263045310974121 -13621 -259
0.7328925132751465 -13623 -258
0.7410392761230469 -13625 -260
0.746619462966919 -13626 -258
0.7529470920562744 -13628 -258
0.7585101127624512 -13630 -260
0.7647240161895752 -13631 -259
0.7712645530700684 -13632 -260
0.7770090103149414 -13634 -259
0.78326416015625 -13636 -259
0.7910926342010498 -13638 -259
0.7967114448547363 -13639 -258
0.8030714988708496 -13641 -257
0.8086037635803223 -13642 -258
0.8148360252380371 -13644 -257
0.8213989734649658 -13646 -259
0.8270764350891113 -13647 -258
0.8333535194396973 -13649 -255
0.8409349918365479 -13650 -257
0.846566915512085 -13652 -257
0.8530852794647217 -13654 -258
0.8586089611053467 -13655 -259
0.8648240566253662 -13657 -257
0.8713865280151367 -13658 -259
0.8770852088928223 -13660 -261
0.8833513259887695 -13662 -260
0.8909268379211426 -13664 -262
0.896559476852417 -13665 -260
0.9029271602630615 -13667 -261
0.9084968566894531 -13668 -263
0.9150304794311523 -13670 -260
0.9214909076690674 -13671 -259
0.92718505859375 -13673 -259
0.9334893226623535 -13675 -259
0.941072940826416 -13676 -256
0.9466912746429443 -13678 -257
0.953040599822998 -13680 -256
0.9585649967193604 -13681 -257
0.9648308753967285 -13683 -259
0.9715912342071533 -13684 -258
0.9772777557373047 -13686 -258
0.9839601516723633 -13688 -257
0.9913456439971924 -13690 -257
0.9970393180847168 -13691 -258
1.0033071041107178 -13692 -257
1.00960111618042 -13694 -257
1.0152273178100586 -13696 -258
1.0216240882873535 -13697 -258
1.027282476425171 -13699 -260
1.033926248550415 -13700 -260
1.0412452220916748 -13702 -259
1.0469701290130615 -13704 -260
1.0532212257385254 -13706 -260
1.059521198272705 -13708 -259
1.0699517726898193 -13710 -260
1.0755736827850342 -13712 -262
1.0824487209320068 -13713 -262
1.0880208015441895 -13715 -259
1.0953681468963623 -13716 -258
1.1020338535308838 -13718 -258
1.1074049472808838 -13720 -256
1.114037275314331 -13721 -258
1.1205267906188965 -13723 -256
1.1259541511535645 -13725 -256
1.1324729919433594 -13726 -256
1.1380348205566406 -13728 -258
1.1452186107635498 -13729 -256
1.1520297527313232 -13731 -258
1.1574103832244873 -13732 -259
1.1639549732208252 -13734 -258
1.1703054904937744 -13736 -261
1.175957202911377 -13738 -259
1.1824359893798828 -13739 -259
1.1879708766937256 -13741 -260
1.1951301097869873 -13742 -260
1.2015650272369385 -13744 -259
1.2072350978851318 -13746 -260
1.2138826847076416 -13747 -258
1.2202396392822266 -13748 -258
1.2256381511688232 -13751 -260
1.2323713302612305 -13752 -259
1.237884521484375 -13754 -258
1.2452771663665771 -13755 -260
1.251631498336792 -13757 -260
1.2573683261871338 -13758 -259
1.2635939121246338 -13760 -260
1.2701845169067383 -13762 -259
1.276090145111084 -13764 -258
1.2825627326965332 -13765 -258
1.2880959510803223 -13767 -259
1.2953464984893799 -13768 -256
1.3019630908966064 -13770 -256
1.3073534965515137 -13771 -256
1.3135883808135986 -13773 -258
1.320176362991333 -13774 -258
1.3255853652954102 -13776 -257
1.3325026035308838 -13778 -258
1.3380439281463623 -13780 -257
1.3453571796417236 -13781 -261
1.3519957065582275 -13783 -262
1.357346773147583 -13784 -260
1.3636043071746826 -13786 -261
1.3701882362365723 -13788 -260
1.376007318496704 -13790 -259
1.3825111389160156 -13791 -260
1.3880863189697266 -13792 -257
1.3954944610595703 -13795 -257
1.4023311138153076 -13796 -259
1.4076032638549805 -13798 -258
1.414628028869629 -13799 -256
1.421208381652832 -13801 -258
1.4269020557403564 -13802 -259
1.433149814605713 -13804 -258
1.4390511512756348 -13806 -259
1.4462084770202637 -13808 -259
1.452829122543335 -13809 -257
1.4583625793457031 -13812 -258
1.468559980392456 -13813 -257
1.4750418663024902 -13815 -257
1.4819884300231934 -13816 -257
1.4873859882354736 -13818 -260
1.494016408920288 -13820 -260
1.501481294631958 -13822 -258
1.5071868896484375 -13823 -259
1.5136163234710693 -13825 -261
1.5202059745788574 -13826 -259
1.5256264209747314 -13828 -259
1.5323522090911865 -13830 -260
1.537883996963501 -13832 -261
1.544142246246338 -13833 -262
1.5514495372772217 -13834 -260
1.5571396350860596 -13836 -259
1.5634453296661377 -13838 -259
1.5699944496154785 -13839 -258
1.5755970478057861 -13841 -258
1.5823400020599365 -13842 -257
1.587646245956421 -13844 -256
1.5940971374511719 -13846 -257
1.6014182567596436 -13848 -258
1.607081651687622 -13849 -259
1.6133251190185547 -13850 -258
1.6199195384979248 -13852 -258
1.6256334781646729 -13854 -259
1.6325652599334717 -13856 -260
1.6381425857543945 -13857 -259
1.6443581581115723 -13859 -259
1.6519989967346191 -13860 -260
1.6573834419250488 -13862 -259
1.663609504699707 -13864 -262
1.6701900959014893 -13865 -260
1.675633192062378 -13867 -258
1.6955833435058594 -13872 -259
1.7030305862426758 -13874 -259
1.708573579788208 -13876 -260
1.7147941589355469 -13877 -260
1.7213506698608398 -13879 -260
1.7270658016204834 -13880 -259
1.733377456665039 -13882 -258
1.7408623695373535 -13884 -258
1.746464490890503 -13886 -259
1.753880262374878 -13887 -257
1.7602930068969727 -13889 -256
1.7662086486816406 -13890 -256
1.772594928741455 -13892 -256
1.7781643867492676 -13894 -258
1.7843973636627197 -13895 -257
1.7909622192382812 -13897 -257
1.7965621948242188 -13898 -260
1.8039488792419434 -13900 -262
1.8103129863739014 -13902 -262
1.8162448406219482 -13904 -259
1.822669267654419 -13905 -260
1.8282556533813477 -13907 -261
1.8346271514892578 -13908 -263
1.8412244319915771 -13910 -261
1.8469552993774414 -13911 -259
1.8542566299438477 -13914 -260
1.8608872890472412 -13916 -258
1.8712754249572754 -13918 -258
1.8770201206207275 -13919 -257
1.8834474086761475 -13921 -257
1.8900034427642822 -13922 -258
1.8959245681762695 -13924 -258
1.9024386405944824 -13926 -259
1.9095234870910645 -13927 -258
1.9151387214660645 -13929 -258
1.9215619564056396 -13930 -260
1.9272844791412354 -13932 -257
1.933969259262085 -13934 -258
1.940317153930664 -13935 -258
1.9460108280181885 -13937 -257
1.9524824619293213 -13939 -258
1.9598698616027832 -13940 -259
1.9652941226959229 -13942 -258
1.9716498851776123 -13944 -258
1.9773201942443848 -13945 -260
1.983569860458374 -13946 -260
1.9901788234710693 -13948 -260
1.9960360527038574 -13950 -261
2.0025415420532227 -13952 -261
2.0099129676818848 -13953 -262
2.015397310256958 -13955 -260
2.0223376750946045 -13956 -258
2.027872323989868 -13958 -258
2.0341145992279053 -13960 -257
2.0406336784362793 -13962 -256
2.0461907386779785 -13963 -257
2.0527968406677246 -13965 -257
2.0601725578308105 -13966 -256
2.0655970573425293 -13968 -258
2.0724360942840576 -13969 -257
2.0780203342437744 -13972 -257
2.0842978954315186 -13973 -259
2.0908701419830322 -13974 -258
2.096503257751465 -13976 -259
2.1028339862823486 -13978 -259
2.1102077960968018 -13980 -260
2.116018056869507 -13981 -260
2.122490167617798 -13982 -260
2.1280570030212402 -13984 -259
2.134340524673462 -13986 -259
2.1409215927124023 -13988 -257
2.1465516090393066 -13989 -259
2.1530420780181885 -13990 -260
2.160640239715576 -13993 -260
2.166193962097168 -13994 -258
2.1727917194366455 -13996 -260
2.1783323287963867 -13998 -259
2.184579849243164 -13999 -259
2.191164255142212 -14000 -260
2.196863889694214 -14002 -258
2.203136682510376 -14004 -258
2.2106690406799316 -14006 -258
2.2162387371063232 -14007 -256
2.222653865814209 -14009 -257
2.228178024291992 -14010 -256
2.2345974445343018 -14012 -257
2.2411556243896484 -14013 -256
2.246872901916504 -14015 -258
2.2531120777130127 -14016 -258
2.2605247497558594 -14019 -260
2.2708349227905273 -14021 -262
2.2764155864715576 -14023 -262
2.283090114593506 -14024 -258
2.2886321544647217 -14026 -262
2.2953786849975586 -14028 -259
2.302055597305298 -14029 -258
2.3074350357055664 -14031 -258
2.314718246459961 -14032 -259
2.32127046585083 -14034 -258
2.326998472213745 -14036 -257
2.333280563354492 -14037 -258
2.339597702026367 -14039 -257
2.3452305793762207 -14040 -258
2.3520524501800537 -14042 -259
2.3574798107147217 -14044 -257
2.3647820949554443 -14046 -259
2.3713583946228027 -14047 -259
2.3770737648010254 -14049 -258
2.383310556411743 -14050 -258
2.389894962310791 -14052 -258
2.3953452110290527 -14053 -257
2.4019765853881836 -14055 -256
2.4073708057403564 -14057 -259
2.4148221015930176 -14058 -258
2.421410322189331 -14060 -260
2.427069664001465 -14062 -258
2.4333174228668213 -14063 -258
2.439854860305786 -14065 -260
2.4453282356262207 -14066 -260
2.451979398727417 -14068 -262
2.4573590755462646 -14070 -260
2.464651107788086 -14072 -260
2.4713945388793945 -14073 -259
2.4770777225494385 -14074 -261
2.4833459854125977 -14076 -260
2.4898805618286133 -14078 -258
2.4953227043151855 -14079 -258
2.502025842666626 -14081 -256
2.507416009902954 -14082 -257
2.5147793292999268 -14084 -256
2.5213444232940674 -14086 -256
2.5270369052886963 -14088 -256
2.533466339111328 -14089 -257
2.540036678314209 -14090 -258
2.5456278324127197 -14093 -258
2.5523760318756104 -14094 -259
2.557907819747925 -14096 -260
2.565066337585449 -14098 -261
2.5715410709381104 -14099 -259
2.5772347450256348 -14100 -259
2.583491086959839 -14102 -260
2.5900895595550537 -14104 -259
2.5956437587738037 -14106 -258
2.602393627166748 -14107 -258
2.6079368591308594 -14109 -259
2.614839792251587 -14110 -261
2.62142276763916 -14112 -258
2.627098321914673 -14114 -260
2.6333811283111572 -14115 -260
2.6399552822113037 -14116 -259
2.64542555809021 -14118 -260
2.652359962463379 -14120 -259
2.6578867435455322 -14122 -259
2.6641764640808105 -14124 -258
2.6753990650177 -14126 -258
2.6823205947875977 -14128 -257
2.6876049041748047 -14130 -256
2.694213628768921 -14130 -256
2.7007899284362793 -14132 -256
2.706343173980713 -14134 -257
2.7129056453704834 -14136 -257
2.7202975749969482 -14137 -258
2.725971221923828 -14139 -259
2.7325053215026855 -14140 -260
2.7395198345184326 -14142 -261
2.7454097270965576 -14144 -259
2.7520837783813477 -14146 -262
2.75748348236084 -14148 -261
2.763983726501465 -14149 -262
2.771437168121338 -14151 -259
2.7771174907684326 -14152 -259
2.7833688259124756 -14154 -259
2.7899622917175293 -14156 -258
2.795415163040161 -14157 -259
2.8023576736450195 -14158 -258
2.8076462745666504 -14160 -257
2.814133405685425 -14162 -259
2.821424961090088 -14164 -259
2.827099084854126 -14165 -257
2.833523750305176 -14167 -257
2.8400936126708984 -14168 -258
2.8455371856689453 -14170 -258
2.85231614112854 -14172 -259
2.8576018810272217 -14174 -259
2.8640334606170654 -14175 -257
2.871405601501465 -14177 -258
2.8770925998687744 -14178 -259
2.8833632469177246 -14180 -259
2.889925479888916 -14181 -258
2.8955304622650146 -14184 -260
2.9023425579071045 -14184 -260
2.907604694366455 -14186 -259
2.9140820503234863 -14188 -260
2.9213855266571045 -14190 -260
2.927081346511841 -14191 -261
2.9335055351257324 -14193 -262
2.94006609916687 -14194 -261
2.9454851150512695 -14196 -259
2.952402114868164 -14198 -258
2.9579274654388428 -14200 -257
2.9641823768615723 -14200 -257
2.971389055252075 -14202 -257
2.9771013259887695 -14204 -255
2.983412742614746 -14206 -257
2.989978075027466 -14207 -257
2.9954171180725098 -14209 -258
